n 66
m 2
tmax 27.5
Vcpm 1.6
R 1.2
dmax 38.5
-0.500 0.000 0 0.0 0.0989 0.0911 0.0841 0.0809 0.0839 0.0938 0.1089 0.1321 0.0892 0.0782 0.0676 0.0615 0.0653 0.0804 0.1026 0.1319 0.0804 0.0663 0.0505 0.038 0.0413 0.064 0.0948 0.1307 0.0753 0.0595 0.0398 0.0162 0.0179 0.0525 0.0902 0.1304 0.0751 0.0606 0.0435 0.0262 0.0291 0.0584 0.0943 0.1333 0.0791 0.0683 0.0576 0.0512 0.0568 0.0769 0.1048 0.139 0.0855 0.0786 0.0737 0.0734 0.0807 0.0956 0.1165 0.1445 0.0921 0.0884 0.0873 0.0902 0.0977 0.1089 0.1247 0.1484 0.0154
-7.000 -7.000 35 0.0989 0.0 0.0134 0.0288 0.0455 0.0624 0.0786 0.0936 0.1096 0.0132 0.0207 0.0357 0.0539 0.0734 0.0934 0.1129 0.134 0.0279 0.0348 0.0485 0.0669 0.0887 0.1129 0.1376 0.1639 0.0429 0.0507 0.0642 0.0831 0.107 0.1352 0.1648 0.1956 0.0574 0.0663 0.0803 0.1001 0.1261 0.1575 0.1898 0.2233 0.0709 0.0806 0.0953 0.1158 0.1429 0.1751 0.208 0.2422 0.083 0.0931 0.1078 0.1283 0.1547 0.1857 0.2164 0.25 0.0929 0.1029 0.1172 0.1366 0.1608 0.1887 0.2166 0.2498 0.1079
-7.000 -5.000 35 0.0911 0.0134 0.0 0.0153 0.0319 0.0486 0.0647 0.0795 0.0955 0.0206 0.016 0.0242 0.0403 0.0589 0.0782 0.0972 0.118 0.0345 0.0342 0.0414 0.0559 0.0753 0.0978 0.1211 0.1466 0.0502 0.053 0.0612 0.0759 0.0967 0.1221 0.1494 0.1785 0.0658 0.0712 0.081 0.0971 0.1199 0.1481 0.1774 0.2085 0.0806 0.0879 0.0992 0.1169 0.1413 0.1704 0.1996 0.2314 0.0938 0.1024 0.1146 0.1331 0.1577 0.1855 0.2136 0.2443 0.1048 0.1139 0.1264 0.1444 0.1676 0.1928 0.2187 0.2486 0.1022
-7.000 -3.000 35 0.0841 0.0288 0.0153 0.0 0.0164 0.033 0.0489 0.0636 0.0797 0.0353 0.0241 0.018 0.0264 0.0427 0.061 0.0793 0.0999 0.0476 0.041 0.0393 0.0464 0.0613 0.081 0.1025 0.1269 0.0627 0.0603 0.0623 0.0706 0.0863 0.1079 0.1319 0.1589 0.0784 0.0796 0.085 0.0959 0.114 0.1378 0.163 0.191 0.0937 0.0976 0.106 0.1196 0.1401 0.1651 0.1898 0.2174 0.1076 0.1135 0.124 0.1393 0.1608 0.1852 0.2082 0.2359 0.1193 0.1264 0.138 0.1538 0.1746 0.1971 0.2183 0.2455 0.0974
-7.000 -1.000 35 0.0809 0.0455 0.0319 0.0164 0.0 0.0164 0.0323 0.0469 0.0631 0.0529 0.0398 0.0263 0.0191 0.0273 0.0432 0.0605 0.0808 0.0646 0.0547 0.0458 0.0429 0.0497 0.0645 0.0832 0.1062 0.0788 0.0731 0.0689 0.0702 0.0787 0.0943 0.1139 0.1383 0.0946 0.0924 0.0929 0.0988 0.1106 0.1282 0.1482 0.1724 0.11 0.1111 0.1156 0.126 0.141 0.16 0.1793 0.2025 0.1242 0.1279 0.1355 0.149 0.1657 0.1845 0.2026 0.2248 0.1363 0.1418 0.1513 0.1663 0.1829 0.2005 0.2173 0.2391 0.0963
-7.000 1.000 35 0.0839 0.0624 0.0486 0.033 0.0164 0.0 0.0157 0.0303 0.0468 0.0714 0.0577 0.0422 0.0272 0.0192 0.027 0.0421 0.0619 0.0836 0.072 0.0596 0.0489 0.0451 0.0513 0.065 0.0861 0.0981 0.0896 0.0818 0.0765 0.077 0.0843 0.0975 0.1186 0.1132 0.1092 0.1061 0.1065 0.1122 0.1215 0.1344 0.1547 0.1286 0.1283 0.13 0.1358 0.1461 0.1567 0.1689 0.1879 0.1431 0.1459 0.1514 0.161 0.1742 0.1846 0.1958 0.2141 0.1556 0.1607 0.1688 0.1802 0.1941 0.2035 0.214 0.2324 0.1006
-7.000 3.000 35 0.0938 0.0786 0.0647 0.0489 0.0323 0.0157 0.0 0.0147 0.0319 0.0898 0.0758 0.0597 0.0427 0.0269 0.0187 0.0262 0.0447 0.1032 0.091 0.0769 0.0626 0.0506 0.0455 0.0512 0.0688 0.1184 0.1093 0.0988 0.0896 0.0825 0.0804 0.0858 0.1025 0.134 0.1287 0.1241 0.1202 0.1187 0.1197 0.1248 0.1402 0.1498 0.1484 0.1489 0.1507 0.1537 0.157 0.1614 0.1757 0.1656 0.1668 0.1714 0.1772 0.1828 0.1866 0.1905 0.2045 0.1788 0.1825 0.1897 0.1974 0.2035 0.2068 0.211 0.2257 0.1105
-7.000 5.000 35 0.1089 0.0936 0.0795 0.0636 0.0469 0.0303 0.0147 0.0 0.0179 0.1074 0.0933 0.077 0.0594 0.0418 0.0262 0.0195 0.0307 0.1229 0.1103 0.0956 0.0797 0.0639 0.0509 0.0478 0.0578 0.1395 0.1299 0.119 0.1067 0.095 0.0852 0.0848 0.0939 0.1563 0.1505 0.1445 0.1384 0.131 0.1242 0.126 0.1336 0.1739 0.1712 0.1701 0.1693 0.1659 0.161 0.1648 0.1708 0.19 0.1914 0.1931 0.1957 0.1943 0.1901 0.1961 0.2015 0.204 0.2077 0.2114 0.2153 0.214 0.2099 0.2187 0.2247 0.126
-7.000 7.000 35 0.1321 0.1096 0.0955 0.0797 0.0631 0.0468 0.0319 0.0179 0.0 0.1266 0.1127 0.0965 0.079 0.0613 0.0445 0.0307 0.0214 0.1449 0.1325 0.1179 0.1016 0.0846 0.0687 0.0583 0.0504 0.1639 0.1545 0.1433 0.1307 0.1164 0.103 0.0956 0.0859 0.1829 0.1772 0.1707 0.163 0.1529 0.1419 0.1369 0.1239 0.2024 0.2004 0.1976 0.1941 0.1874 0.1785 0.1756 0.1589 0.22 0.2208 0.2219 0.2198 0.2148 0.2073 0.2068 0.1871 0.2356 0.2374 0.2395 0.2378 0.2329 0.227 0.2296 0.2078 0.1492
-5.000 -7.000 35 0.0892 0.0132 0.0206 0.0353 0.0529 0.0714 0.0898 0.1074 0.1266 0.0 0.0156 0.0343 0.0552 0.0777 0.1009 0.1241 0.1488 0.0145 0.023 0.0402 0.062 0.0872 0.115 0.1439 0.1747 0.0293 0.0368 0.0519 0.0731 0.0999 0.1316 0.1652 0.2004 0.0437 0.0516 0.0658 0.0865 0.1142 0.1479 0.1836 0.2208 0.0571 0.0655 0.0794 0.0998 0.1273 0.1606 0.1952 0.2319 0.069 0.0777 0.0913 0.1108 0.1366 0.1671 0.199 0.2338 0.0788 0.0874 0.1002 0.1182 0.1412 0.1682 0.1957 0.2283 0.096
-5.000 -5.000 25 0.0782 0.0207 0.016 0.0241 0.0398 0.0577 0.0758 0.0933 0.1127 0.0156 0.0 0.0186 0.0394 0.0617 0.0849 0.1079 0.1326 0.0229 0.018 0.0277 0.0473 0.0714 0.0985 0.1268 0.1571 0.0367 0.0366 0.045 0.0623 0.0868 0.1168 0.1489 0.183 0.0516 0.0546 0.0637 0.0806 0.1055 0.1368 0.1703 0.2057 0.0659 0.0711 0.0812 0.0986 0.1236 0.1544 0.1865 0.221 0.0788 0.0853 0.0962 0.1136 0.1377 0.1659 0.1949 0.2283 0.0895 0.0967 0.1077 0.1242 0.1462 0.1709 0.1972 0.2279 0.0874
-5.000 -3.000 25 0.0676 0.0357 0.0242 0.018 0.0263 0.0422 0.0597 0.077 0.0965 0.0343 0.0186 0.0 0.0207 0.0429 0.0659 0.0888 0.1136 0.0399 0.0276 0.0211 0.0318 0.0532 0.0791 0.1065 0.1363 0.0514 0.0447 0.0438 0.053 0.0727 0.0996 0.1296 0.1622 0.0652 0.0631 0.0662 0.0769 0.0969 0.1242 0.1545 0.1875 0.0794 0.0807 0.087 0.0996 0.1205 0.1475 0.1757 0.2072 0.0926 0.0962 0.1047 0.1187 0.1396 0.1647 0.1897 0.2193 0.1037 0.1088 0.1185 0.1326 0.1522 0.1745 0.1966 0.2253 0.0797
-5.000 -1.000 25 0.0615 0.0539 0.0403 0.0264 0.0191 0.0272 0.0427 0.0594 0.079 0.0552 0.0394 0.0207 0.0 0.0221 0.045 0.0677 0.0926 0.061 0.0467 0.0316 0.0237 0.0352 0.058 0.0839 0.1132 0.0712 0.0611 0.0524 0.0507 0.061 0.0821 0.1084 0.1391 0.0838 0.0783 0.0754 0.079 0.0912 0.112 0.1369 0.167 0.0977 0.0959 0.0977 0.1058 0.1203 0.1409 0.1639 0.1913 0.1107 0.112 0.1172 0.1285 0.1441 0.1634 0.1837 0.2089 0.1219 0.1253 0.1327 0.1454 0.1607 0.1779 0.1959 0.2196 0.0765
-5.000 1.000 25 0.0653 0.0734 0.0589 0.0427 0.0273 0.0192 0.0269 0.0418 0.0613 0.0777 0.0617 0.0429 0.0221 0.0 0.0228 0.0454 0.0705 0.0846 0.0697 0.0524 0.035 0.0258 0.0377 0.0603 0.0886 0.0946 0.083 0.0706 0.06 0.0576 0.0674 0.0872 0.1149 0.1071 0.0992 0.0927 0.0892 0.0925 0.1029 0.1202 0.1453 0.1202 0.1169 0.1154 0.1178 0.1259 0.1367 0.1517 0.1747 0.1331 0.1332 0.1359 0.1425 0.1534 0.1636 0.1764 0.1974 0.1444 0.1471 0.1526 0.1612 0.1728 0.1817 0.1931 0.213 0.0818
-5.000 3.000 25 0.0804 0.0934 0.0782 0.061 0.0432 0.027 0.0187 0.0262 0.0445 0.1009 0.0849 0.0659 0.045 0.0228 0.0 0.0227 0.0484 0.1098 0.0948 0.0769 0.0571 0.0375 0.0269 0.0385 0.0643 0.1209 0.1086 0.0945 0.0798 0.0667 0.0617 0.0699 0.0924 0.1338 0.1254 0.116 0.108 0.1017 0.1006 0.1071 0.1264 0.1472 0.1427 0.1394 0.1368 0.1358 0.1372 0.1424 0.1592 0.1603 0.1592 0.1602 0.1619 0.1639 0.1661 0.1704 0.1859 0.1723 0.1733 0.177 0.1809 0.1838 0.1857 0.19 0.2055 0.0962
-5.000 5.000 25 0.1026 0.1129 0.0972 0.0793 0.0605 0.0421 0.0262 0.0195 0.0307 0.1241 0.1079 0.0888 0.0677 0.0454 0.0227 0.0 0.0262 0.1357 0.1207 0.1026 0.0822 0.0599 0.0384 0.0285 0.043 0.1487 0.1363 0.1215 0.1046 0.0862 0.0698 0.0652 0.0759 0.1629 0.154 0.144 0.1318 0.119 0.1071 0.1059 0.1141 0.177 0.1717 0.1664 0.1603 0.1514 0.1425 0.144 0.1503 0.1911 0.1882 0.1864 0.1838 0.1777 0.1705 0.1746 0.1801 0.2025 0.2025 0.2019 0.2008 0.1956 0.1895 0.1965 0.2026 0.1179
-5.000 7.000 35 0.1319 0.134 0.118 0.0999 0.0808 0.0619 0.0447 0.0307 0.0214 0.1488 0.1326 0.1136 0.0926 0.0705 0.0484 0.0262 0.0 0.1641 0.1493 0.1314 0.1109 0.088 0.0643 0.0431 0.029 0.1798 0.1675 0.1526 0.1349 0.1141 0.0928 0.0767 0.0642 0.1959 0.1869 0.1761 0.1627 0.1452 0.1277 0.1159 0.1017 0.2113 0.2054 0.1985 0.189 0.1758 0.1611 0.1529 0.136 0.2257 0.2224 0.2171 0.2101 0.1993 0.1874 0.1828 0.1636 0.2366 0.2345 0.2312 0.224 0.2145 0.2054 0.2046 0.1837 0.1467
-3.000 -7.000 35 0.0804 0.0279 0.0345 0.0476 0.0646 0.0836 0.1032 0.1229 0.1449 0.0145 0.0229 0.0399 0.061 0.0846 0.1098 0.1357 0.1641 0.0 0.0165 0.0367 0.0605 0.0878 0.1184 0.1506 0.185 0.0147 0.0233 0.0412 0.0648 0.0939 0.1282 0.1648 0.2033 0.0289 0.0362 0.0512 0.0732 0.1023 0.1378 0.1756 0.2152 0.0422 0.0495 0.063 0.0833 0.111 0.1449 0.1805 0.2185 0.0541 0.0614 0.0739 0.0925 0.1175 0.1474 0.1786 0.2135 0.0638 0.0709 0.0823 0.0989 0.1204 0.1455 0.1725 0.2041 0.0846
-3.000 -5.000 25 0.0663 0.0348 0.0342 0.041 0.0547 0.072 0.091 0.1103 0.1325 0.023 0.018 0.0276 0.0467 0.0697 0.0948 0.1207 0.1493 0.0165 0.0 0.0202 0.044 0.0712 0.1018 0.1339 0.1682 0.0233 0.0184 0.0288 0.0503 0.0785 0.1122 0.1482 0.1863 0.0363 0.0362 0.045 0.0635 0.0907 0.1248 0.1614 0.2001 0.0499 0.0525 0.0615 0.0787 0.1042 0.1365 0.1706 0.2073 0.0624 0.0667 0.076 0.0922 0.1157 0.1439 0.1735 0.2072 0.0727 0.0779 0.0872 0.1021 0.1227 0.1464 0.1715 0.2027 0.0726
-3.000 -3.000 15 0.0505 0.0485 0.0414 0.0393 0.0458 0.0596 0.0769 0.0956 0.1179 0.0402 0.0277 0.0211 0.0316 0.0524 0.0769 0.1026 0.1314 0.0367 0.0202 0.0 0.0237 0.051 0.0815 0.1135 0.1478 0.0411 0.0288 0.0224 0.0347 0.0602 0.0927 0.1278 0.1653 0.0512 0.0449 0.0446 0.0554 0.078 0.1093 0.1439 0.1812 0.0635 0.0615 0.0651 0.0767 0.098 0.1266 0.1582 0.1929 0.0756 0.0765 0.0826 0.0949 0.1149 0.1404 0.1669 0.1983 0.0859 0.0887 0.0961 0.1084 0.1264 0.148 0.1703 0.1988 0.0602
-3.000 -1.000 15 0.038 0.0669 0.0559 0.0464 0.0429 0.0489 0.0626 0.0797 0.1016 0.062 0.0473 0.0318 0.0237 0.035 0.0571 0.0822 0.1109 0.0605 0.044 0.0237 0.0 0.0272 0.0577 0.0895 0.1238 0.0642 0.0499 0.0346 0.0268 0.0413 0.0702 0.1037 0.1403 0.0725 0.0628 0.0549 0.0547 0.0675 0.0928 0.1235 0.1587 0.0832 0.0781 0.0761 0.0811 0.0948 0.1172 0.1432 0.1754 0.0945 0.0929 0.095 0.1033 0.1174 0.1369 0.1592 0.1869 0.1044 0.1053 0.11 0.1198 0.1332 0.1498 0.1684 0.1933 0.0522
-3.000 1.000 15 0.0413 0.0887 0.0753 0.0613 0.0497 0.0451 0.0506 0.0639 0.0846 0.0872 0.0714 0.0532 0.0352 0.0258 0.0375 0.0599 0.088 0.0878 0.0712 0.051 0.0272 0.0 0.0303 0.0618 0.0961 0.0918 0.077 0.0595 0.0411 0.0314 0.047 0.0764 0.1116 0.0994 0.0882 0.0766 0.0669 0.0658 0.078 0.1015 0.1329 0.1093 0.1021 0.0965 0.0942 0.0986 0.1096 0.128 0.1546 0.1197 0.1164 0.1154 0.1179 0.1254 0.1351 0.1496 0.1731 0.129 0.1287 0.1308 0.1359 0.1442 0.1523 0.1643 0.1855 0.057
-3.000 3.000 15 0.064 0.1129 0.0978 0.081 0.0645 0.0513 0.0455 0.0509 0.0687 0.115 0.0985 0.0791 0.058 0.0377 0.0269 0.0384 0.0643 0.1184 0.1018 0.0815 0.0577 0.0303 0.0 0.0314 0.066 0.1237 0.1088 0.0906 0.0695 0.0469 0.0344 0.0493 0.081 0.1315 0.1197 0.1063 0.0916 0.0778 0.0725 0.0819 0.1071 0.1412 0.1331 0.1245 0.1167 0.1099 0.1083 0.1148 0.1349 0.151 0.1463 0.1426 0.1392 0.1365 0.1363 0.1413 0.1585 0.1597 0.1576 0.1568 0.1561 0.1553 0.1552 0.1598 0.1761 0.077
-3.000 5.000 25 0.0948 0.1376 0.1211 0.1025 0.0832 0.065 0.0512 0.0478 0.0583 0.1439 0.1268 0.1065 0.0839 0.0603 0.0385 0.0285 0.0431 0.1506 0.1339 0.1135 0.0895 0.0618 0.0314 0.0 0.0348 0.1579 0.143 0.1246 0.1024 0.0761 0.0493 0.0363 0.0532 0.1667 0.1546 0.1399 0.1222 0.1014 0.082 0.0762 0.0868 0.1764 0.1674 0.157 0.1437 0.1289 0.115 0.1134 0.1208 0.1854 0.1789 0.1719 0.1633 0.1518 0.1414 0.143 0.1493 0.1929 0.188 0.1831 0.1766 0.1674 0.1593 0.1643 0.1708 0.1058
-3.000 7.000 35 0.1307 0.1639 0.1466 0.1269 0.1062 0.0861 0.0688 0.0578 0.0504 0.1747 0.1571 0.1363 0.1132 0.0886 0.0643 0.043 0.029 0.185 0.1682 0.1478 0.1238 0.0961 0.066 0.0348 0.0 0.1949 0.18 0.1616 0.139 0.1116 0.0813 0.0533 0.0348 0.205 0.1926 0.1773 0.1578 0.1335 0.1077 0.0874 0.0715 0.2147 0.2048 0.1926 0.1767 0.156 0.1357 0.1217 0.105 0.2225 0.2144 0.2044 0.1912 0.1747 0.1586 0.15 0.1319 0.2278 0.2208 0.2115 0.1999 0.1862 0.1744 0.1707 0.1515 0.141
-1.000 -7.000 35 0.0753 0.0429 0.0502 0.0627 0.0788 0.0981 0.1184 0.1395 0.1639 0.0293 0.0367 0.0514 0.0712 0.0946 0.1209 0.1487 0.1798 0.0147 0.0233 0.0411 0.0642 0.0918 0.1237 0.1579 0.1949 0.0 0.0163 0.0364 0.0609 0.0909 0.1266 0.1651 0.2055 0.0142 0.0224 0.0395 0.0629 0.0928 0.1291 0.1677 0.2082 0.0274 0.0339 0.0478 0.0684 0.0962 0.1298 0.1653 0.2031 0.0392 0.0453 0.0571 0.0749 0.0992 0.1281 0.1584 0.1923 0.0488 0.0546 0.0648 0.0801 0.1002 0.1237 0.1486 0.1784 0.0762
-1.000 -5.000 25 0.0595 0.0507 0.053 0.0603 0.0731 0.0896 0.1093 0.1299 0.1545 0.0368 0.0366 0.0447 0.0611 0.083 0.1086 0.1363 0.1675 0.0233 0.0184 0.0288 0.0499 0.077 0.1088 0.143 0.18 0.0163 0.0 0.0202 0.0449 0.075 0.1107 0.1492 0.1895 0.0224 0.0177 0.0278 0.0493 0.0787 0.1146 0.1529 0.1931 0.0342 0.0338 0.0421 0.0599 0.0862 0.119 0.1537 0.1911 0.0459 0.0479 0.0558 0.0712 0.0937 0.1219 0.1512 0.1846 0.0558 0.059 0.0666 0.08 0.0991 0.1216 0.1456 0.175 0.0615
-1.000 -3.000 15 0.0398 0.0642 0.0612 0.0623 0.0689 0.0818 0.0988 0.119 0.1433 0.0519 0.045 0.0438 0.0524 0.0706 0.0945 0.1215 0.1526 0.0412 0.0288 0.0224 0.0346 0.0595 0.0906 0.1246 0.1616 0.0364 0.0202 0.0 0.0248 0.0551 0.0908 0.1291 0.1694 0.0396 0.0278 0.022 0.0348 0.0618 0.0966 0.1342 0.174 0.0483 0.0422 0.0422 0.053 0.0755 0.106 0.1392 0.1757 0.0584 0.0563 0.0595 0.0701 0.0893 0.1144 0.1423 0.1743 0.0676 0.068 0.0728 0.083 0.0994 0.12 0.1419 0.1699 0.0439
-1.000 -1.000 5 0.0162 0.0831 0.0759 0.0706 0.0702 0.0765 0.0896 0.1067 0.1307 0.0731 0.0623 0.053 0.0507 0.06 0.0798 0.1046 0.1349 0.0648 0.0503 0.0347 0.0268 0.0411 0.0695 0.1024 0.139 0.0609 0.0449 0.0248 0.0 0.0304 0.066 0.104 0.1441 0.0629 0.0492 0.0347 0.0275 0.0434 0.0748 0.1108 0.1498 0.0692 0.06 0.053 0.0535 0.0666 0.0916 0.1213 0.1559 0.0775 0.0725 0.0707 0.0753 0.0876 0.1073 0.1304 0.1606 0.0854 0.0836 0.085 0.0915 0.1027 0.1183 0.1369 0.1623 0.0263
-1.000 1.000 5 0.0179 0.107 0.0967 0.0863 0.0787 0.077 0.0825 0.095 0.1164 0.0999 0.0868 0.0727 0.061 0.0576 0.0667 0.0862 0.1141 0.0939 0.0785 0.0602 0.0413 0.0314 0.0469 0.0761 0.1116 0.0909 0.075 0.0551 0.0304 0.0 0.0354 0.0728 0.1127 0.0923 0.0782 0.0615 0.0433 0.0338 0.0508 0.0824 0.1199 0.0971 0.0865 0.0757 0.0667 0.0658 0.0776 0.1004 0.1315 0.1036 0.0968 0.0913 0.0887 0.0919 0.101 0.1173 0.1425 0.1102 0.1064 0.1046 0.1055 0.1102 0.1173 0.1295 0.1515 0.0291
-1.000 3.000 15 0.0525 0.1352 0.1221 0.1079 0.0943 0.0843 0.0804 0.0852 0.103 0.1316 0.1168 0.0996 0.0821 0.0674 0.0617 0.0698 0.0928 0.1282 0.1122 0.0927 0.0702 0.047 0.0344 0.0493 0.0813 0.1266 0.1107 0.0908 0.066 0.0354 0.0 0.0371 0.0771 0.1279 0.1136 0.0961 0.0747 0.0509 0.0373 0.0533 0.0868 0.1317 0.1201 0.107 0.0923 0.078 0.072 0.081 0.1058 0.1365 0.1281 0.1192 0.1103 0.1023 0.0992 0.1052 0.1245 0.1411 0.1352 0.1298 0.1244 0.1197 0.1175 0.1225 0.1394 0.0584
-1.000 5.000 25 0.0902 0.1648 0.1494 0.1319 0.1139 0.0975 0.0858 0.0848 0.0956 0.1652 0.1489 0.1296 0.1084 0.0872 0.0699 0.0652 0.0767 0.1648 0.1482 0.1278 0.1037 0.0764 0.0493 0.0363 0.0533 0.1651 0.1492 0.1291 0.104 0.0728 0.0371 0.0 0.0399 0.1665 0.152 0.1339 0.1109 0.0826 0.0533 0.039 0.0563 0.1691 0.1567 0.1417 0.1231 0.1012 0.081 0.0752 0.0852 0.1719 0.1617 0.1499 0.1351 0.119 0.1051 0.104 0.1116 0.1735 0.165 0.1554 0.1443 0.1316 0.1218 0.1247 0.1319 0.0945
-1.000 7.000 35 0.1304 0.1956 0.1785 0.1589 0.1383 0.1186 0.1025 0.0939 0.0859 0.2004 0.183 0.1622 0.1391 0.1149 0.0924 0.0759 0.0642 0.2033 0.1863 0.1653 0.1403 0.1116 0.081 0.0532 0.0348 0.2055 0.1895 0.1694 0.1441 0.1127 0.0771 0.0399 0.0 0.2072 0.1925 0.174 0.1503 0.1203 0.087 0.0564 0.036 0.2086 0.1954 0.1791 0.1581 0.1322 0.1058 0.0854 0.0687 0.2087 0.1969 0.1826 0.1646 0.1431 0.1237 0.1114 0.095 0.2066 0.1958 0.1829 0.1676 0.1508 0.1371 0.131 0.1142 0.134
1.000 -7.000 35 0.0751 0.0574 0.0658 0.0784 0.0946 0.1132 0.134 0.1563 0.1829 0.0437 0.0516 0.0652 0.0838 0.1071 0.1338 0.1629 0.1959 0.0289 0.0363 0.0512 0.0725 0.0994 0.1315 0.1667 0.205 0.0142 0.0224 0.0396 0.0629 0.0923 0.1279 0.1665 0.2072 0.0 0.0153 0.034 0.0575 0.0871 0.1229 0.1612 0.201 0.0132 0.0205 0.036 0.0572 0.0845 0.1171 0.1512 0.1876 0.0249 0.0303 0.0422 0.0599 0.0831 0.1105 0.139 0.1708 0.0343 0.0391 0.0487 0.0629 0.0818 0.1037 0.1265 0.1539 0.0725
1.000 -5.000 25 0.0606 0.0663 0.0712 0.0796 0.0924 0.1092 0.1287 0.1505 0.1772 0.0516 0.0546 0.0631 0.0783 0.0992 0.1254 0.154 0.1869 0.0362 0.0362 0.0449 0.0628 0.0882 0.1197 0.1546 0.1926 0.0224 0.0177 0.0278 0.0492 0.0782 0.1136 0.152 0.1925 0.0153 0.0 0.0189 0.0425 0.0724 0.1083 0.1466 0.1863 0.0206 0.0161 0.0253 0.045 0.072 0.1045 0.1384 0.1748 0.0306 0.03 0.037 0.0523 0.0746 0.1015 0.1296 0.1614 0.0398 0.041 0.0473 0.0595 0.0771 0.0985 0.1209 0.1483 0.0575
1.000 -3.000 15 0.0435 0.0803 0.081 0.085 0.0929 0.1061 0.1241 0.1445 0.1707 0.0658 0.0637 0.0662 0.0754 0.0927 0.116 0.144 0.1761 0.0512 0.045 0.0446 0.0549 0.0766 0.1063 0.1399 0.1773 0.0395 0.0278 0.022 0.0347 0.0615 0.0961 0.1339 0.174 0.034 0.0189 0.0 0.0238 0.0539 0.0899 0.1279 0.1675 0.0363 0.0254 0.0201 0.032 0.0569 0.0887 0.1222 0.1583 0.0429 0.0373 0.0371 0.0464 0.0656 0.0908 0.1179 0.1492 0.0504 0.0481 0.0503 0.0586 0.0735 0.0925 0.1141 0.1407 0.0389
1.000 -1.000 5 0.0262 0.1001 0.0971 0.0959 0.0988 0.1065 0.1202 0.1384 0.163 0.0865 0.0806 0.0769 0.079 0.0892 0.108 0.1318 0.1627 0.0732 0.0635 0.0554 0.0547 0.0669 0.0916 0.1222 0.1578 0.0629 0.0493 0.0348 0.0275 0.0433 0.0747 0.1109 0.1503 0.0575 0.0425 0.0238 0.0 0.0301 0.066 0.1036 0.1429 0.0578 0.0452 0.032 0.0256 0.0403 0.069 0.1012 0.1367 0.0617 0.0532 0.0469 0.047 0.0579 0.0785 0.1029 0.1329 0.0669 0.0621 0.06 0.0629 0.072 0.0867 0.1047 0.1301 0.0161
1.000 1.000 5 0.0291 0.1261 0.1199 0.114 0.1106 0.1122 0.1187 0.131 0.1529 0.1142 0.1055 0.0969 0.0912 0.0925 0.1017 0.119 0.1452 0.1023 0.0907 0.078 0.0675 0.0658 0.0778 0.1014 0.1335 0.0928 0.0787 0.0618 0.0434 0.0338 0.0509 0.0826 0.1203 0.0871 0.0724 0.0539 0.0301 0.0 0.0354 0.0723 0.1115 0.0859 0.0727 0.0573 0.0404 0.0314 0.0468 0.075 0.1093 0.0873 0.0773 0.0671 0.0586 0.0569 0.0661 0.0847 0.1119 0.0898 0.0832 0.0773 0.0738 0.0748 0.081 0.0936 0.1156 0.0179
1.000 3.000 15 0.0584 0.1575 0.1481 0.1378 0.1282 0.1215 0.1197 0.1242 0.1419 0.1479 0.1368 0.1242 0.112 0.1029 0.1006 0.1071 0.1277 0.1378 0.1248 0.1093 0.0928 0.078 0.0725 0.082 0.1077 0.1291 0.1146 0.0966 0.0748 0.0508 0.0373 0.0533 0.087 0.1229 0.1083 0.0899 0.066 0.0354 0.0 0.0366 0.0759 0.1199 0.1064 0.0899 0.0696 0.0469 0.0339 0.0482 0.0789 0.1187 0.1074 0.0946 0.0803 0.0667 0.0604 0.068 0.0901 0.1182 0.1093 0.1001 0.0905 0.0822 0.0782 0.0837 0.1012 0.0525
1.000 5.000 25 0.0943 0.1898 0.1774 0.163 0.1482 0.1344 0.1248 0.126 0.1369 0.1836 0.1703 0.1545 0.1369 0.1202 0.1071 0.1059 0.1159 0.1756 0.1614 0.1439 0.1235 0.1015 0.0819 0.0762 0.0874 0.1677 0.1529 0.1342 0.1108 0.0824 0.0533 0.039 0.0564 0.1612 0.1466 0.1279 0.1036 0.0723 0.0366 0.0 0.0391 0.1559 0.1419 0.1246 0.1025 0.0754 0.0482 0.0354 0.0512 0.1515 0.139 0.124 0.1058 0.0853 0.0678 0.0636 0.0731 0.1471 0.1362 0.1237 0.1093 0.0943 0.0831 0.084 0.0919 0.0899
1.000 7.000 35 0.1333 0.2233 0.2085 0.191 0.1724 0.1547 0.1402 0.1336 0.1239 0.2208 0.2057 0.1875 0.167 0.1453 0.1264 0.1141 0.1017 0.2152 0.2001 0.1812 0.1587 0.1329 0.1071 0.0868 0.0715 0.2082 0.1931 0.174 0.1498 0.1199 0.0868 0.0563 0.036 0.201 0.1863 0.1675 0.1429 0.1115 0.0759 0.0391 0.0 0.1934 0.179 0.1611 0.138 0.1094 0.0788 0.0512 0.0322 0.1855 0.1719 0.1555 0.1352 0.1116 0.0893 0.0729 0.058 0.1768 0.1642 0.1496 0.1325 0.1143 0.0995 0.0912 0.0769 0.1294
3.000 -7.000 35 0.0791 0.0709 0.0806 0.0937 0.11 0.1286 0.1498 0.1739 0.2024 0.0571 0.0659 0.0794 0.0977 0.1202 0.1472 0.177 0.2113 0.0422 0.0499 0.0635 0.0832 0.1093 0.1412 0.1764 0.2147 0.0274 0.0342 0.0483 0.0692 0.0971 0.1317 0.1691 0.2086 0.0132 0.0206 0.0363 0.0578 0.0859 0.1199 0.1559 0.1934 0.0 0.0137 0.0302 0.0507 0.0767 0.1074 0.1392 0.1727 0.0116 0.0178 0.0308 0.0484 0.0704 0.0958 0.1216 0.1506 0.021 0.0252 0.0347 0.0485 0.0659 0.0858 0.1062 0.1309 0.0734
3.000 -5.000 25 0.0683 0.0806 0.0879 0.0976 0.1111 0.1283 0.1484 0.1712 0.2004 0.0655 0.0711 0.0807 0.0959 0.1169 0.1427 0.1717 0.2054 0.0495 0.0525 0.0615 0.0781 0.1021 0.1331 0.1674 0.2048 0.0339 0.0338 0.0422 0.06 0.0865 0.1201 0.1567 0.1954 0.0205 0.0161 0.0254 0.0452 0.0727 0.1064 0.1419 0.179 0.0137 0.0 0.0167 0.0374 0.0635 0.0943 0.126 0.1595 0.0178 0.0138 0.0215 0.0378 0.0596 0.0849 0.1108 0.1399 0.0255 0.0247 0.0302 0.042 0.0587 0.0782 0.0985 0.1233 0.0611
3.000 -3.000 15 0.0576 0.0953 0.0992 0.106 0.1156 0.13 0.1489 0.1701 0.1976 0.0794 0.0812 0.087 0.0977 0.1154 0.1394 0.1664 0.1985 0.063 0.0615 0.0651 0.0761 0.0965 0.1245 0.157 0.1926 0.0478 0.0421 0.0422 0.053 0.0757 0.107 0.1417 0.1791 0.036 0.0253 0.0201 0.032 0.0573 0.0899 0.1246 0.1611 0.0302 0.0167 0.0 0.021 0.0472 0.078 0.1094 0.1428 0.0311 0.0216 0.0169 0.0267 0.0469 0.0717 0.0973 0.1263 0.0355 0.0305 0.03 0.0369 0.0512 0.0694 0.0891 0.1136 0.0478
3.000 -1.000 15 0.0512 0.1158 0.1169 0.1196 0.126 0.1358 0.1507 0.1693 0.1941 0.0998 0.0986 0.0996 0.1058 0.1178 0.1368 0.1603 0.189 0.0833 0.0787 0.0767 0.0811 0.0942 0.1167 0.1437 0.1767 0.0684 0.0599 0.053 0.0535 0.0667 0.0923 0.1231 0.1581 0.0572 0.045 0.032 0.0256 0.0404 0.0696 0.1025 0.138 0.0507 0.0374 0.021 0.0 0.0263 0.0568 0.0878 0.121 0.0493 0.0383 0.0269 0.0212 0.0329 0.0552 0.0798 0.1085 0.0506 0.0432 0.0375 0.0369 0.0446 0.0592 0.0769 0.1007 0.037
3.000 1.000 15 0.0568 0.1429 0.1413 0.1401 0.141 0.1461 0.1537 0.1659 0.1874 0.1273 0.1236 0.1205 0.1203 0.1259 0.1358 0.1514 0.1758 0.111 0.1042 0.098 0.0948 0.0986 0.1099 0.1289 0.156 0.0962 0.0862 0.0755 0.0666 0.0658 0.078 0.1012 0.1322 0.0845 0.072 0.0569 0.0403 0.0314 0.0469 0.0754 0.1094 0.0767 0.0635 0.0472 0.0263 0.0 0.03 0.0605 0.0937 0.0728 0.0611 0.0476 0.0331 0.0251 0.0368 0.0584 0.0863 0.071 0.062 0.0529 0.0453 0.0428 0.049 0.0624 0.0845 0.041
3.000 3.000 15 0.0769 0.1751 0.1704 0.1651 0.16 0.1567 0.157 0.161 0.1785 0.1606 0.1544 0.1475 0.1409 0.1367 0.1372 0.1425 0.1611 0.1449 0.1365 0.1266 0.1172 0.1096 0.1083 0.115 0.1357 0.1298 0.119 0.106 0.0916 0.0776 0.072 0.081 0.1058 0.1171 0.1045 0.0887 0.069 0.0468 0.0339 0.0482 0.0788 0.1074 0.0943 0.078 0.0568 0.03 0.0 0.0304 0.0639 0.1003 0.0881 0.0735 0.0559 0.0369 0.0262 0.0373 0.0626 0.0951 0.0848 0.0732 0.0607 0.0493 0.0439 0.0501 0.0685 0.0639
3.000 5.000 25 0.1048 0.208 0.1996 0.1898 0.1793 0.1689 0.1614 0.1648 0.1756 0.1952 0.1865 0.1757 0.1639 0.1517 0.1424 0.144 0.1529 0.1805 0.1706 0.1582 0.1432 0.128 0.1148 0.1134 0.1217 0.1653 0.1537 0.1392 0.1213 0.1004 0.081 0.0752 0.0854 0.1512 0.1384 0.1222 0.1012 0.075 0.0482 0.0354 0.0512 0.1392 0.126 0.1094 0.0878 0.0605 0.0304 0.0 0.0333 0.1284 0.1156 0.1001 0.0809 0.0585 0.0372 0.028 0.0414 0.119 0.1075 0.0941 0.0787 0.0624 0.0498 0.0483 0.057 0.0939
3.000 7.000 35 0.139 0.2422 0.2314 0.2174 0.2025 0.1879 0.1757 0.1708 0.1589 0.2319 0.221 0.2072 0.1913 0.1747 0.1592 0.1503 0.136 0.2185 0.2073 0.1929 0.1754 0.1546 0.1349 0.1208 0.105 0.2031 0.1911 0.1757 0.1559 0.1315 0.1058 0.0852 0.0687 0.1876 0.1748 0.1583 0.1367 0.1093 0.0789 0.0512 0.0322 0.1727 0.1595 0.1428 0.121 0.0937 0.0639 0.0333 0.0 0.1582 0.1451 0.1291 0.1092 0.0859 0.0623 0.0413 0.0256 0.1446 0.1323 0.118 0.1013 0.0833 0.0678 0.0568 0.0446 0.1287
5.000 -7.000 35 0.0855 0.083 0.0938 0.1076 0.1242 0.1431 0.1656 0.19 0.22 0.069 0.0788 0.0926 0.1107 0.1331 0.1603 0.1911 0.2257 0.0541 0.0624 0.0756 0.0945 0.1197 0.151 0.1854 0.2225 0.0392 0.0459 0.0584 0.0775 0.1036 0.1365 0.1719 0.2087 0.0249 0.0306 0.0429 0.0617 0.0873 0.1187 0.1515 0.1855 0.0116 0.0178 0.0311 0.0493 0.0728 0.1003 0.1284 0.1582 0.0 0.0114 0.0248 0.0413 0.0613 0.084 0.1067 0.1321 0.0093 0.0142 0.0243 0.0375 0.0534 0.0711 0.0888 0.1105 0.0776
5.000 -5.000 25 0.0786 0.0931 0.1024 0.1135 0.1279 0.1459 0.1668 0.1914 0.2208 0.0777 0.0853 0.0962 0.112 0.1332 0.1592 0.1882 0.2224 0.0614 0.0667 0.0765 0.0929 0.1164 0.1463 0.1789 0.2144 0.0453 0.0479 0.0563 0.0725 0.0968 0.1281 0.1617 0.1969 0.0303 0.03 0.0373 0.0532 0.0773 0.1074 0.139 0.1719 0.0178 0.0138 0.0216 0.0383 0.0611 0.0881 0.1156 0.1451 0.0114 0.0 0.0136 0.0301 0.0503 0.073 0.0956 0.121 0.0142 0.0109 0.0167 0.029 0.0447 0.0623 0.0801 0.1019 0.0689
5.000 -3.000 25 0.0737 0.1078 0.1146 0.124 0.1355 0.1514 0.1714 0.1931 0.2219 0.0913 0.0962 0.1047 0.1172 0.1359 0.1602 0.1864 0.2171 0.0739 0.076 0.0826 0.095 0.1154 0.1426 0.1719 0.2044 0.0571 0.0558 0.0595 0.0707 0.0913 0.1192 0.1499 0.1826 0.0422 0.037 0.0371 0.0469 0.0671 0.0946 0.124 0.1555 0.0308 0.0215 0.0169 0.0269 0.0476 0.0735 0.1001 0.1291 0.0248 0.0136 0.0 0.0167 0.0369 0.0595 0.0819 0.1073 0.0245 0.0168 0.013 0.0202 0.0347 0.0518 0.0694 0.0912 0.0616
5.000 -1.000 25 0.0734 0.1283 0.1331 0.1393 0.149 0.161 0.1772 0.1957 0.2198 0.1108 0.1136 0.1187 0.1285 0.1425 0.1619 0.1838 0.2101 0.0925 0.0922 0.0949 0.1033 0.1179 0.1392 0.1633 0.1912 0.0749 0.0712 0.0701 0.0753 0.0887 0.1103 0.1351 0.1646 0.0599 0.0523 0.0464 0.047 0.0586 0.0803 0.1058 0.1352 0.0484 0.0378 0.0267 0.0212 0.0331 0.0559 0.0809 0.1092 0.0413 0.0301 0.0167 0.0 0.0201 0.0425 0.0646 0.09 0.0384 0.0294 0.0203 0.0157 0.0238 0.0391 0.0561 0.0778 0.0585
5.000 1.000 25 0.0807 0.1547 0.1577 0.1608 0.1657 0.1742 0.1828 0.1943 0.2148 0.1366 0.1377 0.1396 0.1441 0.1534 0.1639 0.1777 0.1993 0.1175 0.1157 0.1149 0.1174 0.1254 0.1365 0.1518 0.1747 0.0992 0.0937 0.0893 0.0876 0.0919 0.1023 0.119 0.1431 0.0831 0.0746 0.0656 0.0579 0.0569 0.0667 0.0853 0.1116 0.0704 0.0596 0.0469 0.0329 0.0251 0.0369 0.0585 0.0859 0.0613 0.0503 0.0369 0.0201 0.0 0.022 0.0439 0.0694 0.0556 0.0461 0.0353 0.0239 0.0178 0.0255 0.0405 0.0618 0.0641
5.000 3.000 25 0.0956 0.1857 0.1855 0.1852 0.1845 0.1846 0.1866 0.1901 0.2073 0.1671 0.1659 0.1647 0.1634 0.1636 0.1661 0.1705 0.1874 0.1474 0.1439 0.1404 0.1369 0.1351 0.1363 0.1414 0.1586 0.1281 0.1219 0.1144 0.1073 0.101 0.0992 0.1051 0.1237 0.1105 0.1015 0.0908 0.0785 0.0661 0.0604 0.0678 0.0893 0.0958 0.0849 0.0717 0.0552 0.0368 0.0262 0.0372 0.0623 0.084 0.073 0.0595 0.0425 0.022 0.0 0.022 0.0482 0.0749 0.0649 0.0532 0.0396 0.0256 0.0179 0.026 0.0458 0.0798
5.000 5.000 25 0.1165 0.2164 0.2136 0.2082 0.2026 0.1958 0.1905 0.1961 0.2068 0.199 0.1949 0.1897 0.1837 0.1764 0.1704 0.1746 0.1828 0.1786 0.1735 0.1669 0.1592 0.1496 0.1413 0.143 0.15 0.1584 0.1512 0.1423 0.1304 0.1173 0.1052 0.104 0.1114 0.139 0.1296 0.1179 0.1029 0.0847 0.068 0.0636 0.0729 0.1216 0.1108 0.0973 0.0798 0.0584 0.0373 0.028 0.0413 0.1067 0.0956 0.0819 0.0646 0.0439 0.022 0.0 0.0259 0.0939 0.0835 0.0711 0.0565 0.0404 0.026 0.0205 0.0312 0.1011
5.000 7.000 35 0.1445 0.25 0.2443 0.2359 0.2248 0.2141 0.2045 0.2015 0.1871 0.2338 0.2283 0.2193 0.2089 0.1974 0.1859 0.1801 0.1636 0.2135 0.2072 0.1983 0.1869 0.1731 0.1585 0.1493 0.1319 0.1923 0.1846 0.1743 0.1606 0.1425 0.1245 0.1116 0.095 0.1708 0.1614 0.1492 0.1329 0.1119 0.0901 0.0731 0.058 0.1506 0.1399 0.1263 0.1085 0.0863 0.0626 0.0414 0.0256 0.1321 0.121 0.1073 0.09 0.0694 0.0482 0.0259 0.0 0.1158 0.1051 0.0926 0.0777 0.0612 0.0455 0.0312 0.0191 0.1298
7.000 -7.000 35 0.0921 0.0929 0.1048 0.1193 0.1363 0.1556 0.1788 0.204 0.2356 0.0788 0.0895 0.1037 0.1219 0.1444 0.1723 0.2025 0.2366 0.0638 0.0727 0.0859 0.1044 0.129 0.1597 0.1929 0.2278 0.0488 0.0558 0.0676 0.0854 0.1102 0.1411 0.1735 0.2066 0.0343 0.0398 0.0504 0.0669 0.0898 0.1182 0.1471 0.1768 0.021 0.0255 0.0355 0.0506 0.071 0.0951 0.119 0.1446 0.0093 0.0142 0.0245 0.0384 0.0556 0.0749 0.0939 0.1158 0.0 0.0087 0.0187 0.0306 0.0446 0.0597 0.0746 0.0931 0.0823
7.000 -5.000 35 0.0884 0.1029 0.1139 0.1264 0.1418 0.1607 0.1825 0.2077 0.2374 0.0874 0.0967 0.1088 0.1253 0.1471 0.1733 0.2025 0.2345 0.0709 0.0779 0.0887 0.1053 0.1287 0.1576 0.188 0.2208 0.0546 0.059 0.068 0.0836 0.1064 0.1352 0.165 0.1958 0.0391 0.041 0.0481 0.0621 0.0832 0.1093 0.1362 0.1642 0.0252 0.0247 0.0305 0.0432 0.062 0.0848 0.1075 0.1323 0.0142 0.0109 0.0168 0.0294 0.0461 0.0649 0.0835 0.1051 0.0087 0.0 0.0101 0.0221 0.0361 0.0512 0.066 0.0846 0.0773
7.000 -3.000 35 0.0873 0.1172 0.1264 0.138 0.1513 0.1688 0.1897 0.2114 0.2395 0.1002 0.1077 0.1185 0.1327 0.1526 0.177 0.2019 0.2312 0.0823 0.0872 0.0961 0.11 0.1308 0.1568 0.1831 0.2115 0.0648 0.0666 0.0728 0.085 0.1046 0.1298 0.1554 0.1829 0.0487 0.0473 0.0503 0.06 0.0773 0.1001 0.1237 0.1496 0.0347 0.0302 0.03 0.0375 0.0529 0.0732 0.0941 0.118 0.0243 0.0167 0.013 0.0203 0.0353 0.0532 0.0711 0.0926 0.0187 0.0101 0.0 0.012 0.026 0.041 0.0557 0.0744 0.0742
7.000 -1.000 35 0.0902 0.1366 0.1444 0.1538 0.1663 0.1802 0.1974 0.2153 0.2378 0.1182 0.1242 0.1326 0.1454 0.1612 0.1809 0.2008 0.224 0.0989 0.1021 0.1084 0.1198 0.1359 0.1561 0.1766 0.1999 0.0801 0.08 0.083 0.0915 0.1055 0.1244 0.1443 0.1676 0.0629 0.0595 0.0586 0.0629 0.0738 0.0905 0.1093 0.1325 0.0485 0.042 0.0369 0.0369 0.0453 0.0607 0.0787 0.1013 0.0375 0.029 0.0202 0.0157 0.0239 0.0396 0.0565 0.0777 0.0306 0.0221 0.012 0.0 0.0139 0.0287 0.0433 0.0621 0.0749
7.000 1.000 35 0.0977 0.1608 0.1676 0.1746 0.1829 0.1941 0.2035 0.214 0.2329 0.1412 0.1462 0.1522 0.1607 0.1728 0.1838 0.1956 0.2145 0.1204 0.1227 0.1264 0.1332 0.1442 0.1553 0.1674 0.1862 0.1002 0.0991 0.0994 0.1027 0.1102 0.1197 0.1316 0.1508 0.0818 0.0771 0.0735 0.072 0.0748 0.0822 0.0943 0.1143 0.0659 0.0587 0.0512 0.0446 0.0428 0.0493 0.0624 0.0833 0.0534 0.0447 0.0347 0.0238 0.0178 0.0256 0.0404 0.0612 0.0446 0.0361 0.026 0.0139 0.0 0.0146 0.0292 0.0483 0.0808
7.000 3.000 35 0.1089 0.1887 0.1928 0.1971 0.2005 0.2035 0.2068 0.2099 0.227 0.1682 0.1709 0.1745 0.1779 0.1817 0.1857 0.1895 0.2054 0.1455 0.1464 0.148 0.1498 0.1523 0.1552 0.1593 0.1744 0.1237 0.1216 0.12 0.1183 0.1173 0.1175 0.1218 0.1371 0.1037 0.0985 0.0925 0.0867 0.081 0.0782 0.0831 0.0995 0.0858 0.0782 0.0694 0.0592 0.049 0.0439 0.0498 0.0678 0.0711 0.0623 0.0518 0.0391 0.0255 0.0179 0.026 0.0455 0.0597 0.0512 0.041 0.0287 0.0146 0.0 0.015 0.0347 0.0921
7.000 5.000 35 0.1247 0.2166 0.2187 0.2183 0.2173 0.214 0.211 0.2187 0.2296 0.1957 0.1972 0.1966 0.1959 0.1931 0.19 0.1965 0.2046 0.1725 0.1715 0.1703 0.1684 0.1643 0.1598 0.1643 0.1707 0.1486 0.1456 0.1419 0.1369 0.1295 0.1225 0.1247 0.131 0.1265 0.1209 0.1141 0.1047 0.0936 0.0837 0.084 0.0912 0.1062 0.0985 0.0891 0.0769 0.0624 0.0501 0.0483 0.0568 0.0888 0.0801 0.0694 0.0561 0.0405 0.026 0.0205 0.0312 0.0746 0.066 0.0557 0.0433 0.0292 0.015 0.0 0.0193 0.1075
7.000 7.000 35 0.1484 0.2498 0.2486 0.2455 0.2391 0.2324 0.2257 0.2247 0.2078 0.2283 0.2279 0.2253 0.2196 0.213 0.2055 0.2026 0.1837 0.2041 0.2027 0.1988 0.1933 0.1855 0.1761 0.1708 0.1515 0.1784 0.175 0.1699 0.1623 0.1515 0.1394 0.1319 0.1142 0.1539 0.1483 0.1407 0.1301 0.1156 0.1012 0.0919 0.0769 0.1309 0.1233 0.1136 0.1007 0.0845 0.0685 0.057 0.0446 0.1105 0.1019 0.0912 0.0778 0.0618 0.0458 0.0312 0.0191 0.0931 0.0846 0.0744 0.0621 0.0483 0.0347 0.0193 0.0 0.1316
0.500 0.000 0 0.0154 0.1079 0.1022 0.0974 0.0963 0.1006 0.1105 0.126 0.1492 0.096 0.0874 0.0797 0.0765 0.0818 0.0962 0.1179 0.1467 0.0846 0.0726 0.0602 0.0522 0.057 0.077 0.1058 0.141 0.0762 0.0615 0.0439 0.0263 0.0291 0.0584 0.0945 0.134 0.0725 0.0575 0.0389 0.0161 0.0179 0.0525 0.0899 0.1294 0.0734 0.0611 0.0478 0.037 0.041 0.0639 0.0939 0.1287 0.0776 0.0689 0.0616 0.0585 0.0641 0.0798 0.1011 0.1298 0.0823 0.0773 0.0742 0.0749 0.0808 0.0921 0.1075 0.1316 0.0