n 66
m 2
tmax 5.0
Vcpm 1.4
R 1
dmax 6.0
-0.500 0.000 0 0.0 0.1059 0.0951 0.0828 0.0721 0.0665 0.0663 0.0701 0.076 0.0977 0.0829 0.0662 0.0534 0.0491 0.0527 0.0604 0.0696 0.092 0.0723 0.0499 0.0325 0.03 0.0399 0.0526 0.0651 0.0914 0.0678 0.0405 0.0141 0.013 0.0327 0.0499 0.0647 0.1 0.0746 0.0469 0.0239 0.0222 0.0382 0.0551 0.07 0.1193 0.0942 0.0689 0.0513 0.0477 0.056 0.0687 0.0813 0.1462 0.1242 0.1009 0.0842 0.0779 0.0806 0.0883 0.0972 0.1724 0.1563 0.136 0.1193 0.1097 0.1073 0.1102 0.1149 0.0126
-7.000 -7.000 35 0.1059 0.0 0.0137 0.0314 0.0509 0.0687 0.0835 0.0956 0.106 0.0127 0.0216 0.0392 0.0595 0.078 0.0931 0.1055 0.1161 0.0279 0.0375 0.0542 0.0738 0.0917 0.1062 0.118 0.1282 0.0454 0.0571 0.0738 0.0921 0.109 0.1223 0.1331 0.1423 0.0658 0.0801 0.0971 0.1145 0.1294 0.1412 0.1508 0.1589 0.0913 0.1086 0.1258 0.1415 0.1543 0.1645 0.1732 0.1795 0.1216 0.1433 0.1614 0.1749 0.1846 0.1925 0.1983 0.2025 0.1508 0.1785 0.1996 0.212 0.2179 0.2219 0.2245 0.2267 0.1163
-7.000 -5.000 35 0.0951 0.0137 0.0 0.0175 0.0365 0.0539 0.0682 0.0802 0.0904 0.0216 0.0177 0.0275 0.0451 0.0623 0.0767 0.0887 0.0991 0.0372 0.0386 0.0473 0.0618 0.0767 0.0895 0.1005 0.1101 0.0567 0.062 0.0713 0.0834 0.0954 0.1063 0.1155 0.1237 0.0798 0.0882 0.0981 0.1086 0.1183 0.1264 0.1337 0.1402 0.1083 0.1193 0.1295 0.138 0.1452 0.151 0.1561 0.1608 0.1418 0.1568 0.1672 0.173 0.1767 0.1795 0.1822 0.1839 0.1744 0.1956 0.2074 0.2113 0.211 0.2097 0.2091 0.2079 0.1072
-7.000 -3.000 35 0.0828 0.0314 0.0175 0.0 0.0185 0.0354 0.0495 0.0613 0.0714 0.0389 0.0275 0.0205 0.0289 0.0434 0.0569 0.0685 0.0787 0.0537 0.0473 0.0445 0.0494 0.0592 0.0697 0.0796 0.0887 0.0733 0.0713 0.071 0.0739 0.0798 0.0867 0.0943 0.1017 0.0973 0.0985 0.0995 0.1011 0.1039 0.1079 0.1127 0.1179 0.1273 0.1309 0.1318 0.1318 0.1319 0.133 0.1351 0.1377 0.1629 0.1696 0.17 0.1673 0.1639 0.1618 0.1609 0.1606 0.1978 0.2093 0.2111 0.2055 0.1981 0.1921 0.1876 0.1843 0.0956
-7.000 -1.000 35 0.0721 0.0509 0.0365 0.0185 0.0 0.0166 0.0306 0.0423 0.0525 0.0592 0.0451 0.0289 0.0197 0.0258 0.0373 0.0484 0.0585 0.0734 0.062 0.0495 0.0425 0.0439 0.0506 0.0591 0.0677 0.0919 0.0838 0.0742 0.0675 0.0656 0.0684 0.0737 0.0801 0.1157 0.1096 0.1015 0.0943 0.0901 0.0896 0.0919 0.0958 0.1454 0.141 0.1329 0.1243 0.1178 0.1144 0.1138 0.1149 0.1812 0.1789 0.1699 0.1586 0.149 0.1426 0.1389 0.1367 0.2164 0.2179 0.2093 0.1955 0.182 0.1719 0.1648 0.1594 0.0851
-7.000 1.000 35 0.0665 0.0687 0.0539 0.0354 0.0166 0.0 0.014 0.0258 0.0361 0.0781 0.0627 0.0437 0.0259 0.0167 0.0215 0.0313 0.0411 0.0919 0.0774 0.0597 0.0441 0.036 0.0365 0.0424 0.05 0.1098 0.0965 0.0805 0.066 0.0571 0.0547 0.0573 0.0623 0.1316 0.12 0.1048 0.0904 0.0803 0.0755 0.0752 0.0776 0.1601 0.149 0.1335 0.1182 0.1064 0.0994 0.0964 0.0959 0.1947 0.1847 0.1679 0.1503 0.1359 0.1262 0.1202 0.1167 0.2283 0.2216 0.2047 0.1845 0.167 0.1539 0.1449 0.1382 0.0785
-7.000 3.000 35 0.0663 0.0835 0.0682 0.0495 0.0306 0.014 0.0 0.0119 0.0223 0.0939 0.0777 0.0576 0.0376 0.0216 0.014 0.0183 0.0269 0.1077 0.0913 0.0708 0.0511 0.0367 0.03 0.0309 0.0363 0.1244 0.1083 0.0882 0.0691 0.055 0.0476 0.0463 0.049 0.1447 0.1289 0.1093 0.0903 0.0759 0.0673 0.064 0.0641 0.1716 0.1556 0.135 0.1154 0.1 0.0898 0.0843 0.0818 0.2049 0.1889 0.1667 0.1448 0.1274 0.115 0.1069 0.1015 0.2367 0.223 0.2006 0.1764 0.156 0.1411 0.13 0.1218 0.0768
-7.000 5.000 35 0.0701 0.0956 0.0802 0.0613 0.0423 0.0258 0.0119 0.0 0.0104 0.1072 0.0905 0.0697 0.049 0.0315 0.0183 0.0121 0.0159 0.121 0.1034 0.0816 0.0601 0.0427 0.031 0.0258 0.0267 0.1368 0.1188 0.0966 0.0751 0.0579 0.0466 0.0409 0.0399 0.1559 0.1374 0.115 0.0934 0.0762 0.0645 0.0578 0.055 0.1818 0.1621 0.1385 0.116 0.0981 0.0853 0.0769 0.072 0.2133 0.1934 0.1678 0.1431 0.1234 0.1087 0.0982 0.0906 0.2431 0.2252 0.1989 0.1721 0.1498 0.1327 0.1198 0.1095 0.0792
-7.000 7.000 35 0.076 0.106 0.0904 0.0714 0.0525 0.0361 0.0223 0.0104 0.0 0.1187 0.1016 0.0804 0.0594 0.0415 0.027 0.0159 0.0104 0.1326 0.1143 0.0916 0.0693 0.0508 0.0366 0.0268 0.0222 0.1478 0.1286 0.1051 0.0822 0.0635 0.0496 0.0402 0.0352 0.166 0.1458 0.1218 0.0986 0.0795 0.0654 0.0555 0.0494 0.191 0.1691 0.1435 0.1193 0.0993 0.0842 0.0732 0.0654 0.2215 0.1988 0.1707 0.1444 0.1226 0.1057 0.0927 0.0827 0.25 0.2284 0.1996 0.1709 0.1468 0.1277 0.1124 0.1002 0.0841
-5.000 -7.000 35 0.0977 0.0127 0.0216 0.0389 0.0592 0.0781 0.0939 0.1072 0.1187 0.0 0.0168 0.0384 0.0619 0.0831 0.1004 0.1145 0.1264 0.0152 0.0256 0.0461 0.0694 0.0907 0.1082 0.1225 0.1346 0.0326 0.0432 0.0617 0.0834 0.1035 0.1202 0.134 0.1457 0.0531 0.0656 0.0831 0.1026 0.1212 0.1366 0.1495 0.1603 0.0787 0.0939 0.1111 0.1285 0.1442 0.1577 0.1691 0.1784 0.1091 0.1287 0.1465 0.1614 0.1734 0.1837 0.1931 0.2003 0.1382 0.1634 0.1842 0.1981 0.2062 0.2128 0.218 0.2223 0.107
-5.000 -5.000 25 0.0829 0.0216 0.0177 0.0275 0.0451 0.0627 0.0777 0.0905 0.1016 0.0168 0.0 0.0213 0.0442 0.0648 0.0816 0.0954 0.1072 0.0256 0.0208 0.0322 0.0524 0.0722 0.0889 0.1027 0.1145 0.0431 0.0441 0.0536 0.0697 0.0864 0.1012 0.1139 0.125 0.0657 0.0703 0.0796 0.0925 0.1059 0.1187 0.1297 0.1393 0.094 0.1015 0.1108 0.1209 0.1314 0.1411 0.1499 0.1576 0.1275 0.1392 0.1485 0.1556 0.162 0.1682 0.1741 0.1795 0.16 0.1779 0.1886 0.1936 0.1958 0.1974 0.2 0.202 0.0936
-5.000 -3.000 25 0.0662 0.0392 0.0275 0.0205 0.0289 0.0437 0.0576 0.0697 0.0804 0.0384 0.0213 0.0 0.0223 0.0424 0.0588 0.0724 0.0841 0.046 0.0322 0.0239 0.0335 0.0501 0.0656 0.0789 0.0905 0.0618 0.0537 0.0501 0.0554 0.0665 0.0785 0.0899 0.1004 0.0838 0.08 0.0786 0.0816 0.0884 0.0969 0.1058 0.1143 0.1129 0.1121 0.111 0.112 0.1153 0.1205 0.1265 0.1325 0.1479 0.1506 0.1493 0.1475 0.1468 0.1483 0.151 0.1539 0.1823 0.1899 0.1903 0.1856 0.1807 0.1778 0.1767 0.1766 0.0782
-5.000 -1.000 25 0.0534 0.0595 0.0451 0.0289 0.0197 0.0259 0.0376 0.049 0.0594 0.0619 0.0442 0.0223 0.0 0.0198 0.0361 0.0497 0.0614 0.0694 0.0525 0.0335 0.0227 0.0296 0.0428 0.0555 0.067 0.0837 0.0699 0.0555 0.0475 0.0492 0.0569 0.0666 0.0764 0.1042 0.0933 0.0819 0.0743 0.0728 0.0763 0.0827 0.0899 0.1325 0.1235 0.1129 0.1043 0.1002 0.1003 0.1033 0.1077 0.1671 0.1606 0.1497 0.1386 0.1313 0.1279 0.1275 0.1286 0.2012 0.1989 0.1887 0.1756 0.1642 0.1569 0.1529 0.1504 0.0662
-5.000 1.000 25 0.0491 0.078 0.0623 0.0434 0.0258 0.0167 0.0216 0.0315 0.0415 0.0831 0.0648 0.0424 0.0198 0.0 0.0164 0.0301 0.042 0.0909 0.0725 0.0503 0.0297 0.0191 0.0246 0.0357 0.0468 0.1042 0.0869 0.0667 0.0492 0.0402 0.041 0.0476 0.0562 0.1233 0.107 0.0886 0.0728 0.0634 0.0612 0.0642 0.0698 0.1497 0.1343 0.1162 0.1003 0.0896 0.0849 0.0847 0.0871 0.1826 0.1688 0.15 0.1322 0.1191 0.1116 0.1082 0.1073 0.2147 0.2046 0.1861 0.1662 0.1502 0.1392 0.1325 0.1283 0.061
-5.000 3.000 25 0.0527 0.0931 0.0767 0.0569 0.0373 0.0215 0.014 0.0183 0.027 0.1004 0.0816 0.0588 0.0361 0.0164 0.0 0.0139 0.0258 0.1088 0.0894 0.0659 0.0429 0.0246 0.0159 0.0208 0.0306 0.1213 0.1019 0.0789 0.0571 0.0411 0.0336 0.0347 0.0407 0.139 0.1197 0.0971 0.0764 0.0613 0.0533 0.0519 0.0547 0.1639 0.1442 0.1213 0.1005 0.0851 0.0758 0.072 0.0718 0.1951 0.1761 0.1519 0.1295 0.1123 0.1011 0.0946 0.0913 0.2255 0.2087 0.1848 0.1604 0.1408 0.1271 0.1176 0.1113 0.0627
-5.000 5.000 25 0.0604 0.1055 0.0887 0.0685 0.0484 0.0313 0.0183 0.0121 0.0159 0.1145 0.0954 0.0724 0.0497 0.0301 0.0139 0.0 0.012 0.1236 0.1036 0.0795 0.0558 0.0358 0.0208 0.0137 0.0179 0.1357 0.1151 0.0907 0.067 0.0478 0.0348 0.0288 0.0298 0.1525 0.1311 0.1064 0.0832 0.0646 0.0522 0.0457 0.0445 0.1764 0.1539 0.1282 0.1043 0.0857 0.0727 0.0649 0.0613 0.2066 0.1837 0.1562 0.1305 0.1104 0.0959 0.0861 0.08 0.2343 0.2138 0.186 0.1586 0.1363 0.1197 0.1078 0.0988 0.0686
-5.000 7.000 35 0.0696 0.1161 0.0991 0.0787 0.0585 0.0411 0.0269 0.0159 0.0104 0.1264 0.1072 0.0841 0.0614 0.042 0.0258 0.012 0.0 0.1363 0.116 0.0915 0.0675 0.0471 0.0307 0.018 0.0117 0.1483 0.1269 0.1017 0.0773 0.0568 0.0409 0.03 0.0247 0.1646 0.1419 0.116 0.0913 0.071 0.0554 0.0448 0.039 0.1879 0.1636 0.1361 0.1105 0.0895 0.0736 0.0622 0.0549 0.2171 0.1918 0.1622 0.1344 0.1118 0.0945 0.0816 0.0723 0.2429 0.2195 0.1892 0.1597 0.1351 0.1159 0.1011 0.0898 0.0766
-3.000 -7.000 35 0.092 0.0279 0.0372 0.0537 0.0734 0.0919 0.1077 0.121 0.1326 0.0152 0.0256 0.046 0.0694 0.0909 0.1088 0.1236 0.1363 0.0 0.0193 0.0439 0.07 0.0936 0.1129 0.1286 0.142 0.0175 0.0291 0.0515 0.0768 0.1001 0.1196 0.1357 0.1493 0.0382 0.0495 0.0691 0.092 0.1137 0.1324 0.1482 0.1614 0.064 0.0775 0.0956 0.1156 0.1349 0.1516 0.1661 0.1781 0.0945 0.112 0.1304 0.1478 0.1628 0.1761 0.1879 0.1978 0.1234 0.1462 0.1673 0.1836 0.1947 0.2034 0.2121 0.2188 0.0992
-3.000 -5.000 25 0.0723 0.0375 0.0386 0.0473 0.062 0.0774 0.0913 0.1034 0.1143 0.0256 0.0208 0.0322 0.0525 0.0725 0.0894 0.1036 0.116 0.0193 0.0 0.0241 0.0497 0.0726 0.0914 0.1068 0.1199 0.0291 0.0233 0.0356 0.0576 0.0793 0.0979 0.1135 0.1268 0.0496 0.0495 0.0592 0.0761 0.0944 0.1111 0.1257 0.1383 0.0775 0.0811 0.0898 0.1026 0.1169 0.1311 0.1437 0.1546 0.1108 0.1189 0.1275 0.1366 0.1465 0.1563 0.1659 0.1743 0.1429 0.1574 0.1673 0.1742 0.1794 0.1843 0.1897 0.1953 0.0803
-3.000 -3.000 15 0.0499 0.0542 0.0473 0.0445 0.0495 0.0597 0.0708 0.0816 0.0916 0.0461 0.0322 0.0239 0.0335 0.0503 0.0659 0.0795 0.0915 0.0439 0.0241 0.0 0.0249 0.0473 0.0657 0.0809 0.0939 0.0516 0.0356 0.0262 0.0366 0.0549 0.0722 0.0872 0.1002 0.0697 0.0594 0.0546 0.0602 0.0725 0.0863 0.0994 0.1112 0.0969 0.0908 0.0872 0.0899 0.0973 0.1071 0.1176 0.1272 0.1309 0.1289 0.1258 0.1252 0.1278 0.1334 0.1402 0.1468 0.1643 0.1678 0.1667 0.1632 0.1612 0.1619 0.1643 0.1675 0.0601
-3.000 -1.000 15 0.0325 0.0738 0.0618 0.0494 0.0425 0.0441 0.0511 0.0601 0.0693 0.0694 0.0524 0.0335 0.0227 0.0297 0.0429 0.0558 0.0675 0.07 0.0497 0.0249 0.0 0.022 0.0403 0.0555 0.0686 0.0771 0.0577 0.0366 0.0248 0.0325 0.0472 0.0615 0.0743 0.0934 0.0766 0.0603 0.0516 0.0538 0.0628 0.0739 0.0849 0.1189 0.1046 0.0905 0.0816 0.0805 0.0849 0.0924 0.1005 0.1519 0.1405 0.1269 0.1162 0.1113 0.1116 0.1152 0.1199 0.1843 0.1776 0.1655 0.1531 0.144 0.1399 0.1394 0.1404 0.0449
-3.000 1.000 15 0.03 0.0917 0.0767 0.0592 0.0439 0.036 0.0367 0.0427 0.0508 0.0907 0.0722 0.0501 0.0296 0.0191 0.0246 0.0358 0.0471 0.0936 0.0726 0.0473 0.022 0.0 0.0183 0.0337 0.0469 0.1006 0.0795 0.0549 0.0325 0.0211 0.0272 0.0397 0.052 0.1157 0.0951 0.0725 0.0538 0.0443 0.0455 0.0531 0.0626 0.1397 0.1196 0.098 0.0806 0.0706 0.0686 0.0721 0.0782 0.1704 0.1522 0.1306 0.1121 0.1002 0.0951 0.0949 0.0973 0.2002 0.1863 0.1657 0.1458 0.1312 0.1225 0.1187 0.1175 0.0415
-3.000 3.000 15 0.0399 0.1062 0.0895 0.0697 0.0506 0.0365 0.03 0.031 0.0366 0.1082 0.0889 0.0656 0.0428 0.0246 0.0159 0.0208 0.0307 0.1129 0.0914 0.0657 0.0403 0.0183 0.0 0.0155 0.0288 0.1201 0.098 0.0722 0.0472 0.0273 0.0177 0.0231 0.0339 0.1345 0.1118 0.0862 0.0628 0.0456 0.0374 0.0387 0.0453 0.1574 0.1339 0.108 0.0851 0.0688 0.06 0.0584 0.0612 0.1864 0.1636 0.1368 0.113 0.0957 0.0853 0.0808 0.0801 0.2134 0.194 0.1682 0.1431 0.1238 0.1113 0.1037 0.0997 0.0483
-3.000 5.000 25 0.0526 0.118 0.1005 0.0796 0.0591 0.0424 0.0309 0.0258 0.0268 0.1225 0.1027 0.0789 0.0555 0.0357 0.0208 0.0137 0.018 0.1286 0.1068 0.0809 0.0555 0.0337 0.0155 0.0 0.0134 0.1364 0.1137 0.0873 0.0616 0.0397 0.0231 0.0152 0.0199 0.1505 0.1266 0.0996 0.0741 0.0533 0.0389 0.0321 0.0331 0.1729 0.1472 0.1189 0.0932 0.0728 0.0588 0.0513 0.0496 0.2007 0.1749 0.1449 0.1177 0.0966 0.0817 0.0726 0.0681 0.2261 0.2021 0.1727 0.1443 0.1216 0.1052 0.0942 0.0868 0.0592
-3.000 7.000 35 0.0651 0.1282 0.1101 0.0887 0.0677 0.05 0.0363 0.0267 0.0222 0.1346 0.1145 0.0905 0.067 0.0468 0.0306 0.0179 0.0117 0.142 0.1199 0.0939 0.0686 0.0469 0.0288 0.0134 0.0 0.1503 0.1273 0.1006 0.0746 0.0523 0.034 0.0199 0.013 0.1646 0.1398 0.1121 0.0857 0.0633 0.0457 0.0333 0.0273 0.1869 0.1598 0.13 0.1026 0.08 0.0624 0.0501 0.0433 0.214 0.1861 0.1541 0.1246 0.1007 0.0824 0.0692 0.0606 0.2372 0.211 0.1788 0.148 0.1226 0.1031 0.0884 0.078 0.0706
-1.000 -7.000 35 0.0914 0.0454 0.0567 0.0733 0.0919 0.1098 0.1244 0.1368 0.1478 0.0326 0.0431 0.0618 0.0837 0.1042 0.1213 0.1357 0.1483 0.0175 0.0291 0.0516 0.0771 0.1006 0.1201 0.1364 0.1503 0.0 0.022 0.049 0.0771 0.1026 0.1237 0.1413 0.1562 0.021 0.034 0.0586 0.0858 0.1109 0.1324 0.1505 0.1657 0.0471 0.06 0.0816 0.106 0.1289 0.149 0.1663 0.1808 0.0775 0.0935 0.1143 0.1355 0.1553 0.1721 0.1869 0.1993 0.106 0.1266 0.1491 0.1695 0.185 0.1975 0.2085 0.2179 0.0958
-1.000 -5.000 25 0.0678 0.0571 0.062 0.0713 0.0838 0.0965 0.1083 0.1188 0.1286 0.0432 0.0441 0.0537 0.0699 0.0869 0.1019 0.1151 0.1269 0.0291 0.0233 0.0356 0.0577 0.0795 0.098 0.1137 0.1273 0.022 0.0 0.0265 0.054 0.0789 0.0996 0.1168 0.1314 0.034 0.0265 0.0397 0.0633 0.0868 0.1075 0.1251 0.1401 0.0598 0.0584 0.0681 0.0858 0.1053 0.1237 0.1401 0.154 0.0923 0.0965 0.1051 0.1179 0.1321 0.1467 0.16 0.1716 0.1237 0.1347 0.1443 0.1542 0.1638 0.1726 0.1816 0.1899 0.0722
-1.000 -3.000 15 0.0405 0.0738 0.0713 0.071 0.0742 0.0805 0.0882 0.0966 0.1051 0.0617 0.0536 0.0501 0.0555 0.0667 0.0789 0.0907 0.1017 0.0515 0.0356 0.0262 0.0366 0.0549 0.0722 0.0873 0.1006 0.049 0.0265 0.0 0.0269 0.0512 0.0716 0.0887 0.1032 0.0589 0.0398 0.0287 0.0398 0.0599 0.0793 0.0964 0.111 0.082 0.0685 0.0616 0.067 0.0804 0.0959 0.1109 0.1241 0.1136 0.1056 0.1004 0.1017 0.1089 0.1192 0.1307 0.1411 0.1451 0.1437 0.1412 0.1393 0.1411 0.1461 0.1526 0.1594 0.0457
-1.000 -1.000 5 0.0141 0.0921 0.0834 0.0739 0.0675 0.066 0.0691 0.0751 0.0822 0.0834 0.0697 0.0554 0.0475 0.0492 0.0571 0.067 0.0773 0.0768 0.0576 0.0366 0.0248 0.0325 0.0472 0.0616 0.0746 0.0771 0.054 0.0269 0.0 0.024 0.0442 0.0613 0.0759 0.0866 0.0636 0.0399 0.0269 0.0357 0.0523 0.0685 0.0828 0.1079 0.0869 0.0674 0.0572 0.0599 0.0703 0.0831 0.0953 0.1371 0.1202 0.1028 0.0919 0.09 0.0949 0.1032 0.1121 0.1672 0.1554 0.1407 0.1287 0.1222 0.122 0.1257 0.1305 0.0232
-1.000 1.000 5 0.013 0.109 0.0954 0.0798 0.0656 0.0571 0.055 0.0579 0.0635 0.1035 0.0864 0.0665 0.0492 0.0402 0.0411 0.0478 0.0568 0.1001 0.0793 0.0549 0.0325 0.0211 0.0273 0.0397 0.0523 0.1026 0.0789 0.0512 0.024 0.0 0.0203 0.0375 0.0521 0.1122 0.0874 0.06 0.0357 0.0233 0.0305 0.0446 0.0583 0.1326 0.1075 0.081 0.06 0.0497 0.0515 0.0602 0.0707 0.1603 0.1366 0.1112 0.0907 0.0794 0.0772 0.0811 0.0875 0.1863 0.1679 0.1444 0.1237 0.1104 0.1041 0.1038 0.1063 0.0216
-1.000 3.000 15 0.0327 0.1223 0.1063 0.0867 0.0684 0.0547 0.0476 0.0466 0.0496 0.1202 0.1012 0.0785 0.0569 0.041 0.0336 0.0348 0.0409 0.1196 0.0979 0.0722 0.0472 0.0272 0.0177 0.0231 0.034 0.1237 0.0996 0.0716 0.0442 0.0203 0.0 0.0173 0.0321 0.134 0.1082 0.0794 0.0523 0.0305 0.0199 0.026 0.038 0.1541 0.1266 0.0969 0.0706 0.0516 0.0426 0.044 0.0511 0.1802 0.153 0.1227 0.0962 0.0776 0.0679 0.0657 0.0685 0.2031 0.1798 0.1513 0.1247 0.1052 0.0937 0.0882 0.0872 0.0371
-1.000 5.000 25 0.0499 0.1331 0.1155 0.0943 0.0737 0.0573 0.0463 0.0409 0.0402 0.134 0.1139 0.0899 0.0666 0.0476 0.0347 0.0288 0.03 0.1357 0.1135 0.0872 0.0615 0.0397 0.0231 0.0152 0.0199 0.1413 0.1168 0.0887 0.0613 0.0375 0.0173 0.0 0.0148 0.1524 0.126 0.0966 0.0686 0.0447 0.0261 0.017 0.0222 0.1728 0.1439 0.1125 0.0838 0.0606 0.0442 0.0363 0.0372 0.198 0.1684 0.1352 0.1055 0.0823 0.0663 0.0576 0.0551 0.2182 0.1916 0.1597 0.1296 0.1058 0.0892 0.0791 0.0735 0.0534
-1.000 7.000 35 0.0647 0.1423 0.1237 0.1017 0.0801 0.0623 0.049 0.0399 0.0352 0.1457 0.125 0.1004 0.0764 0.0562 0.0407 0.0298 0.0247 0.1493 0.1268 0.1002 0.0743 0.052 0.0339 0.0199 0.013 0.1562 0.1314 0.1032 0.0759 0.0521 0.0321 0.0148 0.0 0.1682 0.1414 0.1117 0.0834 0.0587 0.0382 0.0222 0.0144 0.1891 0.1592 0.1269 0.0971 0.0719 0.0517 0.0374 0.0304 0.2137 0.1825 0.1477 0.1159 0.09 0.0699 0.0557 0.0477 0.2317 0.203 0.1688 0.1363 0.1097 0.0892 0.0744 0.065 0.0681
1.000 -7.000 35 0.1 0.0658 0.0798 0.0973 0.1157 0.1316 0.1447 0.1559 0.166 0.0531 0.0657 0.0838 0.1042 0.1233 0.139 0.1525 0.1646 0.0382 0.0496 0.0697 0.0934 0.1157 0.1345 0.1505 0.1646 0.021 0.034 0.0589 0.0866 0.1122 0.134 0.1524 0.1682 0.0 0.0267 0.0577 0.0888 0.1168 0.1405 0.1605 0.1773 0.0262 0.0421 0.0711 0.1018 0.1294 0.1531 0.1733 0.19 0.0563 0.072 0.098 0.126 0.1511 0.1725 0.1908 0.206 0.0841 0.1028 0.1282 0.1535 0.1764 0.1943 0.2093 0.2219 0.1014
1.000 -5.000 25 0.0746 0.0801 0.0882 0.0985 0.1096 0.12 0.1289 0.1374 0.1458 0.0656 0.0703 0.08 0.0933 0.107 0.1197 0.1311 0.1419 0.0495 0.0495 0.0594 0.0766 0.0951 0.1118 0.1266 0.1398 0.034 0.0265 0.0398 0.0636 0.0874 0.1082 0.126 0.1414 0.0267 0.0 0.0304 0.0609 0.0883 0.1116 0.1313 0.1479 0.0419 0.0322 0.0471 0.0735 0.0995 0.1225 0.1422 0.1588 0.0712 0.0702 0.0808 0.1005 0.1214 0.1409 0.1583 0.1731 0.101 0.1077 0.1181 0.1331 0.1482 0.1633 0.1765 0.1882 0.074
1.000 -3.000 15 0.0469 0.0971 0.0981 0.0995 0.1015 0.1048 0.1093 0.115 0.1218 0.0831 0.0796 0.0786 0.0819 0.0886 0.0971 0.1064 0.116 0.0691 0.0592 0.0546 0.0603 0.0725 0.0862 0.0996 0.1121 0.0586 0.0397 0.0287 0.0399 0.06 0.0794 0.0966 0.1117 0.0577 0.0304 0.0 0.0299 0.0569 0.0799 0.0995 0.116 0.071 0.0471 0.0333 0.0455 0.0678 0.0896 0.1089 0.1253 0.0969 0.0807 0.0722 0.0771 0.0914 0.108 0.1242 0.1384 0.1245 0.1169 0.1126 0.1134 0.1207 0.1308 0.1424 0.1531 0.0438
1.000 -1.000 5 0.0239 0.1145 0.1086 0.1011 0.0943 0.0904 0.0903 0.0934 0.0986 0.1026 0.0925 0.0816 0.0743 0.0728 0.0764 0.0832 0.0913 0.092 0.0761 0.0602 0.0516 0.0538 0.0628 0.0741 0.0857 0.0858 0.0633 0.0398 0.0269 0.0357 0.0523 0.0686 0.0834 0.0888 0.0609 0.0299 0.0 0.0267 0.0497 0.0692 0.0858 0.1024 0.074 0.0456 0.0305 0.0403 0.0592 0.0777 0.0938 0.1255 0.1011 0.0776 0.0653 0.0676 0.079 0.093 0.1063 0.1489 0.1322 0.1137 0.1019 0.0987 0.1034 0.1117 0.1212 0.0152
1.000 1.000 5 0.0222 0.1294 0.1183 0.1039 0.0901 0.0803 0.0759 0.0762 0.0795 0.1212 0.1059 0.0884 0.0728 0.0634 0.0613 0.0646 0.071 0.1137 0.0944 0.0725 0.0538 0.0443 0.0456 0.0533 0.0633 0.1109 0.0868 0.0599 0.0357 0.0233 0.0305 0.0447 0.0587 0.1168 0.0883 0.0569 0.0267 0.0 0.023 0.0426 0.0592 0.1312 0.1007 0.0683 0.0404 0.0265 0.0347 0.0508 0.0662 0.1527 0.1237 0.0926 0.068 0.0561 0.0578 0.0675 0.0789 0.1733 0.1488 0.1221 0.0995 0.0868 0.0837 0.0877 0.0943 0.0142
1.000 3.000 15 0.0382 0.1412 0.1264 0.1079 0.0896 0.0755 0.0673 0.0645 0.0654 0.1366 0.1187 0.0969 0.0763 0.0612 0.0533 0.0522 0.0554 0.1324 0.1111 0.0863 0.0628 0.0455 0.0374 0.0389 0.0457 0.1324 0.1075 0.0793 0.0523 0.0305 0.0199 0.0261 0.0382 0.1405 0.1116 0.0799 0.0497 0.023 0.0 0.0197 0.0363 0.1561 0.1245 0.0905 0.0594 0.0348 0.0227 0.0297 0.0431 0.1767 0.1451 0.1104 0.0799 0.0581 0.0479 0.0492 0.0569 0.1938 0.1663 0.1338 0.1051 0.0843 0.0735 0.0707 0.0735 0.0358
1.000 5.000 25 0.0551 0.1508 0.1337 0.1127 0.0919 0.0752 0.064 0.0578 0.0555 0.1495 0.1297 0.1058 0.0827 0.0642 0.0519 0.0457 0.0448 0.1482 0.1257 0.0994 0.0739 0.0531 0.0387 0.0321 0.0333 0.1505 0.1251 0.0964 0.0685 0.0446 0.026 0.017 0.0222 0.1605 0.1313 0.0995 0.0692 0.0426 0.0197 0.0 0.0167 0.1773 0.145 0.1103 0.0782 0.051 0.0297 0.0193 0.0249 0.1976 0.1644 0.1278 0.0946 0.0681 0.0494 0.0405 0.041 0.2118 0.1818 0.1469 0.1144 0.0888 0.0711 0.0617 0.0587 0.0548
1.000 7.000 35 0.07 0.1589 0.1402 0.1179 0.0958 0.0776 0.0641 0.055 0.0494 0.1603 0.1393 0.1143 0.0899 0.0698 0.0547 0.0445 0.039 0.1614 0.1383 0.1112 0.0849 0.0626 0.0453 0.0331 0.0273 0.1657 0.1401 0.111 0.0828 0.0583 0.038 0.0222 0.0144 0.1773 0.1479 0.116 0.0858 0.0592 0.0363 0.0167 0.0 0.1954 0.1626 0.1274 0.0949 0.0668 0.0433 0.025 0.016 0.2155 0.1812 0.1435 0.109 0.0802 0.0575 0.0412 0.0333 0.2273 0.1957 0.1592 0.1247 0.0962 0.0744 0.059 0.0504 0.071
3.000 -7.000 35 0.1193 0.0913 0.1083 0.1273 0.1454 0.1601 0.1716 0.1818 0.191 0.0787 0.094 0.1129 0.1325 0.1497 0.1639 0.1764 0.1879 0.064 0.0775 0.0969 0.1189 0.1397 0.1574 0.1729 0.1869 0.0471 0.0598 0.082 0.1079 0.1326 0.1541 0.1728 0.1891 0.0262 0.0419 0.071 0.1024 0.1312 0.1561 0.1773 0.1954 0.0 0.0325 0.0699 0.1062 0.1378 0.1645 0.1869 0.2055 0.0294 0.048 0.0822 0.1181 0.1496 0.1757 0.1975 0.2154 0.056 0.0735 0.1029 0.1352 0.1642 0.1882 0.2079 0.2241 0.1177
3.000 -5.000 25 0.0942 0.1086 0.1193 0.1309 0.141 0.149 0.1556 0.1621 0.1691 0.0939 0.1015 0.1121 0.1235 0.1343 0.1442 0.1539 0.1636 0.0775 0.0811 0.0908 0.1046 0.1196 0.1339 0.1472 0.1598 0.06 0.0584 0.0685 0.0869 0.1075 0.1266 0.1439 0.1592 0.0421 0.0322 0.0471 0.074 0.1007 0.1245 0.145 0.1626 0.0325 0.0 0.0365 0.0719 0.1028 0.129 0.1511 0.1695 0.0478 0.0374 0.0547 0.0851 0.1142 0.1392 0.1605 0.1781 0.0729 0.0738 0.0865 0.1092 0.1325 0.1534 0.1715 0.1868 0.0894
3.000 -3.000 15 0.0689 0.1258 0.1295 0.1318 0.1329 0.1335 0.135 0.1385 0.1435 0.1111 0.1108 0.111 0.1129 0.1162 0.1213 0.1282 0.1361 0.0956 0.0898 0.0872 0.0905 0.098 0.108 0.1189 0.13 0.0816 0.0681 0.0616 0.0674 0.081 0.0969 0.1125 0.1269 0.0711 0.0471 0.0333 0.0456 0.0683 0.0905 0.1103 0.1274 0.0699 0.0365 0.0 0.0348 0.0653 0.0912 0.1133 0.1316 0.0815 0.0546 0.0386 0.0521 0.0769 0.1006 0.1214 0.1389 0.101 0.0857 0.0781 0.0838 0.0991 0.1163 0.1329 0.1475 0.0603
3.000 -1.000 15 0.0513 0.1415 0.138 0.1318 0.1243 0.1182 0.1154 0.116 0.1193 0.1285 0.1209 0.112 0.1043 0.1003 0.1005 0.1043 0.1105 0.1156 0.1026 0.0899 0.0816 0.0806 0.0851 0.0932 0.1026 0.106 0.0858 0.067 0.0572 0.06 0.0706 0.0838 0.0971 0.1018 0.0735 0.0455 0.0305 0.0404 0.0594 0.0782 0.0949 0.1062 0.0719 0.0348 0.0 0.0304 0.0564 0.0784 0.0968 0.117 0.085 0.0522 0.0346 0.0452 0.0657 0.0857 0.103 0.1312 0.1077 0.0835 0.0706 0.0725 0.0841 0.0983 0.1119 0.0391
3.000 1.000 15 0.0477 0.1543 0.1452 0.1319 0.1178 0.1064 0.1 0.0981 0.0993 0.1442 0.1314 0.1153 0.1002 0.0896 0.0851 0.0857 0.0895 0.1349 0.1169 0.0973 0.0805 0.0706 0.0688 0.0728 0.08 0.1289 0.1053 0.0804 0.0599 0.0497 0.0516 0.0606 0.0719 0.1294 0.0995 0.0678 0.0403 0.0265 0.0348 0.051 0.0668 0.1378 0.1028 0.0653 0.0304 0.0 0.026 0.0482 0.0666 0.1487 0.1146 0.0772 0.0453 0.0295 0.0383 0.0557 0.0723 0.159 0.1307 0.099 0.0726 0.0597 0.0609 0.0707 0.0824 0.0364
3.000 3.000 15 0.056 0.1645 0.151 0.133 0.1144 0.0994 0.0898 0.0853 0.0842 0.1577 0.1411 0.1205 0.1003 0.0849 0.0758 0.0727 0.0736 0.1516 0.1311 0.1071 0.0849 0.0686 0.06 0.0588 0.0624 0.149 0.1237 0.0959 0.0703 0.0515 0.0426 0.0442 0.0517 0.1531 0.1225 0.0896 0.0592 0.0347 0.0227 0.0297 0.0433 0.1645 0.129 0.0912 0.0564 0.026 0.0 0.0222 0.0407 0.1759 0.1405 0.1015 0.0661 0.0384 0.025 0.0324 0.0467 0.1829 0.1521 0.1168 0.0846 0.0611 0.0502 0.0512 0.059 0.049
3.000 5.000 25 0.0687 0.1732 0.1561 0.1351 0.1138 0.0964 0.0843 0.0769 0.0732 0.1691 0.1499 0.1265 0.1033 0.0847 0.072 0.0649 0.0622 0.1661 0.1437 0.1176 0.0924 0.0721 0.0584 0.0513 0.0501 0.1663 0.1401 0.1109 0.0831 0.0602 0.044 0.0363 0.0374 0.1733 0.1422 0.1089 0.0777 0.0508 0.0297 0.0193 0.025 0.1869 0.1511 0.1133 0.0784 0.0482 0.0222 0.0 0.0185 0.1988 0.1627 0.123 0.0865 0.0559 0.0324 0.021 0.0268 0.2034 0.1712 0.1341 0.0992 0.071 0.0512 0.0419 0.0422 0.065
3.000 7.000 35 0.0813 0.1795 0.1608 0.1377 0.1149 0.0959 0.0818 0.072 0.0654 0.1784 0.1576 0.1325 0.1077 0.0871 0.0718 0.0613 0.0549 0.1781 0.1546 0.1272 0.1005 0.0782 0.0612 0.0496 0.0433 0.1808 0.154 0.1241 0.0953 0.0707 0.0511 0.0372 0.0304 0.19 0.1588 0.1253 0.0938 0.0662 0.0431 0.0249 0.016 0.2055 0.1695 0.1316 0.0968 0.0666 0.0407 0.0185 0.0 0.218 0.1813 0.1412 0.1042 0.0728 0.0469 0.0269 0.0171 0.2204 0.1873 0.1493 0.1132 0.0829 0.0591 0.0422 0.0339 0.0798
5.000 -7.000 35 0.1462 0.1216 0.1418 0.1629 0.1812 0.1947 0.2049 0.2133 0.2215 0.1091 0.1275 0.1479 0.1671 0.1826 0.1951 0.2066 0.2171 0.0945 0.1108 0.1309 0.1519 0.1704 0.1864 0.2007 0.214 0.0775 0.0923 0.1136 0.1371 0.1603 0.1802 0.198 0.2137 0.0563 0.0712 0.0969 0.1255 0.1527 0.1767 0.1976 0.2155 0.0294 0.0478 0.0815 0.117 0.1487 0.1759 0.1988 0.218 0.0 0.0336 0.074 0.1142 0.1488 0.1771 0.2005 0.2197 0.0257 0.0434 0.077 0.1142 0.1477 0.1754 0.1981 0.2166 0.1412
5.000 -5.000 25 0.1242 0.1433 0.1568 0.1696 0.1789 0.1847 0.1889 0.1934 0.1988 0.1287 0.1392 0.1506 0.1606 0.1688 0.1761 0.1837 0.1918 0.112 0.1189 0.1289 0.1405 0.1522 0.1636 0.1749 0.1861 0.0935 0.0965 0.1056 0.1202 0.1366 0.153 0.1684 0.1825 0.072 0.0702 0.0807 0.1011 0.1237 0.1451 0.1644 0.1812 0.048 0.0374 0.0546 0.085 0.1146 0.1405 0.1627 0.1813 0.0336 0.0 0.0395 0.0784 0.1121 0.1399 0.1629 0.1817 0.0434 0.0351 0.053 0.0845 0.1152 0.1412 0.1629 0.1807 0.116
5.000 -3.000 25 0.1009 0.1614 0.1672 0.17 0.1699 0.1679 0.1667 0.1678 0.1707 0.1465 0.1485 0.1493 0.1497 0.15 0.1519 0.1562 0.1622 0.1304 0.1275 0.1258 0.1269 0.1306 0.1368 0.1449 0.1541 0.1143 0.1051 0.1004 0.1028 0.1112 0.1227 0.1352 0.1477 0.098 0.0808 0.0722 0.0776 0.0926 0.1104 0.1278 0.1435 0.0822 0.0547 0.0386 0.0522 0.0772 0.1015 0.123 0.1412 0.074 0.0395 0.0 0.0381 0.0712 0.0986 0.1214 0.1402 0.0766 0.0528 0.0383 0.0527 0.0782 0.1024 0.1231 0.1405 0.0899
5.000 -1.000 25 0.0842 0.1749 0.173 0.1673 0.1586 0.1503 0.1448 0.1431 0.1444 0.1614 0.1556 0.1475 0.1386 0.1322 0.1295 0.1305 0.1344 0.1478 0.1366 0.1252 0.1162 0.1121 0.113 0.1177 0.1246 0.1355 0.1179 0.1017 0.0919 0.0907 0.0962 0.1055 0.1159 0.126 0.1005 0.0771 0.0653 0.068 0.0799 0.0946 0.109 0.1181 0.0851 0.0521 0.0346 0.0453 0.0661 0.0865 0.1042 0.1142 0.0784 0.0381 0.0 0.0329 0.0603 0.0832 0.1021 0.1123 0.0836 0.0525 0.0352 0.0459 0.0664 0.0861 0.1031 0.0716
5.000 1.000 25 0.0779 0.1846 0.1767 0.1639 0.149 0.1359 0.1274 0.1234 0.1226 0.1734 0.162 0.1468 0.1313 0.1191 0.1123 0.1104 0.1118 0.1628 0.1465 0.1278 0.1113 0.1002 0.0957 0.0966 0.1007 0.1553 0.1321 0.1089 0.09 0.0794 0.0776 0.0823 0.09 0.1511 0.1214 0.0914 0.0676 0.0561 0.0581 0.0681 0.0802 0.1496 0.1142 0.0769 0.0452 0.0295 0.0384 0.0559 0.0728 0.1488 0.1121 0.0712 0.0329 0.0 0.0276 0.0506 0.0696 0.1441 0.1133 0.0777 0.0458 0.0297 0.0383 0.0554 0.0716 0.0662
5.000 3.000 25 0.0806 0.1925 0.1795 0.1618 0.1426 0.1262 0.115 0.1087 0.1057 0.1837 0.1682 0.1483 0.1279 0.1116 0.1011 0.0959 0.0945 0.1761 0.1563 0.1334 0.1116 0.0951 0.0853 0.0817 0.0824 0.1721 0.1467 0.1192 0.0949 0.0772 0.0679 0.0663 0.0699 0.1725 0.1409 0.108 0.079 0.0578 0.0479 0.0494 0.0575 0.1757 0.1392 0.1006 0.0657 0.0383 0.025 0.0324 0.0469 0.1771 0.1399 0.0986 0.0603 0.0276 0.0 0.0231 0.0421 0.1705 0.1386 0.1016 0.0663 0.0383 0.0248 0.0319 0.0459 0.0717
5.000 5.000 25 0.0883 0.1983 0.1822 0.1609 0.1389 0.1202 0.1069 0.0982 0.0927 0.1931 0.1741 0.151 0.1275 0.1082 0.0946 0.0861 0.0816 0.1879 0.1659 0.1402 0.1152 0.0949 0.0808 0.0726 0.0692 0.1869 0.16 0.1307 0.1032 0.0811 0.0657 0.0576 0.0557 0.1908 0.1583 0.1242 0.093 0.0675 0.0492 0.0405 0.0412 0.1975 0.1605 0.1214 0.0857 0.0557 0.0324 0.021 0.0269 0.2005 0.1629 0.1214 0.0832 0.0506 0.0231 0.0 0.019 0.1923 0.1598 0.1222 0.086 0.0554 0.0319 0.0205 0.0262 0.0822
5.000 7.000 35 0.0972 0.2025 0.1839 0.1606 0.1367 0.1167 0.1015 0.0906 0.0827 0.2003 0.1795 0.1539 0.1286 0.1073 0.0913 0.08 0.0723 0.1978 0.1743 0.1468 0.1199 0.0973 0.0801 0.0681 0.0606 0.1993 0.1716 0.1411 0.1121 0.0875 0.0685 0.0551 0.0477 0.206 0.1731 0.1384 0.1063 0.0789 0.0569 0.041 0.0333 0.2154 0.1781 0.1389 0.103 0.0723 0.0467 0.0268 0.0171 0.2197 0.1817 0.1402 0.1021 0.0696 0.0421 0.019 0.0 0.21 0.1773 0.1393 0.1028 0.0715 0.0458 0.0262 0.0166 0.0936
7.000 -7.000 35 0.1724 0.1508 0.1744 0.1978 0.2164 0.2283 0.2367 0.2431 0.25 0.1382 0.16 0.1823 0.2012 0.2147 0.2255 0.2343 0.2429 0.1234 0.1429 0.1643 0.1843 0.2002 0.2134 0.2261 0.2372 0.106 0.1237 0.1451 0.1672 0.1863 0.2031 0.2182 0.2317 0.0841 0.101 0.1245 0.1489 0.1733 0.1938 0.2118 0.2273 0.056 0.0729 0.101 0.1312 0.159 0.1829 0.2034 0.2204 0.0257 0.0434 0.0766 0.1123 0.1441 0.1705 0.1923 0.21 0.0 0.0265 0.0607 0.097 0.1298 0.1568 0.1788 0.1966 0.1654
7.000 -5.000 35 0.1563 0.1785 0.1956 0.2093 0.2179 0.2216 0.223 0.2252 0.2284 0.1634 0.1779 0.1899 0.1989 0.2046 0.2087 0.2138 0.2195 0.1462 0.1574 0.1678 0.1776 0.1863 0.194 0.2021 0.211 0.1266 0.1347 0.1437 0.1554 0.1679 0.1798 0.1916 0.203 0.1028 0.1077 0.1169 0.1322 0.1488 0.1663 0.1818 0.1957 0.0735 0.0738 0.0857 0.1077 0.1307 0.1521 0.1712 0.1873 0.0434 0.0351 0.0528 0.0836 0.1133 0.1386 0.1598 0.1773 0.0265 0.0 0.0335 0.0689 0.1008 0.1271 0.1486 0.1661 0.1455
7.000 -3.000 35 0.136 0.1996 0.2074 0.2111 0.2093 0.2047 0.2006 0.1989 0.1996 0.1842 0.1886 0.1903 0.1887 0.1861 0.1848 0.186 0.1892 0.1673 0.1673 0.1667 0.1655 0.1657 0.1682 0.1727 0.1788 0.1491 0.1443 0.1412 0.1407 0.1444 0.1513 0.1597 0.1688 0.1282 0.1181 0.1126 0.1137 0.1221 0.1338 0.1469 0.1592 0.1029 0.0865 0.0781 0.0835 0.099 0.1168 0.1341 0.1493 0.077 0.053 0.0383 0.0525 0.0777 0.1016 0.1222 0.1393 0.0607 0.0335 0.0 0.0345 0.0656 0.0915 0.1127 0.13 0.1238
7.000 -1.000 35 0.1193 0.212 0.2113 0.2055 0.1955 0.1845 0.1764 0.1721 0.1709 0.1981 0.1936 0.1856 0.1756 0.1662 0.1604 0.1586 0.1597 0.1836 0.1742 0.1632 0.1531 0.1458 0.1431 0.1443 0.148 0.1695 0.1542 0.1393 0.1287 0.1237 0.1247 0.1296 0.1363 0.1535 0.1331 0.1134 0.1019 0.0995 0.1051 0.1144 0.1247 0.1352 0.1092 0.0838 0.0706 0.0726 0.0846 0.0992 0.1132 0.1142 0.0845 0.0527 0.0352 0.0458 0.0663 0.086 0.1028 0.097 0.0689 0.0345 0.0 0.0307 0.0564 0.0776 0.0949 0.1062
7.000 1.000 35 0.1097 0.2179 0.211 0.1981 0.182 0.167 0.156 0.1498 0.1468 0.2062 0.1958 0.1807 0.1642 0.1502 0.1408 0.1363 0.1351 0.1947 0.1794 0.1612 0.144 0.1312 0.1238 0.1216 0.1226 0.185 0.1638 0.1411 0.1222 0.1104 0.1052 0.1058 0.1097 0.1764 0.1482 0.1207 0.0987 0.0868 0.0843 0.0888 0.0962 0.1642 0.1325 0.0991 0.0725 0.0597 0.0611 0.071 0.0829 0.1477 0.1152 0.0782 0.0459 0.0297 0.0383 0.0554 0.0715 0.1298 0.1008 0.0656 0.0307 0.0 0.0257 0.047 0.0644 0.0976
7.000 3.000 35 0.1073 0.2219 0.2097 0.1921 0.1719 0.1539 0.1411 0.1327 0.1277 0.2128 0.1974 0.1778 0.1569 0.1392 0.1271 0.1197 0.1159 0.2034 0.1843 0.1619 0.1399 0.1225 0.1113 0.1052 0.1031 0.1975 0.1726 0.1461 0.122 0.1041 0.0937 0.0892 0.0892 0.1943 0.1633 0.1308 0.1034 0.0837 0.0735 0.0711 0.0744 0.1882 0.1534 0.1163 0.0841 0.0609 0.0502 0.0512 0.0591 0.1754 0.1412 0.1024 0.0664 0.0383 0.0248 0.0319 0.0458 0.1568 0.1271 0.0915 0.0564 0.0257 0.0 0.0214 0.0388 0.0976
7.000 5.000 35 0.1102 0.2245 0.2091 0.1876 0.1648 0.1449 0.13 0.1198 0.1124 0.218 0.2 0.1767 0.1529 0.1325 0.1176 0.1078 0.1011 0.2121 0.1897 0.1643 0.1394 0.1187 0.1037 0.0942 0.0884 0.2085 0.1816 0.1526 0.1257 0.1038 0.0882 0.0791 0.0744 0.2093 0.1765 0.1424 0.1117 0.0877 0.0707 0.0617 0.059 0.2079 0.1715 0.1329 0.0983 0.0707 0.0512 0.0419 0.0422 0.1981 0.1629 0.1231 0.0861 0.0554 0.0319 0.0205 0.0262 0.1788 0.1486 0.1127 0.0776 0.047 0.0214 0.0 0.0175 0.1026
7.000 7.000 35 0.1149 0.2267 0.2079 0.1843 0.1594 0.1382 0.1218 0.1095 0.1002 0.2223 0.202 0.1766 0.1504 0.1283 0.1113 0.0988 0.0898 0.2188 0.1953 0.1675 0.1404 0.1175 0.0997 0.0868 0.078 0.2179 0.1899 0.1594 0.1305 0.1063 0.0872 0.0735 0.065 0.2219 0.1882 0.1531 0.1212 0.0943 0.0735 0.0587 0.0504 0.2241 0.1868 0.1475 0.1119 0.0824 0.059 0.0422 0.0339 0.2166 0.1807 0.1405 0.1031 0.0716 0.0459 0.0262 0.0166 0.1966 0.1661 0.13 0.0949 0.0644 0.0388 0.0175 0.0 0.1097
0.500 0.000 0 0.0126 0.1163 0.1072 0.0956 0.0851 0.0785 0.0768 0.0792 0.0841 0.107 0.0936 0.0782 0.0662 0.061 0.0627 0.0686 0.0766 0.0992 0.0803 0.0601 0.0449 0.0415 0.0483 0.0592 0.0706 0.0958 0.0722 0.0457 0.0232 0.0216 0.0371 0.0534 0.0681 0.1014 0.074 0.0438 0.0152 0.0142 0.0358 0.0548 0.071 0.1177 0.0894 0.0603 0.0391 0.0364 0.049 0.065 0.0798 0.1412 0.116 0.0899 0.0716 0.0662 0.0717 0.0822 0.0936 0.1654 0.1455 0.1238 0.1062 0.0976 0.0976 0.1026 0.1097 0.0