n 66
m 2
tmax 10.0
Vcpm 1.4
R 1
dmax 12.0
-0.500 0.000 0 0.0 0.1193 0.1061 0.0912 0.081 0.0782 0.0811 0.0866 0.093 0.1086 0.0912 0.0722 0.0597 0.0577 0.0644 0.0746 0.0846 0.0994 0.0774 0.0531 0.0357 0.0346 0.0481 0.0644 0.0786 0.0932 0.0692 0.0415 0.015 0.0148 0.039 0.061 0.0788 0.0938 0.0709 0.0456 0.0245 0.0245 0.0451 0.0675 0.0865 0.1087 0.0858 0.0637 0.0499 0.0502 0.0631 0.0809 0.0978 0.1387 0.1158 0.0931 0.0787 0.0762 0.0827 0.0944 0.1065 0.1531 0.137 0.1178 0.1043 0.098 0.0983 0.1041 0.1114 0.0136
-7.000 -7.000 35 0.1193 0.0 0.0164 0.0381 0.0597 0.0787 0.0958 0.1104 0.1221 0.0147 0.0257 0.0467 0.069 0.0898 0.1087 0.1246 0.1371 0.0325 0.0443 0.064 0.0852 0.1054 0.1243 0.1402 0.1523 0.0524 0.0663 0.0854 0.1046 0.1239 0.1418 0.157 0.1684 0.0722 0.0883 0.1075 0.126 0.1438 0.1616 0.177 0.1882 0.0934 0.1114 0.1304 0.1477 0.165 0.183 0.1997 0.2111 0.1253 0.1458 0.1627 0.175 0.187 0.2019 0.2161 0.2273 0.1497 0.1743 0.1932 0.2027 0.2079 0.2159 0.2251 0.2353 0.1292
-7.000 -5.000 35 0.1061 0.0164 0.0 0.021 0.0417 0.0601 0.0769 0.0913 0.1028 0.0256 0.0213 0.0325 0.0513 0.0706 0.0887 0.1041 0.1163 0.0441 0.0461 0.0554 0.0703 0.0872 0.1043 0.119 0.1304 0.0662 0.0728 0.0819 0.0937 0.1076 0.1229 0.1361 0.1462 0.0887 0.0989 0.1085 0.1186 0.1311 0.1449 0.1573 0.1664 0.1131 0.125 0.1351 0.1441 0.1557 0.1692 0.1815 0.1902 0.1479 0.1617 0.1697 0.1737 0.1805 0.1906 0.2015 0.209 0.1746 0.1944 0.2021 0.2026 0.2033 0.2068 0.2136 0.2195 0.1183
-7.000 -3.000 35 0.0912 0.0381 0.021 0.0 0.0202 0.0385 0.0552 0.0695 0.0809 0.0465 0.0325 0.0233 0.0318 0.0484 0.0655 0.0805 0.0925 0.0637 0.0553 0.0504 0.0546 0.0667 0.0813 0.0948 0.1055 0.0854 0.0819 0.0792 0.0811 0.0895 0.1009 0.1122 0.1209 0.108 0.1085 0.1075 0.1084 0.1149 0.1247 0.134 0.1409 0.133 0.1357 0.1352 0.1358 0.1419 0.1511 0.1595 0.1647 0.1693 0.1732 0.1696 0.1662 0.1682 0.1747 0.1812 0.1856 0.1974 0.2053 0.203 0.195 0.1914 0.1926 0.1955 0.1985 0.1043
-7.000 -1.000 35 0.081 0.0597 0.0417 0.0202 0.0 0.0184 0.0351 0.0493 0.0607 0.0686 0.0512 0.0318 0.0216 0.0294 0.0444 0.0586 0.0703 0.0846 0.0701 0.0546 0.0472 0.0508 0.0613 0.0727 0.0824 0.1043 0.0935 0.081 0.0746 0.0758 0.0824 0.0903 0.0975 0.1257 0.1177 0.1077 0.1023 0.1027 0.1073 0.1128 0.1171 0.1492 0.1432 0.1346 0.13 0.1308 0.135 0.1391 0.1409 0.1849 0.1793 0.168 0.1597 0.1579 0.1601 0.1625 0.1623 0.2123 0.21 0.1988 0.188 0.1809 0.1789 0.1785 0.1769 0.0948
-7.000 1.000 35 0.0782 0.0787 0.0601 0.0385 0.0184 0.0 0.0166 0.0307 0.042 0.089 0.0703 0.0483 0.0294 0.02 0.0266 0.0388 0.0499 0.1048 0.087 0.0667 0.0509 0.0438 0.0459 0.0534 0.0615 0.1235 0.1073 0.0895 0.0758 0.0693 0.0686 0.0719 0.0762 0.1418 0.1289 0.1134 0.102 0.0962 0.0942 0.0946 0.0957 0.1636 0.1519 0.1383 0.1289 0.1247 0.1224 0.121 0.1191 0.1982 0.1862 0.1699 0.1577 0.1518 0.148 0.1449 0.1408 0.223 0.2148 0.1986 0.1838 0.1745 0.167 0.1617 0.1562 0.0917
-7.000 3.000 35 0.0811 0.0958 0.0769 0.0552 0.0351 0.0166 0.0 0.014 0.0253 0.108 0.0885 0.0656 0.0445 0.0267 0.0175 0.0225 0.032 0.124 0.1045 0.0818 0.0617 0.0461 0.0383 0.0386 0.0437 0.1414 0.1228 0.1012 0.0828 0.0689 0.0606 0.0576 0.0586 0.1575 0.1412 0.1223 0.1062 0.0939 0.0852 0.0799 0.0773 0.1777 0.162 0.1449 0.1312 0.1209 0.1127 0.1056 0.0997 0.2115 0.1947 0.1744 0.1582 0.1467 0.1379 0.1288 0.1205 0.2342 0.2199 0.2006 0.182 0.1673 0.1563 0.1452 0.1356 0.0932
-7.000 5.000 35 0.0866 0.1104 0.0913 0.0695 0.0493 0.0307 0.014 0.0 0.0113 0.1245 0.1045 0.0812 0.0591 0.0391 0.0226 0.0144 0.0181 0.141 0.1204 0.0963 0.0738 0.0541 0.0389 0.0312 0.0309 0.1574 0.1369 0.1133 0.0914 0.0727 0.0581 0.0492 0.0458 0.1715 0.1527 0.1313 0.1119 0.0947 0.0803 0.0698 0.0635 0.1905 0.1717 0.1516 0.1346 0.1194 0.1057 0.0938 0.0843 0.2229 0.2027 0.1791 0.1592 0.1429 0.1285 0.1157 0.1034 0.2426 0.2253 0.2016 0.18 0.161 0.1446 0.1308 0.1172 0.0973
-7.000 7.000 35 0.093 0.1221 0.1028 0.0809 0.0607 0.042 0.0253 0.0113 0.0 0.138 0.1176 0.094 0.0715 0.0506 0.0323 0.0182 0.0115 0.1551 0.1336 0.1086 0.0848 0.063 0.0444 0.0311 0.0247 0.1706 0.1487 0.1236 0.1 0.0782 0.0598 0.0463 0.0387 0.1829 0.1624 0.1392 0.1175 0.0972 0.0789 0.0646 0.0547 0.2006 0.1799 0.1576 0.1379 0.1194 0.1017 0.086 0.0735 0.2322 0.2094 0.1831 0.16 0.1403 0.1219 0.105 0.0908 0.25 0.2284 0.2025 0.1771 0.1552 0.1352 0.1176 0.1029 0.1021
-5.000 -7.000 35 0.1086 0.0147 0.0256 0.0465 0.0686 0.089 0.108 0.1245 0.138 0.0 0.0199 0.0456 0.0716 0.0953 0.1169 0.1352 0.1498 0.0177 0.0302 0.054 0.0797 0.1038 0.1259 0.1447 0.1593 0.0374 0.0496 0.0706 0.0937 0.1163 0.1379 0.1565 0.171 0.0569 0.0705 0.09 0.1105 0.1323 0.1538 0.1732 0.188 0.0782 0.0935 0.1116 0.1302 0.15 0.1711 0.1909 0.2063 0.1103 0.1281 0.144 0.1569 0.1702 0.1861 0.2035 0.2181 0.1343 0.1561 0.174 0.1842 0.1905 0.1993 0.2095 0.2208 0.1169
-5.000 -5.000 25 0.0912 0.0257 0.0213 0.0325 0.0512 0.0703 0.0885 0.1045 0.1176 0.0199 0.0 0.025 0.0501 0.0733 0.0944 0.1125 0.1268 0.0302 0.0247 0.0374 0.0592 0.0818 0.1031 0.1212 0.1354 0.0497 0.0511 0.0608 0.0773 0.0964 0.1159 0.1333 0.1468 0.071 0.0768 0.086 0.0991 0.1154 0.1339 0.1509 0.1641 0.095 0.1029 0.1121 0.1228 0.1374 0.1546 0.1712 0.184 0.1298 0.1398 0.1468 0.1519 0.1606 0.1731 0.1867 0.1988 0.1559 0.1722 0.1789 0.1805 0.1826 0.1876 0.1964 0.2052 0.1015
-5.000 -3.000 25 0.0722 0.0467 0.0325 0.0233 0.0318 0.0483 0.0656 0.0812 0.094 0.0456 0.025 0.0 0.0246 0.0475 0.0686 0.0865 0.1007 0.054 0.0374 0.0269 0.037 0.0565 0.0767 0.0943 0.1082 0.0709 0.0608 0.0554 0.0603 0.074 0.0908 0.1066 0.1192 0.0906 0.086 0.0833 0.0862 0.0965 0.1109 0.1251 0.1364 0.1143 0.1128 0.1108 0.113 0.1216 0.1345 0.1475 0.1574 0.15 0.1502 0.1454 0.1431 0.1469 0.156 0.166 0.1742 0.1771 0.1816 0.1786 0.1716 0.1694 0.1725 0.1779 0.1843 0.0843
-5.000 -1.000 25 0.0597 0.069 0.0513 0.0318 0.0216 0.0294 0.0445 0.0591 0.0715 0.0716 0.0501 0.0246 0.0 0.0229 0.0439 0.0617 0.0758 0.0797 0.0592 0.037 0.0253 0.0346 0.0521 0.0688 0.0823 0.0939 0.0772 0.0602 0.0524 0.0566 0.0685 0.0818 0.0931 0.1104 0.0983 0.0856 0.0797 0.0823 0.091 0.1013 0.1103 0.1322 0.1224 0.112 0.1073 0.1098 0.117 0.1255 0.132 0.1671 0.1579 0.1453 0.137 0.1363 0.1407 0.1467 0.1507 0.1928 0.1875 0.1754 0.165 0.1589 0.1586 0.1609 0.1629 0.0732
-5.000 1.000 25 0.0577 0.0898 0.0706 0.0484 0.0294 0.02 0.0267 0.0391 0.0506 0.0953 0.0733 0.0475 0.0229 0.0 0.0208 0.0384 0.0524 0.1039 0.0818 0.0566 0.0346 0.0235 0.0312 0.0454 0.0581 0.1162 0.0961 0.0738 0.0565 0.0487 0.0513 0.0599 0.0691 0.1304 0.1131 0.0949 0.0816 0.0755 0.0761 0.0808 0.0864 0.1496 0.1343 0.1185 0.108 0.1038 0.1037 0.106 0.1085 0.183 0.1676 0.1495 0.1366 0.1308 0.1287 0.1287 0.1285 0.2056 0.1946 0.1772 0.1621 0.1531 0.1472 0.1445 0.1424 0.0709
-5.000 3.000 25 0.0644 0.1087 0.0887 0.0655 0.0444 0.0266 0.0175 0.0226 0.0323 0.1169 0.0944 0.0686 0.0439 0.0208 0.0 0.0175 0.0314 0.1262 0.1033 0.0769 0.0522 0.0313 0.0205 0.0262 0.037 0.1373 0.1153 0.0905 0.0684 0.0513 0.0426 0.0431 0.0487 0.1491 0.1295 0.1077 0.0894 0.0755 0.0672 0.0649 0.0662 0.1667 0.148 0.1286 0.1133 0.1022 0.0947 0.0902 0.0879 0.199 0.1794 0.157 0.1396 0.1276 0.1196 0.1129 0.1079 0.2194 0.2024 0.1816 0.1623 0.1477 0.1377 0.1288 0.1222 0.0757
-5.000 5.000 25 0.0746 0.1246 0.1041 0.0805 0.0586 0.0388 0.0225 0.0144 0.0182 0.1352 0.1125 0.0865 0.0617 0.0384 0.0175 0.0 0.014 0.1454 0.1219 0.0948 0.0691 0.0456 0.0262 0.0166 0.0208 0.1556 0.1324 0.1061 0.0817 0.06 0.0432 0.0345 0.0341 0.1655 0.1442 0.1207 0.099 0.08 0.0648 0.0552 0.0515 0.182 0.161 0.139 0.1203 0.1038 0.0898 0.0792 0.0721 0.2138 0.1908 0.1651 0.1437 0.1265 0.1122 0.1009 0.091 0.2303 0.2106 0.1853 0.1629 0.1436 0.1278 0.1156 0.1045 0.084
-5.000 7.000 35 0.0846 0.1371 0.1163 0.0925 0.0703 0.0499 0.032 0.0181 0.0115 0.1498 0.1268 0.1007 0.0758 0.0524 0.0314 0.014 0.0 0.1607 0.1367 0.1093 0.0831 0.0586 0.0372 0.0208 0.013 0.1703 0.1462 0.1191 0.0934 0.0696 0.0491 0.0343 0.0269 0.1788 0.1564 0.1317 0.1084 0.0863 0.0668 0.052 0.043 0.1946 0.172 0.1483 0.1271 0.1072 0.0886 0.0731 0.0618 0.2259 0.2005 0.1723 0.1476 0.1267 0.1079 0.0917 0.079 0.2389 0.2161 0.1888 0.1624 0.1401 0.1204 0.1039 0.0909 0.0926
-3.000 -7.000 35 0.0994 0.0325 0.0441 0.0637 0.0846 0.1048 0.124 0.141 0.1551 0.0177 0.0302 0.054 0.0797 0.1039 0.1262 0.1454 0.1607 0.0 0.0224 0.0507 0.0793 0.1055 0.1294 0.1497 0.1656 0.0194 0.0323 0.0571 0.084 0.1099 0.1343 0.1554 0.1722 0.0387 0.0505 0.0714 0.0951 0.1198 0.1447 0.1673 0.1855 0.0601 0.0731 0.091 0.1111 0.1335 0.1573 0.1802 0.1991 0.0926 0.108 0.1237 0.1377 0.1521 0.1689 0.1871 0.204 0.1162 0.1352 0.1528 0.1645 0.172 0.1803 0.1916 0.2033 0.1046
-3.000 -5.000 25 0.0774 0.0443 0.0461 0.0553 0.0701 0.087 0.1045 0.1204 0.1336 0.0302 0.0247 0.0374 0.0592 0.0818 0.1033 0.1219 0.1367 0.0224 0.0 0.0276 0.0552 0.0809 0.1044 0.1244 0.14 0.0323 0.0261 0.0392 0.0622 0.0865 0.1099 0.1304 0.1466 0.0508 0.0515 0.0612 0.0784 0.0995 0.1222 0.1433 0.1602 0.0742 0.0776 0.0864 0.0994 0.1171 0.1381 0.1587 0.1757 0.1089 0.1151 0.1214 0.1279 0.1385 0.1531 0.1694 0.1842 0.1342 0.1471 0.153 0.156 0.1597 0.166 0.1754 0.1867 0.0844
-3.000 -3.000 15 0.0531 0.064 0.0554 0.0504 0.0546 0.0667 0.0818 0.0963 0.1086 0.054 0.0374 0.0269 0.037 0.0566 0.0769 0.0948 0.1093 0.0507 0.0276 0.0 0.0272 0.0526 0.0759 0.0957 0.1112 0.0572 0.0392 0.0281 0.0389 0.0599 0.0821 0.1018 0.1175 0.0717 0.0611 0.0558 0.0616 0.077 0.0966 0.1158 0.1314 0.0933 0.0871 0.0832 0.0871 0.099 0.116 0.1337 0.1484 0.1284 0.1244 0.1182 0.1171 0.1228 0.1345 0.148 0.1602 0.154 0.1549 0.1511 0.1452 0.1447 0.1493 0.1569 0.1656 0.063
-3.000 -1.000 15 0.0357 0.0852 0.0703 0.0546 0.0472 0.0509 0.0617 0.0738 0.0848 0.0797 0.0592 0.037 0.0253 0.0346 0.0522 0.0691 0.0831 0.0793 0.0552 0.0272 0.0 0.0254 0.0487 0.0683 0.0836 0.084 0.0621 0.0389 0.0268 0.0368 0.056 0.0745 0.0896 0.0948 0.0777 0.0612 0.054 0.0596 0.0737 0.0898 0.1036 0.1139 0.0996 0.0867 0.0814 0.0858 0.0969 0.1101 0.1219 0.1475 0.1344 0.1198 0.1112 0.1117 0.1186 0.1282 0.1368 0.1711 0.1624 0.1491 0.139 0.1339 0.1352 0.1401 0.1455 0.0486
-3.000 1.000 15 0.0346 0.1054 0.0872 0.0667 0.0508 0.0438 0.0461 0.0541 0.063 0.1038 0.0818 0.0565 0.0346 0.0235 0.0313 0.0456 0.0586 0.1055 0.0809 0.0526 0.0254 0.0 0.023 0.0424 0.0577 0.1094 0.086 0.0597 0.0367 0.0251 0.0337 0.0494 0.0635 0.1176 0.0973 0.0757 0.0591 0.0519 0.056 0.0665 0.0776 0.1347 0.1159 0.0972 0.0847 0.0801 0.0825 0.0894 0.0969 0.167 0.1478 0.1272 0.1129 0.1069 0.1066 0.1101 0.1145 0.1865 0.1724 0.1533 0.1376 0.129 0.1245 0.1244 0.126 0.0474
-3.000 3.000 15 0.0481 0.1243 0.1043 0.0813 0.0613 0.0459 0.0383 0.0389 0.0444 0.1259 0.1031 0.0767 0.0521 0.0312 0.0205 0.0262 0.0372 0.1294 0.1044 0.0759 0.0487 0.023 0.0 0.0193 0.0345 0.133 0.1087 0.0814 0.0557 0.0336 0.0221 0.0285 0.0404 0.1395 0.1176 0.0937 0.0724 0.0555 0.047 0.0484 0.0551 0.1557 0.134 0.112 0.0944 0.0815 0.0744 0.0729 0.0752 0.1869 0.164 0.1389 0.1194 0.1063 0.099 0.0949 0.0937 0.2023 0.1836 0.161 0.1406 0.1257 0.1167 0.1101 0.1067 0.0577
-3.000 5.000 25 0.0644 0.1402 0.119 0.0948 0.0727 0.0534 0.0386 0.0312 0.0311 0.1447 0.1212 0.0943 0.0688 0.0454 0.0262 0.0166 0.0208 0.1497 0.1244 0.0957 0.0683 0.0424 0.0193 0.0 0.0152 0.1532 0.1284 0.1006 0.074 0.0492 0.0285 0.018 0.0226 0.1588 0.1361 0.1111 0.0875 0.0658 0.0483 0.039 0.0387 0.1748 0.1514 0.1274 0.1061 0.0877 0.0726 0.0631 0.0588 0.2055 0.1797 0.1514 0.1277 0.1089 0.0943 0.0844 0.0772 0.2178 0.1943 0.1682 0.1446 0.1247 0.1093 0.0988 0.0901 0.0718
-3.000 7.000 35 0.0786 0.1523 0.1304 0.1055 0.0824 0.0615 0.0437 0.0309 0.0247 0.1593 0.1354 0.1082 0.0823 0.0581 0.037 0.0208 0.013 0.1656 0.14 0.1112 0.0836 0.0577 0.0345 0.0152 0.0 0.1693 0.1442 0.1161 0.089 0.0634 0.0405 0.0226 0.014 0.1746 0.1513 0.1257 0.101 0.077 0.0553 0.0389 0.0303 0.1909 0.1663 0.1408 0.1176 0.0954 0.0754 0.0593 0.0492 0.2211 0.1932 0.1624 0.1355 0.1129 0.0932 0.0773 0.0661 0.2291 0.2038 0.1739 0.147 0.1241 0.1044 0.0889 0.0777 0.0851
-1.000 -7.000 35 0.0932 0.0524 0.0662 0.0854 0.1043 0.1235 0.1414 0.1574 0.1706 0.0374 0.0497 0.0709 0.0939 0.1162 0.1373 0.1556 0.1703 0.0194 0.0323 0.0572 0.084 0.1094 0.133 0.1532 0.1693 0.0 0.0228 0.051 0.0798 0.1069 0.1326 0.1552 0.1734 0.0192 0.0316 0.0556 0.0822 0.1093 0.1364 0.1615 0.1821 0.0415 0.053 0.0724 0.0947 0.1183 0.1436 0.1682 0.1893 0.0746 0.0881 0.1052 0.1213 0.1372 0.1539 0.1717 0.1889 0.0975 0.114 0.1324 0.1471 0.1568 0.1657 0.1752 0.1858 0.0945
-1.000 -5.000 25 0.0692 0.0663 0.0728 0.0819 0.0935 0.1073 0.1228 0.1369 0.1487 0.0496 0.0511 0.0608 0.0772 0.0961 0.1153 0.1324 0.1462 0.0323 0.0261 0.0392 0.0621 0.086 0.1087 0.1284 0.1442 0.0228 0.0 0.0276 0.0555 0.0822 0.1075 0.1299 0.1478 0.0317 0.0252 0.0381 0.0611 0.0867 0.1129 0.1372 0.1571 0.0536 0.052 0.0612 0.0775 0.0986 0.1225 0.146 0.1662 0.0881 0.0904 0.0964 0.1054 0.1179 0.1342 0.1517 0.1683 0.1122 0.1218 0.1272 0.1326 0.1387 0.146 0.1556 0.1665 0.0716
-1.000 -3.000 15 0.0415 0.0854 0.0819 0.0792 0.081 0.0895 0.1012 0.1133 0.1236 0.0706 0.0608 0.0554 0.0602 0.0738 0.0905 0.1061 0.1191 0.0571 0.0392 0.0281 0.0389 0.0597 0.0814 0.1006 0.1161 0.051 0.0276 0.0 0.0275 0.054 0.0792 0.1014 0.1192 0.0558 0.0381 0.0275 0.0387 0.0611 0.086 0.1094 0.1287 0.0743 0.0619 0.0552 0.0614 0.0775 0.0989 0.1207 0.1395 0.1081 0.0987 0.0909 0.091 0.0992 0.113 0.1296 0.1449 0.1312 0.1279 0.1234 0.1187 0.1201 0.1264 0.1353 0.1457 0.0458
-1.000 -1.000 5 0.015 0.1046 0.0937 0.0811 0.0746 0.0758 0.0828 0.0914 0.1 0.0937 0.0773 0.0603 0.0524 0.0565 0.0684 0.0817 0.0934 0.084 0.0622 0.0389 0.0268 0.0367 0.0557 0.074 0.089 0.0798 0.0555 0.0275 0.0 0.0265 0.0516 0.0736 0.0912 0.0823 0.0609 0.0386 0.0272 0.0384 0.0601 0.0821 0.1005 0.0985 0.0788 0.0617 0.0546 0.0613 0.0775 0.0962 0.1129 0.1302 0.1119 0.0941 0.0846 0.0862 0.0958 0.1087 0.1221 0.1501 0.1372 0.1221 0.112 0.1078 0.1108 0.118 0.1263 0.0244
-1.000 1.000 5 0.0148 0.1239 0.1076 0.0895 0.0758 0.0693 0.0689 0.0727 0.0782 0.1163 0.0964 0.074 0.0566 0.0487 0.0513 0.06 0.0696 0.1099 0.0865 0.0599 0.0368 0.0251 0.0336 0.0492 0.0634 0.1069 0.0822 0.054 0.0265 0.0 0.0249 0.0466 0.064 0.1084 0.0856 0.0605 0.0382 0.0269 0.0371 0.0558 0.0728 0.1237 0.1005 0.0776 0.0612 0.055 0.0604 0.0734 0.0869 0.154 0.1301 0.1054 0.0884 0.0815 0.0829 0.0904 0.0991 0.1681 0.1503 0.1287 0.1118 0.103 0.0999 0.1025 0.1076 0.0242
-1.000 3.000 15 0.039 0.1418 0.1229 0.1009 0.0824 0.0686 0.0606 0.0581 0.0598 0.1379 0.1159 0.0908 0.0685 0.0513 0.0426 0.0432 0.0491 0.1343 0.1099 0.0821 0.056 0.0337 0.0221 0.0285 0.0405 0.1326 0.1075 0.0792 0.0516 0.0249 0.0 0.0215 0.0387 0.1338 0.1105 0.0845 0.0595 0.037 0.0251 0.033 0.0472 0.1491 0.124 0.0984 0.0769 0.0601 0.0523 0.0547 0.0631 0.1784 0.1509 0.1221 0.099 0.0836 0.0763 0.075 0.0785 0.187 0.1648 0.1397 0.1176 0.1019 0.0934 0.0892 0.0893 0.044
-1.000 5.000 25 0.061 0.157 0.1361 0.1122 0.0903 0.0719 0.0576 0.0492 0.0463 0.1565 0.1333 0.1066 0.0818 0.0599 0.0431 0.0345 0.0343 0.1554 0.1304 0.1018 0.0745 0.0494 0.0285 0.018 0.0226 0.1552 0.1299 0.1014 0.0736 0.0466 0.0215 0.0 0.0172 0.1569 0.1332 0.1068 0.0808 0.0554 0.0329 0.0212 0.0267 0.1728 0.1464 0.1192 0.0948 0.0728 0.0545 0.0451 0.0447 0.2013 0.1713 0.1392 0.112 0.0907 0.0748 0.0659 0.0618 0.2042 0.1788 0.1504 0.125 0.104 0.0888 0.0797 0.0739 0.0652
-1.000 7.000 35 0.0788 0.1684 0.1462 0.1209 0.0975 0.0762 0.0586 0.0458 0.0387 0.171 0.1468 0.1192 0.0931 0.0691 0.0487 0.0341 0.0269 0.1722 0.1466 0.1175 0.0896 0.0635 0.0404 0.0226 0.014 0.1734 0.1478 0.1192 0.0912 0.064 0.0387 0.0172 0.0 0.1759 0.152 0.1253 0.0989 0.0724 0.0473 0.0267 0.0165 0.1928 0.1653 0.137 0.1109 0.0861 0.0631 0.0449 0.0353 0.2204 0.1884 0.154 0.1241 0.0985 0.0777 0.0614 0.0518 0.2175 0.1895 0.1587 0.1305 0.1067 0.0869 0.0723 0.0629 0.0831
1.000 -7.000 35 0.0938 0.0722 0.0887 0.108 0.1257 0.1418 0.1575 0.1715 0.1829 0.0569 0.071 0.0906 0.1104 0.1304 0.1491 0.1655 0.1788 0.0387 0.0508 0.0717 0.0948 0.1176 0.1395 0.1588 0.1746 0.0192 0.0317 0.0558 0.0823 0.1084 0.1338 0.1569 0.1759 0.0 0.0229 0.0503 0.0783 0.1061 0.134 0.1602 0.1822 0.0239 0.0375 0.0625 0.0881 0.113 0.1382 0.1626 0.1838 0.0574 0.0707 0.0933 0.115 0.1334 0.1502 0.1665 0.1818 0.0786 0.0932 0.1147 0.1334 0.1504 0.1623 0.1724 0.1816 0.092
1.000 -5.000 25 0.0709 0.0883 0.0989 0.1085 0.1177 0.1289 0.1412 0.1527 0.1624 0.0705 0.0768 0.086 0.0983 0.1131 0.1295 0.1442 0.1564 0.0505 0.0515 0.0611 0.0777 0.0973 0.1176 0.1361 0.1513 0.0316 0.0252 0.0381 0.0609 0.0856 0.1105 0.1332 0.152 0.0229 0.0 0.0269 0.0543 0.0818 0.1095 0.1355 0.1572 0.0376 0.0283 0.041 0.0635 0.0878 0.113 0.1375 0.1586 0.0698 0.0677 0.075 0.0897 0.1058 0.1226 0.1397 0.1558 0.0914 0.0975 0.1034 0.1135 0.123 0.1338 0.1436 0.1536 0.0682
1.000 -3.000 15 0.0456 0.1075 0.1085 0.1075 0.1077 0.1134 0.1223 0.1313 0.1392 0.09 0.086 0.0833 0.0856 0.0949 0.1077 0.1207 0.1317 0.0714 0.0612 0.0558 0.0612 0.0757 0.0937 0.1111 0.1257 0.0556 0.0381 0.0275 0.0386 0.0605 0.0845 0.1068 0.1253 0.0503 0.0269 0.0 0.0272 0.0546 0.0823 0.1081 0.1297 0.0636 0.0414 0.0287 0.0396 0.0616 0.0864 0.1107 0.1316 0.0932 0.0757 0.0653 0.0677 0.0799 0.096 0.1134 0.1298 0.1107 0.1021 0.0968 0.094 0.0988 0.1066 0.117 0.1275 0.0414
1.000 -1.000 5 0.0245 0.126 0.1186 0.1084 0.1023 0.102 0.1062 0.1119 0.1175 0.1105 0.0991 0.0862 0.0797 0.0816 0.0894 0.099 0.1084 0.0951 0.0784 0.0616 0.054 0.0591 0.0724 0.0875 0.101 0.0822 0.0611 0.0387 0.0272 0.0382 0.0595 0.0808 0.0989 0.0783 0.0543 0.0272 0.0 0.0275 0.0551 0.0807 0.102 0.0916 0.0652 0.0399 0.0276 0.0389 0.0612 0.0845 0.1049 0.1186 0.0933 0.0696 0.058 0.0612 0.0741 0.0901 0.1057 0.1291 0.1129 0.0949 0.0847 0.0817 0.0868 0.0952 0.1056 0.0153
1.000 1.000 5 0.0245 0.1438 0.1311 0.1149 0.1027 0.0962 0.0939 0.0947 0.0972 0.1323 0.1154 0.0965 0.0823 0.0755 0.0755 0.08 0.0863 0.1198 0.0995 0.077 0.0596 0.0519 0.0555 0.0658 0.077 0.1093 0.0867 0.0611 0.0384 0.0269 0.037 0.0554 0.0724 0.1061 0.0818 0.0546 0.0275 0.0 0.0274 0.0526 0.0735 0.1198 0.0915 0.0628 0.0391 0.0277 0.0386 0.0587 0.0777 0.145 0.1152 0.0848 0.0629 0.0537 0.0574 0.0692 0.0823 0.1496 0.1263 0.1028 0.084 0.0747 0.0731 0.078 0.0856 0.0154
1.000 3.000 15 0.0451 0.1616 0.1449 0.1247 0.1073 0.0942 0.0852 0.0803 0.0789 0.1538 0.1339 0.1109 0.091 0.0761 0.0672 0.0648 0.0668 0.1447 0.1222 0.0966 0.0737 0.056 0.047 0.0483 0.0553 0.1364 0.1129 0.086 0.0601 0.0371 0.0251 0.0329 0.0473 0.134 0.1095 0.0823 0.0551 0.0274 0.0 0.0249 0.0455 0.1482 0.1187 0.0886 0.0617 0.0386 0.0266 0.0354 0.0513 0.1716 0.1392 0.1053 0.0775 0.0583 0.0497 0.0519 0.0604 0.1687 0.1432 0.1148 0.0914 0.0745 0.0661 0.0644 0.0679 0.0416
1.000 5.000 25 0.0675 0.177 0.1573 0.134 0.1128 0.0946 0.0799 0.0698 0.0646 0.1732 0.1509 0.1251 0.1013 0.0808 0.0649 0.0552 0.052 0.1673 0.1433 0.1158 0.0898 0.0665 0.0484 0.039 0.0389 0.1615 0.1372 0.1094 0.0821 0.0558 0.033 0.0212 0.0267 0.1602 0.1355 0.1081 0.0807 0.0526 0.0249 0.0 0.0204 0.1748 0.1444 0.1134 0.0851 0.0587 0.0354 0.0232 0.0293 0.1963 0.162 0.1259 0.0949 0.0701 0.0519 0.043 0.0431 0.1861 0.1582 0.1281 0.1008 0.0795 0.0642 0.0561 0.0536 0.0665
1.000 7.000 35 0.0865 0.1882 0.1664 0.1409 0.1171 0.0957 0.0773 0.0635 0.0547 0.188 0.1641 0.1364 0.1103 0.0864 0.0662 0.0515 0.043 0.1855 0.1602 0.1314 0.1036 0.0776 0.0551 0.0387 0.0303 0.1821 0.1571 0.1287 0.1005 0.0728 0.0472 0.0267 0.0165 0.1822 0.1572 0.1297 0.102 0.0735 0.0455 0.0204 0.0 0.1971 0.166 0.1343 0.1052 0.0774 0.0511 0.0293 0.0182 0.2165 0.1807 0.1431 0.1101 0.0825 0.0598 0.0427 0.034 0.1992 0.1698 0.1382 0.1096 0.085 0.066 0.0523 0.0446 0.0871
3.000 -7.000 35 0.1087 0.0934 0.1131 0.133 0.1492 0.1636 0.1777 0.1905 0.2006 0.0782 0.095 0.1143 0.1322 0.1496 0.1667 0.182 0.1946 0.0601 0.0742 0.0933 0.1139 0.1347 0.1557 0.1748 0.1909 0.0415 0.0536 0.0743 0.0985 0.1237 0.1491 0.1728 0.1928 0.0239 0.0376 0.0636 0.0916 0.1198 0.1482 0.1748 0.1971 0.0 0.0326 0.0678 0.0996 0.1273 0.1532 0.1772 0.1976 0.0313 0.0495 0.0824 0.1143 0.14 0.1609 0.1785 0.1935 0.049 0.0634 0.0884 0.1146 0.138 0.1575 0.1731 0.1857 0.106
3.000 -5.000 25 0.0858 0.1114 0.125 0.1357 0.1432 0.1519 0.162 0.1717 0.1799 0.0935 0.1029 0.1128 0.1224 0.1343 0.148 0.161 0.172 0.0731 0.0776 0.0871 0.0996 0.1159 0.134 0.1514 0.1663 0.053 0.052 0.0619 0.0788 0.1005 0.124 0.1464 0.1653 0.0375 0.0283 0.0414 0.0652 0.0915 0.1187 0.1444 0.166 0.0326 0.0 0.0342 0.0652 0.0925 0.1183 0.1422 0.1625 0.0491 0.038 0.0534 0.0795 0.1031 0.1233 0.141 0.1561 0.0633 0.0641 0.0734 0.091 0.1086 0.1245 0.1381 0.1496 0.0798
3.000 -3.000 15 0.0637 0.1304 0.1351 0.1352 0.1346 0.1383 0.1449 0.1516 0.1576 0.1116 0.1121 0.1108 0.112 0.1185 0.1286 0.139 0.1483 0.091 0.0864 0.0832 0.0867 0.0972 0.112 0.1274 0.1408 0.0724 0.0612 0.0552 0.0617 0.0776 0.0984 0.1192 0.137 0.0625 0.041 0.0287 0.0399 0.0628 0.0886 0.1134 0.1343 0.0678 0.0342 0.0 0.0306 0.0581 0.084 0.108 0.1283 0.0809 0.0532 0.0364 0.0469 0.0671 0.0869 0.1049 0.1206 0.0863 0.0719 0.0649 0.0673 0.0785 0.0911 0.1034 0.1146 0.0543
3.000 -1.000 15 0.0499 0.1477 0.1441 0.1358 0.13 0.1289 0.1312 0.1346 0.1379 0.1302 0.1228 0.113 0.1073 0.108 0.1133 0.1203 0.1271 0.1111 0.0994 0.0871 0.0814 0.0847 0.0944 0.1061 0.1176 0.0947 0.0775 0.0614 0.0546 0.0612 0.0769 0.0948 0.1109 0.0881 0.0635 0.0396 0.0276 0.0391 0.0617 0.0851 0.1052 0.0996 0.0652 0.0306 0.0 0.0277 0.0539 0.0779 0.0981 0.1119 0.0792 0.047 0.0304 0.0391 0.057 0.075 0.0909 0.1077 0.0871 0.0659 0.0555 0.056 0.0648 0.0756 0.0864 0.0371
3.000 1.000 15 0.0502 0.165 0.1557 0.1419 0.1308 0.1247 0.1209 0.1194 0.1194 0.15 0.1374 0.1216 0.1098 0.1038 0.1022 0.1038 0.1072 0.1335 0.1171 0.099 0.0858 0.0801 0.0815 0.0877 0.0954 0.1183 0.0986 0.0775 0.0613 0.055 0.0601 0.0728 0.0861 0.113 0.0878 0.0616 0.0389 0.0277 0.0386 0.0587 0.0774 0.1273 0.0925 0.0581 0.0277 0.0 0.0262 0.05 0.0701 0.139 0.1044 0.0683 0.0394 0.0258 0.0339 0.0499 0.0653 0.1262 0.1019 0.0764 0.0557 0.046 0.0468 0.0544 0.0639 0.0372
3.000 3.000 15 0.0631 0.183 0.1692 0.1511 0.135 0.1224 0.1127 0.1057 0.1017 0.1711 0.1546 0.1345 0.117 0.1037 0.0947 0.0898 0.0886 0.1573 0.1381 0.116 0.0969 0.0825 0.0744 0.0726 0.0754 0.1436 0.1225 0.0989 0.0775 0.0604 0.0523 0.0545 0.0631 0.1382 0.113 0.0864 0.0612 0.0386 0.0266 0.0354 0.0511 0.1532 0.1183 0.084 0.0539 0.0262 0.0 0.0237 0.0434 0.1635 0.1278 0.0903 0.0584 0.0341 0.0225 0.0294 0.0426 0.1427 0.1167 0.0889 0.0646 0.0468 0.0385 0.0394 0.0456 0.0537
3.000 5.000 25 0.0809 0.1997 0.1815 0.1595 0.1391 0.121 0.1056 0.0938 0.086 0.1909 0.1712 0.1475 0.1255 0.106 0.0902 0.0792 0.0731 0.1802 0.1587 0.1337 0.1101 0.0894 0.0729 0.0631 0.0593 0.1682 0.146 0.1207 0.0962 0.0734 0.0547 0.0451 0.0449 0.1626 0.1375 0.1107 0.0845 0.0587 0.0354 0.0232 0.0293 0.1772 0.1422 0.108 0.0779 0.05 0.0237 0.0 0.0196 0.1851 0.1487 0.1105 0.0774 0.0504 0.0294 0.0191 0.0243 0.1569 0.1301 0.1014 0.0755 0.0543 0.0392 0.0319 0.0324 0.0746
3.000 7.000 35 0.0978 0.2111 0.1902 0.1647 0.1409 0.1191 0.0997 0.0843 0.0735 0.2063 0.184 0.1574 0.132 0.1085 0.0879 0.0721 0.0618 0.1991 0.1757 0.1484 0.1219 0.0969 0.0752 0.0588 0.0492 0.1893 0.1662 0.1395 0.1129 0.0869 0.0631 0.0447 0.0353 0.1838 0.1586 0.1316 0.1049 0.0777 0.0513 0.0293 0.0182 0.1976 0.1625 0.1283 0.0981 0.0701 0.0434 0.0196 0.0 0.2028 0.1658 0.1271 0.0935 0.0656 0.0423 0.0242 0.0151 0.1677 0.1406 0.1116 0.0851 0.0626 0.0446 0.0318 0.0255 0.0936
5.000 -7.000 35 0.1387 0.1253 0.1479 0.1693 0.1849 0.1982 0.2115 0.2229 0.2322 0.1103 0.1298 0.15 0.1671 0.183 0.199 0.2138 0.2259 0.0926 0.1089 0.1284 0.1475 0.167 0.1869 0.2055 0.2211 0.0746 0.0881 0.1081 0.1302 0.154 0.1784 0.2013 0.2204 0.0574 0.0698 0.0932 0.1186 0.145 0.1716 0.1963 0.2165 0.0313 0.0491 0.0809 0.1119 0.139 0.1635 0.1851 0.2028 0.0 0.0298 0.0657 0.0994 0.1267 0.1483 0.1658 0.1799 0.0162 0.0282 0.0508 0.0756 0.0987 0.1187 0.1356 0.1495 0.1335
5.000 -5.000 25 0.1158 0.1458 0.1617 0.1732 0.1793 0.1862 0.1947 0.2027 0.2094 0.1281 0.1398 0.1502 0.1579 0.1676 0.1794 0.1908 0.2005 0.108 0.1151 0.1244 0.1344 0.1478 0.164 0.1797 0.1932 0.0881 0.0904 0.0987 0.1119 0.1301 0.1509 0.1713 0.1884 0.0707 0.0677 0.0757 0.0933 0.1152 0.1392 0.162 0.1807 0.0495 0.038 0.0532 0.0792 0.1044 0.1278 0.1487 0.1658 0.0298 0.0 0.0347 0.0672 0.0936 0.1147 0.1318 0.1457 0.0285 0.0231 0.0354 0.0563 0.0771 0.0955 0.111 0.1239 0.1075
5.000 -3.000 25 0.0931 0.1627 0.1697 0.1696 0.168 0.1699 0.1744 0.1791 0.1831 0.144 0.1468 0.1454 0.1453 0.1495 0.157 0.1651 0.1723 0.1237 0.1214 0.1182 0.1198 0.1272 0.1389 0.1514 0.1624 0.1052 0.0964 0.0909 0.0941 0.1054 0.1221 0.1392 0.154 0.0933 0.075 0.0653 0.0696 0.0848 0.1053 0.1259 0.1431 0.0824 0.0534 0.0364 0.047 0.0683 0.0903 0.1105 0.1271 0.0657 0.0347 0.0 0.0317 0.0577 0.0786 0.0957 0.1097 0.0514 0.0353 0.0253 0.0345 0.0515 0.068 0.0823 0.0943 0.0816
5.000 -1.000 25 0.0787 0.175 0.1737 0.1662 0.1597 0.1577 0.1582 0.1592 0.16 0.1569 0.1519 0.1431 0.137 0.1366 0.1396 0.1437 0.1476 0.1377 0.1279 0.1171 0.1112 0.1129 0.1194 0.1277 0.1355 0.1213 0.1054 0.091 0.0846 0.0884 0.099 0.112 0.1241 0.115 0.0897 0.0677 0.058 0.0629 0.0775 0.0949 0.1101 0.1143 0.0795 0.0469 0.0304 0.0394 0.0584 0.0774 0.0935 0.0994 0.0672 0.0317 0.0 0.026 0.0471 0.0644 0.0785 0.0747 0.055 0.0341 0.0228 0.0298 0.0434 0.0565 0.0679 0.0655
5.000 1.000 25 0.0762 0.187 0.1805 0.1682 0.1579 0.1518 0.1467 0.1429 0.1403 0.1702 0.1606 0.1469 0.1363 0.1308 0.1276 0.1265 0.1267 0.1521 0.1385 0.1228 0.1117 0.1069 0.1063 0.1089 0.1129 0.1372 0.1179 0.0992 0.0862 0.0815 0.0836 0.0907 0.0985 0.1334 0.1058 0.0799 0.0612 0.0537 0.0583 0.0701 0.0825 0.14 0.1031 0.0671 0.0391 0.0258 0.0341 0.0504 0.0656 0.1267 0.0936 0.0577 0.026 0.0 0.0213 0.0387 0.0529 0.0939 0.073 0.0497 0.0294 0.0192 0.0247 0.0357 0.0464 0.0626
5.000 3.000 25 0.0827 0.2019 0.1906 0.1747 0.1601 0.148 0.1379 0.1285 0.1219 0.1861 0.1731 0.156 0.1407 0.1287 0.1196 0.1122 0.1079 0.1689 0.1531 0.1345 0.1186 0.1066 0.099 0.0943 0.0932 0.1539 0.1342 0.113 0.0958 0.0829 0.0763 0.0748 0.0777 0.1502 0.1226 0.096 0.0741 0.0574 0.0497 0.0519 0.0598 0.1609 0.1233 0.0869 0.057 0.0339 0.0225 0.0294 0.0423 0.1483 0.1147 0.0786 0.0471 0.0213 0.0 0.0176 0.0318 0.1091 0.0878 0.0641 0.0421 0.0245 0.0158 0.0203 0.0293 0.0709
5.000 5.000 25 0.0944 0.2161 0.2015 0.1812 0.1625 0.1449 0.1288 0.1157 0.105 0.2035 0.1867 0.166 0.1467 0.1287 0.1129 0.1009 0.0917 0.1871 0.1694 0.148 0.1282 0.1101 0.0949 0.0844 0.0773 0.1717 0.1517 0.1296 0.1087 0.0904 0.075 0.0659 0.0614 0.1665 0.1397 0.1134 0.0901 0.0692 0.0519 0.043 0.0427 0.1785 0.141 0.1049 0.075 0.0499 0.0294 0.0191 0.0242 0.1658 0.1318 0.0957 0.0644 0.0387 0.0176 0.0 0.0143 0.121 0.0997 0.0761 0.054 0.035 0.0202 0.0129 0.0166 0.0842
5.000 7.000 35 0.1065 0.2273 0.209 0.1856 0.1623 0.1408 0.1205 0.1034 0.0908 0.2181 0.1988 0.1742 0.1507 0.1285 0.1079 0.091 0.079 0.204 0.1842 0.1602 0.1368 0.1145 0.0937 0.0772 0.0661 0.1889 0.1683 0.1449 0.1221 0.0991 0.0785 0.0618 0.0518 0.1818 0.1558 0.1298 0.1057 0.0823 0.0604 0.0431 0.034 0.1935 0.1561 0.1206 0.0909 0.0653 0.0426 0.0243 0.0151 0.1799 0.1457 0.1097 0.0785 0.0529 0.0318 0.0143 0.0 0.1303 0.1092 0.0858 0.0639 0.0447 0.0287 0.0165 0.0105 0.0981
7.000 -7.000 35 0.1531 0.1497 0.1746 0.1974 0.2123 0.223 0.2342 0.2426 0.25 0.1343 0.1559 0.1771 0.1928 0.2056 0.2194 0.2303 0.2389 0.1162 0.1342 0.154 0.1711 0.1865 0.2023 0.2178 0.2291 0.0975 0.1122 0.1312 0.1501 0.1681 0.187 0.2042 0.2175 0.0786 0.0914 0.1107 0.1291 0.1496 0.1687 0.1861 0.1992 0.049 0.0633 0.0863 0.1077 0.1262 0.1427 0.1569 0.1677 0.0162 0.0285 0.0514 0.0747 0.0939 0.1091 0.121 0.1303 0.0 0.0125 0.0292 0.0465 0.0623 0.076 0.0877 0.0975 0.1444
7.000 -5.000 35 0.137 0.1743 0.1944 0.2053 0.21 0.2148 0.2199 0.2253 0.2284 0.1561 0.1722 0.1816 0.1875 0.1946 0.2024 0.2106 0.2161 0.1352 0.1471 0.1549 0.1624 0.1724 0.1836 0.1943 0.2038 0.114 0.1218 0.1279 0.1372 0.1503 0.1648 0.1788 0.1895 0.0932 0.0975 0.1021 0.1129 0.1263 0.1432 0.1582 0.1698 0.0634 0.0641 0.0719 0.0871 0.1019 0.1167 0.1301 0.1406 0.0282 0.0231 0.0353 0.055 0.073 0.0878 0.0997 0.1092 0.0125 0.0 0.0162 0.033 0.0483 0.0618 0.0733 0.0829 0.1247
7.000 -3.000 35 0.1178 0.1932 0.2021 0.203 0.1988 0.1986 0.2006 0.2016 0.2025 0.174 0.1789 0.1786 0.1754 0.1772 0.1816 0.1853 0.1888 0.1528 0.153 0.1511 0.1491 0.1533 0.161 0.1682 0.1739 0.1324 0.1272 0.1234 0.1221 0.1287 0.1397 0.1504 0.1587 0.1147 0.1034 0.0968 0.0949 0.1028 0.1148 0.1281 0.1382 0.0884 0.0734 0.0649 0.0659 0.0764 0.0889 0.1014 0.1116 0.0508 0.0354 0.0253 0.0341 0.0497 0.0641 0.0761 0.0858 0.0292 0.0162 0.0 0.0164 0.0315 0.0448 0.0562 0.0657 0.1049
7.000 -1.000 35 0.1043 0.2027 0.2026 0.195 0.188 0.1838 0.182 0.18 0.1771 0.1842 0.1805 0.1716 0.165 0.1621 0.1623 0.1629 0.1624 0.1645 0.156 0.1452 0.139 0.1376 0.1406 0.1446 0.147 0.1471 0.1326 0.1187 0.112 0.1118 0.1176 0.125 0.1305 0.1334 0.1135 0.094 0.0847 0.084 0.0914 0.1008 0.1096 0.1146 0.091 0.0673 0.0555 0.0557 0.0646 0.0755 0.0851 0.0756 0.0563 0.0345 0.0228 0.0294 0.0421 0.054 0.0639 0.0465 0.033 0.0164 0.0 0.015 0.0283 0.0396 0.0491 0.0899
7.000 1.000 35 0.098 0.2079 0.2033 0.1914 0.1809 0.1745 0.1673 0.161 0.1552 0.1905 0.1826 0.1694 0.1589 0.1531 0.1477 0.1436 0.1401 0.172 0.1597 0.1447 0.1339 0.129 0.1257 0.1247 0.1241 0.1568 0.1387 0.1201 0.1078 0.103 0.1019 0.104 0.1067 0.1504 0.123 0.0988 0.0817 0.0747 0.0745 0.0795 0.085 0.138 0.1086 0.0785 0.056 0.046 0.0468 0.0543 0.0626 0.0987 0.0771 0.0515 0.0298 0.0192 0.0245 0.035 0.0447 0.0623 0.0483 0.0315 0.015 0.0 0.0132 0.0245 0.034 0.0839
7.000 3.000 35 0.0983 0.2159 0.2068 0.1926 0.1789 0.167 0.1563 0.1446 0.1352 0.1993 0.1876 0.1725 0.1586 0.1472 0.1377 0.1278 0.1204 0.1803 0.166 0.1493 0.1352 0.1245 0.1167 0.1093 0.1044 0.1657 0.146 0.1264 0.1108 0.0999 0.0934 0.0888 0.0869 0.1623 0.1338 0.1066 0.0868 0.0731 0.0661 0.0642 0.066 0.1575 0.1245 0.0911 0.0648 0.0468 0.0385 0.0392 0.0446 0.1187 0.0955 0.068 0.0434 0.0247 0.0158 0.0202 0.0287 0.076 0.0618 0.0448 0.0283 0.0132 0.0 0.0113 0.0208 0.0857
7.000 5.000 35 0.1041 0.2251 0.2136 0.1955 0.1785 0.1617 0.1452 0.1308 0.1176 0.2095 0.1964 0.1779 0.1609 0.1445 0.1288 0.1156 0.1039 0.1916 0.1754 0.1569 0.1401 0.1244 0.1101 0.0988 0.0889 0.1752 0.1556 0.1353 0.118 0.1025 0.0892 0.0797 0.0723 0.1724 0.1436 0.117 0.0952 0.078 0.0644 0.0561 0.0523 0.1731 0.1381 0.1034 0.0756 0.0544 0.0394 0.0319 0.0318 0.1356 0.111 0.0823 0.0565 0.0357 0.0203 0.0129 0.0165 0.0877 0.0733 0.0562 0.0396 0.0245 0.0113 0.0 0.0096 0.092
7.000 7.000 35 0.1114 0.2353 0.2195 0.1985 0.1769 0.1562 0.1356 0.1172 0.1029 0.2208 0.2052 0.1843 0.1629 0.1424 0.1222 0.1045 0.0909 0.2033 0.1867 0.1656 0.1455 0.126 0.1067 0.0901 0.0777 0.1858 0.1665 0.1457 0.1263 0.1076 0.0893 0.0739 0.0629 0.1816 0.1536 0.1275 0.1056 0.0856 0.0679 0.0536 0.0446 0.1857 0.1496 0.1146 0.0864 0.0639 0.0456 0.0324 0.0255 0.1495 0.1239 0.0943 0.0679 0.0464 0.0293 0.0166 0.0105 0.0975 0.0829 0.0657 0.0491 0.034 0.0208 0.0096 0.0 0.101
0.500 0.000 0 0.0136 0.1292 0.1183 0.1043 0.0948 0.0917 0.0932 0.0973 0.1021 0.1169 0.1015 0.0843 0.0732 0.0709 0.0757 0.084 0.0926 0.1046 0.0844 0.063 0.0486 0.0474 0.0577 0.0718 0.0851 0.0945 0.0716 0.0458 0.0244 0.0242 0.044 0.0652 0.0831 0.092 0.0682 0.0414 0.0153 0.0154 0.0416 0.0665 0.0871 0.106 0.0798 0.0543 0.0371 0.0372 0.0537 0.0746 0.0936 0.1335 0.1075 0.0816 0.0655 0.0626 0.0709 0.0842 0.0981 0.1444 0.1247 0.1049 0.0899 0.0839 0.0857 0.092 0.101 0.0