n 66
m 3
tmax 11.7
Vcpm 1.2
R 0.8
dmax 16.38
-0.500 0.000 0 0.0 0.1172 0.1087 0.0973 0.0849 0.0845 0.0986 0.1081 0.1105 0.1074 0.0966 0.0826 0.0666 0.0636 0.0794 0.0951 0.1014 0.0994 0.0859 0.067 0.0439 0.0398 0.0595 0.0834 0.0947 0.0957 0.0803 0.0568 0.0203 0.0176 0.0474 0.0764 0.0912 0.0979 0.0843 0.0652 0.0353 0.0301 0.0523 0.0788 0.0929 0.1055 0.0959 0.0873 0.0726 0.0621 0.0705 0.0886 0.0994 0.1164 0.1118 0.1106 0.1064 0.0931 0.0915 0.102 0.108 0.1284 0.1268 0.1293 0.1303 0.1177 0.11 0.1145 0.1172 0.0179
-7.000 -7.000 35 0.1172 0.0 0.0143 0.0315 0.0507 0.0694 0.0911 0.1115 0.1228 0.0136 0.0216 0.038 0.0589 0.079 0.1026 0.1252 0.1364 0.0285 0.0358 0.0511 0.0743 0.0957 0.1188 0.143 0.1536 0.0441 0.052 0.0681 0.0964 0.1205 0.1405 0.1637 0.173 0.0599 0.0685 0.0863 0.1214 0.1512 0.167 0.1858 0.1927 0.0754 0.0847 0.103 0.1439 0.1817 0.1952 0.2091 0.2132 0.0902 0.0998 0.1169 0.1581 0.2035 0.2208 0.2297 0.2313 0.1037 0.1133 0.128 0.1636 0.2117 0.2369 0.246 0.248 0.1319
-7.000 -5.000 35 0.1087 0.0143 0.0 0.0172 0.0361 0.0546 0.0763 0.0965 0.1074 0.0216 0.0169 0.0264 0.0448 0.0636 0.0868 0.1089 0.1196 0.0357 0.0355 0.045 0.0634 0.0809 0.1029 0.1261 0.1357 0.0519 0.0549 0.0676 0.0906 0.1073 0.125 0.1469 0.1547 0.0687 0.0741 0.0912 0.1233 0.1421 0.1523 0.1692 0.1742 0.0853 0.0925 0.1127 0.1545 0.1794 0.1825 0.1921 0.1948 0.1012 0.1094 0.1299 0.1768 0.2111 0.2118 0.215 0.2134 0.1157 0.1243 0.1429 0.188 0.2306 0.236 0.2347 0.2302 0.1265
-7.000 -3.000 35 0.0973 0.0315 0.0172 0.0 0.0185 0.0368 0.0587 0.0786 0.0891 0.0377 0.0263 0.0202 0.0292 0.0455 0.0684 0.0896 0.0997 0.05 0.044 0.0444 0.0524 0.0638 0.0848 0.1065 0.1148 0.0657 0.0648 0.0727 0.0847 0.0912 0.1072 0.1276 0.1333 0.0829 0.0865 0.1031 0.1242 0.1266 0.1339 0.1501 0.1527 0.1005 0.1076 0.1318 0.1645 0.1667 0.1629 0.1725 0.1723 0.1177 0.1272 0.1554 0.1972 0.2047 0.1917 0.1931 0.1914 0.1335 0.1446 0.1732 0.2182 0.2339 0.2177 0.2113 0.2073 0.1169
-7.000 -1.000 35 0.0849 0.0507 0.0361 0.0185 0.0 0.0186 0.0411 0.0605 0.0706 0.0574 0.044 0.0292 0.0202 0.0289 0.0506 0.0702 0.0794 0.0693 0.0603 0.0518 0.0455 0.0498 0.0693 0.0879 0.0938 0.0848 0.0816 0.0818 0.0784 0.077 0.0937 0.1098 0.1125 0.1032 0.1056 0.1163 0.1191 0.1097 0.1204 0.1349 0.1327 0.1225 0.1302 0.1505 0.1628 0.1459 0.1467 0.1582 0.1533 0.1418 0.1537 0.1799 0.2009 0.1808 0.1708 0.1783 0.1725 0.1602 0.1749 0.2028 0.2279 0.2094 0.1913 0.1943 0.1889 0.1038
-7.000 1.000 35 0.0845 0.0694 0.0546 0.0368 0.0186 0.0 0.0222 0.0402 0.0494 0.0773 0.0632 0.0459 0.029 0.0225 0.0347 0.0496 0.057 0.0897 0.0789 0.0654 0.0508 0.0484 0.0598 0.0693 0.0708 0.106 0.1003 0.0942 0.0809 0.0773 0.0897 0.0943 0.089 0.1251 0.1263 0.129 0.1184 0.1089 0.1206 0.1221 0.1108 0.146 0.153 0.1644 0.1585 0.1416 0.1492 0.1492 0.133 0.1675 0.1786 0.1949 0.1935 0.1717 0.1734 0.173 0.1544 0.1879 0.2015 0.2182 0.2182 0.1957 0.1922 0.1922 0.1738 0.1016
-7.000 3.000 35 0.0986 0.0911 0.0763 0.0587 0.0411 0.0222 0.0 0.0165 0.0256 0.1008 0.0865 0.0686 0.0501 0.0346 0.0234 0.0262 0.0317 0.1143 0.1029 0.0873 0.0691 0.059 0.0519 0.0457 0.0435 0.1319 0.1256 0.1152 0.0968 0.0885 0.0839 0.07 0.0596 0.1525 0.152 0.1496 0.1317 0.1202 0.1167 0.0964 0.078 0.175 0.1795 0.1842 0.1687 0.1517 0.1472 0.1226 0.0973 0.1984 0.2053 0.213 0.2005 0.1796 0.1729 0.1464 0.1162 0.2195 0.2272 0.2335 0.2221 0.2011 0.1927 0.1664 0.1337 0.1149
-7.000 5.000 35 0.1081 0.1115 0.0965 0.0786 0.0605 0.0402 0.0165 0.0 0.01 0.1226 0.1079 0.0892 0.0695 0.0498 0.0264 0.0137 0.0154 0.1377 0.1255 0.108 0.0867 0.0693 0.0467 0.0302 0.0261 0.1567 0.1488 0.135 0.111 0.0938 0.0717 0.0489 0.0393 0.1778 0.1748 0.1668 0.1415 0.1207 0.0982 0.069 0.0535 0.2015 0.2011 0.1977 0.1733 0.1471 0.1229 0.0887 0.0679 0.2234 0.2255 0.2218 0.1995 0.1697 0.1434 0.1065 0.0816 0.2423 0.2432 0.2368 0.2157 0.1862 0.1586 0.1214 0.094 0.1223
-7.000 7.000 35 0.1105 0.1228 0.1074 0.0891 0.0706 0.0494 0.0256 0.01 0.0 0.1354 0.1203 0.101 0.0803 0.0588 0.0326 0.0155 0.0093 0.1517 0.1386 0.1196 0.096 0.0742 0.0458 0.0266 0.0198 0.1713 0.1619 0.1449 0.117 0.0934 0.0641 0.0405 0.0314 0.1925 0.1867 0.1736 0.1423 0.1148 0.0838 0.0555 0.0436 0.215 0.2114 0.1996 0.1676 0.1346 0.1022 0.0703 0.0556 0.2342 0.23 0.2186 0.1867 0.1507 0.1171 0.0835 0.0668 0.25 0.2417 0.2268 0.1963 0.1611 0.1275 0.0944 0.0767 0.1215
-5.000 -7.000 35 0.1074 0.0136 0.0216 0.0377 0.0574 0.0773 0.1008 0.1226 0.1354 0.0 0.016 0.0358 0.0598 0.083 0.1086 0.1345 0.1481 0.0148 0.0235 0.042 0.069 0.0949 0.1212 0.1481 0.1616 0.0304 0.0378 0.0546 0.0852 0.1151 0.1394 0.1655 0.178 0.046 0.0536 0.0705 0.1057 0.1408 0.1623 0.185 0.1955 0.0615 0.0695 0.086 0.1238 0.1651 0.1856 0.2035 0.2116 0.0762 0.0844 0.0995 0.1358 0.1809 0.2041 0.2203 0.2269 0.0896 0.0978 0.1106 0.1408 0.185 0.2146 0.2307 0.2377 0.1194
-5.000 -5.000 25 0.0966 0.0216 0.0169 0.0263 0.044 0.0632 0.0865 0.1079 0.1203 0.016 0.0 0.0199 0.0439 0.0666 0.0922 0.1177 0.131 0.0235 0.0185 0.03 0.0543 0.0782 0.1039 0.1301 0.1429 0.0378 0.0377 0.0497 0.0759 0.1004 0.1224 0.1472 0.1586 0.0539 0.0567 0.0717 0.1042 0.1303 0.1471 0.1674 0.1761 0.0701 0.075 0.0923 0.1315 0.1634 0.1742 0.1877 0.193 0.0857 0.0917 0.109 0.1511 0.1895 0.1995 0.2071 0.2104 0.1 0.1065 0.122 0.1609 0.2039 0.2185 0.2247 0.2247 0.112
-5.000 -3.000 25 0.0826 0.038 0.0264 0.0202 0.0292 0.0459 0.0686 0.0892 0.101 0.0358 0.0199 0.0 0.0233 0.0453 0.0711 0.0962 0.109 0.0416 0.0297 0.0243 0.0372 0.0567 0.0817 0.1071 0.1192 0.0538 0.0485 0.0525 0.0666 0.0807 0.1001 0.1237 0.1338 0.0694 0.0696 0.0827 0.1043 0.1144 0.125 0.1439 0.1508 0.0861 0.0905 0.111 0.1426 0.1528 0.1538 0.1646 0.1678 0.1028 0.11 0.1342 0.1734 0.1883 0.1821 0.1847 0.1843 0.1182 0.1271 0.1517 0.1929 0.2144 0.2069 0.2027 0.2001 0.1012
-5.000 -1.000 25 0.0666 0.0589 0.0448 0.0292 0.0202 0.029 0.0501 0.0695 0.0803 0.0598 0.0439 0.0233 0.0 0.0222 0.0488 0.0735 0.0857 0.0662 0.0526 0.037 0.0257 0.0345 0.0587 0.0829 0.0941 0.0784 0.0709 0.0649 0.0589 0.06 0.0783 0.0999 0.1079 0.0944 0.0935 0.0989 0.0997 0.0928 0.1032 0.1201 0.1251 0.113 0.1175 0.1329 0.1432 0.1294 0.1294 0.1419 0.1423 0.1317 0.1406 0.162 0.1807 0.1644 0.1541 0.1607 0.1588 0.1496 0.1613 0.1846 0.2071 0.1928 0.1754 0.1764 0.1733 0.0857
-5.000 1.000 25 0.0636 0.079 0.0636 0.0455 0.0289 0.0225 0.0346 0.0498 0.0588 0.083 0.0666 0.0453 0.0222 0.0 0.027 0.05 0.061 0.0909 0.0765 0.0573 0.0349 0.0258 0.0406 0.0596 0.0686 0.1041 0.0946 0.0818 0.0621 0.0547 0.067 0.08 0.0828 0.1214 0.1173 0.1142 0.0981 0.0862 0.0964 0.1042 0.1006 0.1406 0.1431 0.1478 0.137 0.1187 0.1242 0.1288 0.1208 0.1605 0.167 0.1766 0.1708 0.1486 0.148 0.1507 0.1398 0.1793 0.1879 0.1982 0.1946 0.1722 0.1666 0.1684 0.1569 0.0803
-5.000 3.000 25 0.0794 0.1026 0.0868 0.0684 0.0506 0.0347 0.0234 0.0264 0.0326 0.1086 0.0922 0.0711 0.0488 0.027 0.0 0.0207 0.0312 0.1187 0.1041 0.0838 0.0592 0.0405 0.0283 0.032 0.038 0.1332 0.1227 0.1065 0.0813 0.0668 0.06 0.054 0.051 0.1514 0.1463 0.1365 0.1127 0.0971 0.0925 0.0794 0.0681 0.1713 0.1705 0.168 0.147 0.1275 0.1225 0.1049 0.0865 0.1911 0.1928 0.1935 0.1764 0.1545 0.1478 0.1279 0.1047 0.2096 0.2112 0.2111 0.1964 0.1752 0.1672 0.1471 0.1215 0.0945
-5.000 5.000 25 0.0951 0.1252 0.1089 0.0896 0.0702 0.0496 0.0262 0.0137 0.0155 0.1345 0.1177 0.0962 0.0735 0.05 0.0207 0.0 0.0117 0.1458 0.1307 0.1092 0.0829 0.0595 0.0321 0.0164 0.0178 0.1617 0.15 0.1311 0.1018 0.0794 0.0544 0.0351 0.0297 0.1806 0.1731 0.1587 0.1274 0.103 0.0795 0.055 0.0435 0.1994 0.1946 0.1847 0.1553 0.1271 0.1034 0.0745 0.0577 0.218 0.2128 0.2042 0.1783 0.1481 0.1234 0.0922 0.0713 0.2322 0.2271 0.2154 0.1923 0.1634 0.1384 0.1068 0.0836 0.1073
-5.000 7.000 35 0.1014 0.1364 0.1196 0.0997 0.0794 0.057 0.0317 0.0154 0.0093 0.1481 0.131 0.109 0.0857 0.061 0.0312 0.0117 0.0 0.1609 0.1452 0.1227 0.0952 0.0697 0.0389 0.0179 0.0105 0.1776 0.1647 0.1435 0.1113 0.0842 0.0527 0.0301 0.0221 0.1962 0.1862 0.1677 0.1317 0.1011 0.0701 0.0444 0.0342 0.213 0.2042 0.1883 0.1525 0.1186 0.0871 0.0587 0.0461 0.228 0.2185 0.201 0.1681 0.1326 0.1011 0.0716 0.0572 0.2368 0.2248 0.2064 0.1752 0.1417 0.1112 0.0824 0.067 0.1106
-3.000 -7.000 35 0.0994 0.0285 0.0357 0.05 0.0693 0.0897 0.1143 0.1377 0.1517 0.0148 0.0235 0.0416 0.0662 0.0909 0.1187 0.1458 0.1609 0.0 0.0169 0.0383 0.0682 0.0984 0.1272 0.1572 0.1731 0.0154 0.0242 0.0438 0.0769 0.1115 0.14 0.1691 0.1843 0.031 0.0382 0.0551 0.0901 0.1298 0.1567 0.183 0.197 0.0464 0.0534 0.0688 0.1038 0.1471 0.1735 0.1963 0.2088 0.0611 0.0681 0.0815 0.1131 0.1566 0.1844 0.2049 0.2166 0.0743 0.0813 0.0926 0.1179 0.1571 0.1871 0.2093 0.2218 0.1075
-3.000 -5.000 25 0.0859 0.0358 0.0355 0.044 0.0603 0.0789 0.1029 0.1255 0.1386 0.0235 0.0185 0.0297 0.0526 0.0765 0.1041 0.1307 0.1452 0.0169 0.0 0.0219 0.0523 0.0819 0.1104 0.14 0.1553 0.0242 0.0191 0.0321 0.0633 0.0953 0.1226 0.1507 0.1652 0.0383 0.038 0.0511 0.0839 0.1181 0.1412 0.1656 0.1781 0.0539 0.0561 0.0703 0.1063 0.1426 0.1631 0.1818 0.1916 0.069 0.0727 0.0866 0.1229 0.1631 0.1816 0.1956 0.2029 0.083 0.0875 0.0996 0.1317 0.1724 0.1937 0.2062 0.2135 0.0967
-3.000 -3.000 15 0.067 0.0511 0.045 0.0444 0.0518 0.0654 0.0873 0.108 0.1196 0.042 0.03 0.0243 0.037 0.0573 0.0838 0.1092 0.1227 0.0383 0.0219 0.0 0.0298 0.0577 0.0859 0.1149 0.1295 0.0436 0.0319 0.0281 0.0467 0.0718 0.0973 0.1244 0.1381 0.0552 0.0506 0.0578 0.0796 0.1001 0.1172 0.1394 0.1503 0.0702 0.0707 0.0856 0.1148 0.1337 0.1418 0.1573 0.1644 0.0857 0.0895 0.1083 0.1432 0.1647 0.1678 0.1746 0.1778 0.1004 0.1062 0.1254 0.161 0.1867 0.189 0.1903 0.1904 0.0823
-3.000 -1.000 15 0.0439 0.0743 0.0634 0.0524 0.0455 0.0508 0.0691 0.0867 0.096 0.069 0.0543 0.0372 0.0257 0.0349 0.0592 0.0829 0.0952 0.0682 0.0523 0.0298 0.0 0.0269 0.056 0.0848 0.0988 0.0741 0.0612 0.0462 0.0334 0.0423 0.0662 0.0926 0.1055 0.0859 0.0798 0.0771 0.0741 0.0729 0.0863 0.1074 0.1169 0.1014 0.1015 0.1099 0.1169 0.1088 0.1111 0.1247 0.1308 0.1185 0.1231 0.1382 0.1536 0.1431 0.1356 0.1426 0.1443 0.135 0.1426 0.16 0.1792 0.1705 0.157 0.1576 0.1568 0.0626
-3.000 1.000 15 0.0398 0.0957 0.0809 0.0638 0.0498 0.0484 0.059 0.0693 0.0742 0.0949 0.0782 0.0567 0.0345 0.0258 0.0405 0.0595 0.0697 0.0984 0.0819 0.0577 0.0269 0.0 0.0304 0.0577 0.0705 0.1058 0.0919 0.0719 0.0428 0.0288 0.044 0.066 0.0767 0.1186 0.11 0.0986 0.0748 0.0603 0.0698 0.0847 0.0894 0.1347 0.1304 0.1282 0.1115 0.0925 0.0964 0.1055 0.1046 0.1512 0.152 0.1541 0.1437 0.1221 0.1197 0.125 0.1211 0.1671 0.1699 0.1734 0.1664 0.1452 0.1382 0.141 0.1356 0.0558
-3.000 3.000 15 0.0595 0.1188 0.1029 0.0848 0.0693 0.0598 0.0519 0.0467 0.0458 0.1212 0.1039 0.0817 0.0587 0.0406 0.0283 0.0321 0.0389 0.1272 0.1104 0.0859 0.056 0.0304 0.0 0.0245 0.0364 0.1367 0.1224 0.1005 0.068 0.0441 0.0314 0.0363 0.0431 0.15 0.1396 0.1232 0.0917 0.0705 0.0634 0.0587 0.056 0.1654 0.1588 0.1478 0.1214 0.099 0.0929 0.0826 0.0723 0.1802 0.1757 0.1693 0.1477 0.1247 0.1178 0.1045 0.089 0.1934 0.1894 0.1832 0.1656 0.1445 0.1368 0.1228 0.1046 0.072
-3.000 5.000 25 0.0834 0.143 0.1261 0.1065 0.0879 0.0693 0.0457 0.0302 0.0266 0.1481 0.1301 0.1071 0.0829 0.0596 0.032 0.0164 0.0179 0.1572 0.14 0.1149 0.0848 0.0577 0.0245 0.0 0.0132 0.1676 0.1525 0.1289 0.0943 0.0657 0.0363 0.0186 0.0197 0.1811 0.169 0.1489 0.1127 0.084 0.0583 0.0383 0.032 0.1951 0.1852 0.1691 0.1344 0.1044 0.081 0.0576 0.0457 0.2063 0.1967 0.1827 0.1536 0.1232 0.1004 0.075 0.0589 0.2157 0.2041 0.1895 0.165 0.1373 0.1151 0.0894 0.0709 0.0914
-3.000 7.000 35 0.0947 0.1536 0.1357 0.1148 0.0938 0.0708 0.0435 0.0261 0.0198 0.1616 0.1429 0.1192 0.0941 0.0686 0.038 0.0178 0.0105 0.1731 0.1553 0.1295 0.0988 0.0705 0.0364 0.0132 0.0 0.1844 0.1685 0.1435 0.1074 0.0768 0.0435 0.0198 0.0115 0.1976 0.1837 0.1608 0.1214 0.0885 0.0563 0.0323 0.0235 0.2093 0.1962 0.1756 0.1366 0.1013 0.0711 0.0458 0.0353 0.2161 0.2021 0.1823 0.1479 0.1133 0.084 0.0584 0.0463 0.2198 0.2041 0.1821 0.1524 0.121 0.0936 0.069 0.056 0.1006
-1.000 -7.000 35 0.0957 0.0441 0.0519 0.0657 0.0848 0.106 0.1319 0.1567 0.1713 0.0304 0.0378 0.0538 0.0784 0.1041 0.1332 0.1617 0.1776 0.0154 0.0242 0.0436 0.0741 0.1058 0.1367 0.1676 0.1844 0.0 0.0171 0.0388 0.0735 0.1126 0.1437 0.1754 0.1926 0.0156 0.0241 0.0432 0.0786 0.1208 0.1516 0.1806 0.1971 0.0309 0.0375 0.0529 0.0855 0.1292 0.1593 0.1855 0.2012 0.0454 0.0516 0.0642 0.092 0.1329 0.163 0.187 0.2024 0.0586 0.0646 0.0748 0.0962 0.1304 0.1596 0.1829 0.1989 0.0991
-1.000 -5.000 25 0.0803 0.052 0.0549 0.0648 0.0816 0.1003 0.1256 0.1488 0.1619 0.0378 0.0377 0.0485 0.0709 0.0946 0.1227 0.15 0.1647 0.0242 0.0191 0.0319 0.0612 0.0919 0.1224 0.1525 0.1685 0.0171 0.0 0.0226 0.0585 0.0969 0.1274 0.1585 0.175 0.0241 0.0188 0.0318 0.0666 0.1067 0.1358 0.1637 0.1793 0.0377 0.0368 0.0484 0.0813 0.1217 0.1479 0.1716 0.1855 0.0521 0.0534 0.0641 0.0945 0.1331 0.159 0.1787 0.1909 0.0656 0.068 0.0771 0.1025 0.1389 0.1636 0.1816 0.1931 0.0853
-1.000 -3.000 15 0.0568 0.0681 0.0676 0.0727 0.0818 0.0942 0.1152 0.135 0.1449 0.0546 0.0497 0.0525 0.0649 0.0818 0.1065 0.1311 0.1435 0.0438 0.0321 0.0281 0.0462 0.0719 0.1005 0.1289 0.1435 0.0388 0.0226 0.0 0.0359 0.0718 0.1012 0.1313 0.1469 0.0435 0.0319 0.0293 0.0526 0.0848 0.1106 0.1369 0.1513 0.054 0.0492 0.0564 0.0819 0.1098 0.1275 0.1474 0.1589 0.0674 0.0668 0.0786 0.1074 0.1338 0.1455 0.1597 0.1677 0.0807 0.0826 0.0953 0.1238 0.1507 0.1619 0.1701 0.1754 0.0646
-1.000 -1.000 5 0.0203 0.0964 0.0906 0.0847 0.0784 0.0809 0.0968 0.111 0.117 0.0852 0.0759 0.0666 0.0589 0.0621 0.0813 0.1018 0.1113 0.0769 0.0633 0.0467 0.0334 0.0428 0.068 0.0943 0.1074 0.0735 0.0585 0.0359 0.0 0.033 0.0625 0.0925 0.1076 0.078 0.0657 0.0521 0.0402 0.0503 0.0722 0.0976 0.1113 0.0878 0.0815 0.0806 0.082 0.0822 0.0912 0.109 0.1191 0.1011 0.0997 0.107 0.1175 0.1143 0.1131 0.1226 0.1287 0.1144 0.1169 0.1275 0.1421 0.1397 0.1329 0.1359 0.1383 0.0341
-1.000 1.000 5 0.0176 0.1205 0.1073 0.0912 0.077 0.0773 0.0885 0.0938 0.0934 0.1151 0.1004 0.0807 0.06 0.0547 0.0668 0.0794 0.0842 0.1115 0.0953 0.0718 0.0423 0.0288 0.0441 0.0657 0.0768 0.1126 0.0969 0.0718 0.033 0.0 0.0317 0.0611 0.0753 0.117 0.1033 0.0837 0.0506 0.0313 0.0443 0.0668 0.0789 0.1264 0.117 0.1062 0.0823 0.0632 0.0676 0.0819 0.0885 0.1381 0.1314 0.1271 0.1122 0.0922 0.09 0.098 0.0999 0.1493 0.1461 0.1434 0.1336 0.1149 0.1083 0.1122 0.1117 0.0293
-1.000 3.000 15 0.0474 0.1405 0.125 0.1072 0.0937 0.0897 0.0839 0.0717 0.0641 0.1394 0.1224 0.1001 0.0783 0.067 0.06 0.0544 0.0527 0.14 0.1226 0.0973 0.0662 0.044 0.0314 0.0363 0.0435 0.1437 0.1274 0.1012 0.0625 0.0317 0.0 0.0265 0.0396 0.1491 0.1345 0.1122 0.0743 0.0446 0.0315 0.0375 0.0452 0.1569 0.1448 0.1278 0.095 0.0689 0.0607 0.0579 0.0567 0.1653 0.1552 0.1415 0.1167 0.0926 0.0851 0.0781 0.0707 0.1723 0.1629 0.1518 0.1319 0.1113 0.1038 0.0952 0.0844 0.0527
-1.000 5.000 25 0.0764 0.1637 0.1469 0.1276 0.1098 0.0943 0.07 0.0489 0.0405 0.1655 0.1472 0.1237 0.0999 0.08 0.054 0.0351 0.0301 0.1691 0.1507 0.1244 0.0926 0.066 0.0363 0.0186 0.0198 0.1754 0.1585 0.1313 0.0925 0.0611 0.0265 0.0 0.0142 0.1803 0.1647 0.1405 0.1002 0.0666 0.0374 0.0195 0.0206 0.1862 0.1719 0.1511 0.1137 0.0814 0.057 0.0386 0.0325 0.1909 0.1771 0.1588 0.1267 0.0969 0.0754 0.0557 0.045 0.1923 0.1781 0.1607 0.1356 0.1093 0.0899 0.0699 0.0566 0.0796
-1.000 7.000 35 0.0912 0.173 0.1547 0.1333 0.1125 0.089 0.0596 0.0393 0.0314 0.178 0.1586 0.1338 0.1079 0.0828 0.051 0.0297 0.0221 0.1843 0.1652 0.1381 0.1055 0.0767 0.0431 0.0197 0.0115 0.1926 0.175 0.1469 0.1076 0.0753 0.0396 0.0142 0.0 0.1972 0.1808 0.155 0.1132 0.078 0.045 0.0206 0.0119 0.201 0.1848 0.1614 0.1212 0.0856 0.0554 0.0324 0.0236 0.2014 0.1847 0.1626 0.1275 0.0934 0.0665 0.0444 0.0345 0.1973 0.1794 0.1579 0.1291 0.1 0.0755 0.0547 0.0442 0.0931
1.000 -7.000 35 0.0979 0.0599 0.0687 0.0829 0.1032 0.1251 0.1525 0.1778 0.1925 0.046 0.0539 0.0694 0.0944 0.1214 0.1514 0.1806 0.1962 0.031 0.0383 0.0552 0.0859 0.1186 0.15 0.1811 0.1976 0.0156 0.0241 0.0435 0.078 0.117 0.1491 0.1803 0.1972 0.0 0.0168 0.0376 0.0722 0.1167 0.1489 0.179 0.1963 0.0152 0.0233 0.0407 0.0721 0.1146 0.1459 0.1731 0.1901 0.0297 0.0357 0.0487 0.0739 0.1114 0.1412 0.1661 0.1831 0.0428 0.0481 0.0581 0.0768 0.1066 0.1337 0.1568 0.1738 0.0962
1.000 -5.000 25 0.0843 0.0685 0.0741 0.0865 0.1056 0.1263 0.152 0.1748 0.1867 0.0536 0.0567 0.0696 0.0935 0.1173 0.1463 0.1731 0.1862 0.0382 0.038 0.0506 0.0798 0.11 0.1396 0.169 0.1837 0.0241 0.0188 0.0319 0.0657 0.1033 0.1345 0.1647 0.1808 0.0168 0.0 0.0216 0.0579 0.1021 0.1335 0.1629 0.1795 0.0234 0.0179 0.0293 0.061 0.1025 0.1325 0.1587 0.1748 0.0359 0.0344 0.043 0.0688 0.1059 0.1333 0.1562 0.1715 0.0486 0.0489 0.0557 0.0758 0.1062 0.1323 0.1528 0.1674 0.0816
1.000 -3.000 15 0.0652 0.0863 0.0912 0.1031 0.1163 0.129 0.1496 0.1668 0.1736 0.0705 0.0717 0.0827 0.0989 0.1142 0.1365 0.1587 0.1677 0.0551 0.0511 0.0578 0.0771 0.0986 0.1232 0.1489 0.1608 0.0432 0.0318 0.0293 0.0521 0.0837 0.1122 0.1405 0.155 0.0376 0.0216 0.0 0.0373 0.079 0.1085 0.1368 0.1524 0.0413 0.0295 0.0267 0.0498 0.0852 0.1113 0.1355 0.1502 0.0502 0.0443 0.0485 0.0704 0.1 0.1198 0.1385 0.151 0.0613 0.0588 0.065 0.0856 0.1112 0.1274 0.1425 0.1526 0.0599
1.000 -1.000 5 0.0353 0.1214 0.1233 0.1242 0.1191 0.1184 0.1317 0.1415 0.1423 0.1057 0.1042 0.1043 0.0997 0.0981 0.1127 0.1274 0.1317 0.0901 0.0839 0.0796 0.0741 0.0748 0.0917 0.1127 0.1214 0.0786 0.0666 0.0526 0.0402 0.0506 0.0743 0.1002 0.1132 0.0722 0.0579 0.0373 0.0 0.0374 0.0658 0.0937 0.1088 0.0745 0.062 0.0497 0.0407 0.0529 0.0727 0.0951 0.1086 0.081 0.0733 0.0714 0.075 0.0794 0.0873 0.1019 0.112 0.0907 0.0867 0.0899 0.0987 0.1017 0.103 0.1108 0.117 0.0224
1.000 1.000 5 0.0301 0.1512 0.1421 0.1266 0.1097 0.1089 0.1202 0.1207 0.1148 0.1408 0.1303 0.1144 0.0928 0.0862 0.0971 0.103 0.1011 0.1298 0.1181 0.1001 0.0729 0.0603 0.0705 0.084 0.0885 0.1208 0.1067 0.0848 0.0503 0.0313 0.0446 0.0666 0.078 0.1167 0.1021 0.079 0.0374 0.0 0.0306 0.0589 0.0735 0.1161 0.1021 0.0838 0.0527 0.0315 0.0413 0.0618 0.0743 0.12 0.1089 0.0976 0.0777 0.0599 0.0607 0.0726 0.0802 0.1258 0.1168 0.1094 0.0973 0.082 0.078 0.084 0.0878 0.019
1.000 3.000 15 0.0523 0.167 0.1523 0.1339 0.1204 0.1206 0.1167 0.0982 0.0838 0.1623 0.1471 0.125 0.1032 0.0964 0.0925 0.0795 0.0701 0.1567 0.1412 0.1172 0.0863 0.0698 0.0634 0.0583 0.0563 0.1516 0.1358 0.1106 0.0722 0.0443 0.0315 0.0374 0.045 0.1489 0.1335 0.1085 0.0658 0.0306 0.0 0.0261 0.0396 0.1466 0.1313 0.11 0.0734 0.0416 0.0287 0.0352 0.0435 0.1467 0.1325 0.1152 0.0869 0.0614 0.0528 0.052 0.0526 0.1475 0.1345 0.1191 0.0986 0.0786 0.0713 0.0675 0.0636 0.0475
1.000 5.000 25 0.0788 0.1858 0.1692 0.1501 0.1349 0.1221 0.0964 0.069 0.0555 0.185 0.1674 0.1439 0.1201 0.1042 0.0794 0.055 0.0444 0.183 0.1656 0.1394 0.1074 0.0847 0.0587 0.0383 0.0323 0.1806 0.1637 0.1369 0.0976 0.0668 0.0375 0.0195 0.0206 0.179 0.1629 0.1368 0.0937 0.0589 0.0261 0.0 0.0144 0.1744 0.1581 0.1351 0.0963 0.0616 0.0349 0.0188 0.0201 0.1707 0.1544 0.1339 0.1019 0.0719 0.0508 0.0357 0.0309 0.1665 0.1503 0.1317 0.1061 0.082 0.0646 0.0498 0.0416 0.0754
1.000 7.000 35 0.0929 0.1927 0.1742 0.1527 0.1327 0.1108 0.078 0.0535 0.0436 0.1955 0.1761 0.1508 0.1251 0.1006 0.0681 0.0435 0.0342 0.197 0.1781 0.1503 0.1169 0.0894 0.056 0.032 0.0235 0.1971 0.1793 0.1513 0.1113 0.0789 0.0452 0.0206 0.0119 0.1963 0.1795 0.1524 0.1088 0.0735 0.0396 0.0144 0.0 0.1898 0.1726 0.1484 0.1084 0.0726 0.0427 0.0201 0.0116 0.1825 0.1647 0.1422 0.1082 0.076 0.0503 0.0305 0.0224 0.1735 0.1553 0.1342 0.1069 0.0795 0.058 0.0404 0.032 0.0904
3.000 -7.000 35 0.1055 0.0754 0.0853 0.1005 0.1225 0.146 0.175 0.2015 0.215 0.0615 0.0701 0.0861 0.113 0.1406 0.1713 0.1994 0.213 0.0464 0.0539 0.0702 0.1014 0.1347 0.1654 0.1951 0.2093 0.0309 0.0377 0.054 0.0878 0.1264 0.1569 0.1862 0.201 0.0152 0.0234 0.0413 0.0745 0.1161 0.1466 0.1744 0.1898 0.0 0.0161 0.0348 0.064 0.1053 0.1357 0.1618 0.1779 0.0144 0.0218 0.0368 0.0607 0.0948 0.1226 0.1462 0.1624 0.0274 0.0326 0.0433 0.0607 0.0866 0.1108 0.132 0.148 0.0993
3.000 -5.000 25 0.0959 0.0847 0.0925 0.1076 0.1302 0.153 0.1795 0.2011 0.2114 0.0695 0.075 0.0905 0.1175 0.1431 0.1705 0.1946 0.2042 0.0534 0.0561 0.0707 0.1015 0.1304 0.1588 0.1852 0.1962 0.0375 0.0368 0.0492 0.0815 0.117 0.1448 0.1719 0.1848 0.0233 0.0179 0.0295 0.062 0.1021 0.1313 0.1581 0.1726 0.0161 0.0 0.0193 0.05 0.0914 0.121 0.1465 0.162 0.0218 0.0164 0.0254 0.0494 0.0836 0.1107 0.1337 0.1492 0.0327 0.0308 0.0366 0.0535 0.08 0.1035 0.1238 0.1389 0.0876
3.000 -3.000 15 0.0873 0.103 0.1127 0.1318 0.1505 0.1644 0.1842 0.1977 0.1996 0.086 0.0923 0.111 0.1329 0.1478 0.168 0.1847 0.1883 0.0688 0.0703 0.0856 0.1099 0.1282 0.1478 0.1691 0.1756 0.0529 0.0484 0.0564 0.0806 0.1062 0.1278 0.1511 0.1614 0.0407 0.0293 0.0267 0.0497 0.0838 0.11 0.1351 0.1484 0.0348 0.0193 0.0 0.0322 0.0721 0.0999 0.1244 0.139 0.0373 0.0257 0.0216 0.0394 0.0704 0.0948 0.1161 0.1303 0.0444 0.0377 0.0382 0.0523 0.0757 0.0949 0.1122 0.125 0.0746
3.000 -1.000 15 0.0726 0.1439 0.1545 0.1645 0.1628 0.1585 0.1687 0.1733 0.1676 0.1238 0.1315 0.1426 0.1432 0.137 0.147 0.1553 0.1525 0.1038 0.1063 0.1148 0.1169 0.1115 0.1214 0.1344 0.1366 0.0855 0.0813 0.0819 0.082 0.0823 0.095 0.1137 0.1212 0.0721 0.061 0.0498 0.0407 0.0527 0.0734 0.0963 0.1084 0.064 0.05 0.0322 0.0 0.036 0.0618 0.0856 0.0997 0.0641 0.0515 0.0399 0.0335 0.0461 0.0641 0.083 0.0957 0.0677 0.0586 0.0545 0.0567 0.0636 0.0725 0.0851 0.0951 0.0538
3.000 1.000 15 0.0621 0.1817 0.1794 0.1667 0.1459 0.1416 0.1517 0.1471 0.1346 0.1651 0.1634 0.1528 0.1294 0.1187 0.1275 0.1271 0.1186 0.1471 0.1426 0.1337 0.1088 0.0925 0.099 0.1044 0.1013 0.1292 0.1217 0.1098 0.0822 0.0632 0.0689 0.0814 0.0856 0.1146 0.1025 0.0852 0.0529 0.0315 0.0416 0.0616 0.0726 0.1053 0.0914 0.0721 0.036 0.0 0.0273 0.0518 0.0658 0.1005 0.0864 0.07 0.0457 0.0279 0.0353 0.0523 0.0642 0.0999 0.0879 0.0763 0.0618 0.0495 0.0498 0.0592 0.067 0.0462
3.000 3.000 15 0.0705 0.1952 0.1825 0.1629 0.1467 0.1492 0.1472 0.1229 0.1022 0.1856 0.1742 0.1538 0.1294 0.1242 0.1225 0.1034 0.0871 0.1735 0.1631 0.1418 0.1111 0.0964 0.0929 0.081 0.0711 0.1593 0.1479 0.1275 0.0912 0.0676 0.0607 0.057 0.0554 0.1459 0.1325 0.1113 0.0727 0.0413 0.0287 0.0349 0.0427 0.1357 0.121 0.0999 0.0618 0.0273 0.0 0.0233 0.0364 0.1269 0.1114 0.0924 0.0632 0.0353 0.0239 0.03 0.0385 0.1214 0.1067 0.0905 0.0694 0.0496 0.0423 0.0428 0.0451 0.0593
3.000 5.000 25 0.0886 0.2091 0.1921 0.1725 0.1582 0.1492 0.1226 0.0887 0.0703 0.2035 0.1877 0.1646 0.1419 0.1288 0.1049 0.0745 0.0587 0.1963 0.1818 0.1573 0.1247 0.1055 0.0826 0.0576 0.0458 0.1855 0.1716 0.1474 0.109 0.0819 0.0579 0.0386 0.0324 0.1731 0.1587 0.1355 0.0951 0.0618 0.0352 0.0188 0.0201 0.1618 0.1465 0.1244 0.0856 0.0518 0.0233 0.0 0.0136 0.1493 0.1329 0.1127 0.0819 0.052 0.0298 0.0167 0.0185 0.1394 0.1231 0.1048 0.0811 0.0581 0.0417 0.0307 0.0275 0.0804
3.000 7.000 35 0.0994 0.2132 0.1948 0.1723 0.1533 0.133 0.0973 0.0679 0.0556 0.2116 0.193 0.1678 0.1423 0.1208 0.0865 0.0577 0.0461 0.2088 0.1916 0.1644 0.1308 0.1046 0.0723 0.0457 0.0353 0.2012 0.1855 0.1589 0.1191 0.0885 0.0567 0.0325 0.0236 0.1901 0.1748 0.1502 0.1086 0.0743 0.0435 0.0201 0.0116 0.1779 0.162 0.139 0.0997 0.0658 0.0364 0.0136 0.0 0.1624 0.1454 0.1243 0.0927 0.0622 0.0374 0.0183 0.0107 0.1487 0.1314 0.1118 0.087 0.0625 0.0425 0.0269 0.0202 0.0929
5.000 -7.000 35 0.1164 0.0902 0.1012 0.1177 0.1418 0.1675 0.1984 0.2234 0.2342 0.0762 0.0857 0.1028 0.1317 0.1605 0.1911 0.218 0.228 0.0611 0.069 0.0857 0.1185 0.1512 0.1802 0.2063 0.2161 0.0454 0.0521 0.0674 0.1011 0.1381 0.1653 0.1909 0.2014 0.0297 0.0359 0.0502 0.081 0.12 0.1467 0.1707 0.1825 0.0144 0.0218 0.0373 0.0641 0.1005 0.1269 0.1493 0.1624 0.0 0.0147 0.031 0.0527 0.0837 0.1088 0.1296 0.1437 0.0129 0.0194 0.032 0.049 0.0718 0.0929 0.1114 0.1253 0.1068
5.000 -5.000 25 0.1118 0.0998 0.1094 0.1272 0.1537 0.1786 0.2053 0.2255 0.23 0.0844 0.0917 0.11 0.1406 0.167 0.1928 0.2128 0.2185 0.0681 0.0727 0.0895 0.1231 0.152 0.1757 0.1967 0.2021 0.0516 0.0534 0.0668 0.0997 0.1314 0.1552 0.1771 0.1847 0.0357 0.0344 0.0443 0.0733 0.1089 0.1325 0.1544 0.1647 0.0218 0.0164 0.0257 0.0515 0.0864 0.1114 0.1329 0.1454 0.0147 0.0 0.0165 0.0391 0.0704 0.095 0.1154 0.1291 0.0194 0.0144 0.0213 0.0376 0.0608 0.0817 0.1 0.1136 0.0989
5.000 -3.000 25 0.1106 0.1169 0.1299 0.1554 0.1799 0.1949 0.213 0.2218 0.2186 0.0995 0.109 0.1342 0.162 0.1766 0.1935 0.2042 0.201 0.0815 0.0866 0.1083 0.1382 0.1541 0.1693 0.1827 0.1823 0.0642 0.0641 0.0786 0.107 0.1271 0.1415 0.1588 0.1626 0.0487 0.043 0.0485 0.0714 0.0976 0.1152 0.1339 0.1422 0.0368 0.0254 0.0216 0.0399 0.07 0.0924 0.1127 0.1243 0.031 0.0165 0.0 0.0238 0.0546 0.0781 0.0978 0.1109 0.0324 0.0215 0.0166 0.0279 0.0496 0.0692 0.0866 0.0994 0.0943
5.000 -1.000 25 0.1064 0.1581 0.1768 0.1972 0.2009 0.1935 0.2005 0.1995 0.1867 0.1358 0.1511 0.1734 0.1807 0.1708 0.1764 0.1783 0.1681 0.1131 0.1229 0.1432 0.1536 0.1437 0.1477 0.1536 0.1479 0.092 0.0945 0.1074 0.1175 0.1122 0.1167 0.1267 0.1275 0.0739 0.0688 0.0704 0.075 0.0777 0.0869 0.1019 0.1082 0.0607 0.0494 0.0394 0.0335 0.0457 0.0632 0.0819 0.0927 0.0527 0.0391 0.0238 0.0 0.0285 0.0502 0.0694 0.0819 0.0514 0.0393 0.0283 0.0232 0.0336 0.0488 0.0641 0.0756 0.0863
5.000 1.000 25 0.0931 0.2035 0.2111 0.2047 0.1808 0.1717 0.1796 0.1697 0.1507 0.1809 0.1895 0.1883 0.1644 0.1486 0.1545 0.1481 0.1326 0.1566 0.1631 0.1647 0.1431 0.1221 0.1247 0.1232 0.1133 0.1329 0.1331 0.1338 0.1143 0.0922 0.0926 0.0969 0.0934 0.1114 0.1059 0.1 0.0794 0.0599 0.0614 0.0719 0.076 0.0948 0.0836 0.0704 0.0461 0.0279 0.0353 0.052 0.0622 0.0837 0.0704 0.0546 0.0285 0.0 0.0221 0.0417 0.0542 0.0777 0.0644 0.0503 0.0333 0.0214 0.0274 0.0408 0.0513 0.0761
5.000 3.000 25 0.0915 0.2208 0.2118 0.1917 0.1708 0.1734 0.1729 0.1434 0.1171 0.2041 0.1995 0.1821 0.1541 0.148 0.1478 0.1234 0.1011 0.1844 0.1816 0.1678 0.1356 0.1197 0.1178 0.1004 0.084 0.163 0.159 0.1455 0.1131 0.09 0.0851 0.0754 0.0665 0.1412 0.1333 0.1198 0.0873 0.0607 0.0528 0.0508 0.0503 0.1226 0.1107 0.0948 0.0641 0.0353 0.0239 0.0298 0.0374 0.1088 0.095 0.0781 0.0502 0.0221 0.0 0.0191 0.031 0.0981 0.0838 0.0679 0.0475 0.0273 0.0184 0.0237 0.0317 0.078
5.000 5.000 25 0.102 0.2297 0.215 0.1931 0.1783 0.173 0.1464 0.1065 0.0835 0.2203 0.2071 0.1847 0.1607 0.1507 0.1279 0.0922 0.0716 0.2049 0.1956 0.1746 0.1426 0.125 0.1045 0.075 0.0584 0.187 0.1787 0.1597 0.1226 0.098 0.0781 0.0557 0.0444 0.1661 0.1562 0.1385 0.1019 0.0726 0.052 0.0357 0.0305 0.1462 0.1337 0.1161 0.083 0.0523 0.03 0.0167 0.0183 0.1296 0.1154 0.0978 0.0694 0.0417 0.0191 0.0 0.0121 0.1151 0.1002 0.0835 0.0621 0.0403 0.0235 0.0139 0.0159 0.0904
5.000 7.000 35 0.108 0.2313 0.2134 0.1914 0.1725 0.1544 0.1162 0.0816 0.0668 0.2269 0.2104 0.1843 0.1588 0.1398 0.1047 0.0713 0.0572 0.2166 0.2029 0.1778 0.1443 0.1211 0.089 0.0589 0.0463 0.2024 0.1909 0.1677 0.1287 0.0999 0.0707 0.045 0.0345 0.1831 0.1715 0.151 0.112 0.0802 0.0526 0.0309 0.0224 0.1624 0.1492 0.1303 0.0957 0.0642 0.0385 0.0185 0.0107 0.1437 0.1291 0.1109 0.0819 0.0542 0.031 0.0121 0.0 0.126 0.1106 0.0935 0.0716 0.0494 0.0307 0.0158 0.0095 0.0987
7.000 -7.000 35 0.1284 0.1037 0.1157 0.1335 0.1602 0.1879 0.2195 0.2423 0.25 0.0896 0.1 0.1182 0.1496 0.1793 0.2096 0.2322 0.2368 0.0743 0.083 0.1004 0.135 0.1671 0.1934 0.2157 0.2198 0.0586 0.0656 0.0807 0.1144 0.1493 0.1723 0.1923 0.1973 0.0428 0.0486 0.0613 0.0907 0.1258 0.1475 0.1665 0.1735 0.0274 0.0327 0.0444 0.0677 0.0999 0.1214 0.1394 0.1487 0.0129 0.0194 0.0324 0.0514 0.0777 0.0981 0.1151 0.126 0.0 0.0127 0.0264 0.042 0.0621 0.0802 0.0958 0.1074 0.1159
7.000 -5.000 35 0.1268 0.1133 0.1243 0.1446 0.1749 0.2015 0.2272 0.2432 0.2417 0.0978 0.1065 0.1271 0.1613 0.1879 0.2112 0.2271 0.2248 0.0813 0.0875 0.1062 0.1426 0.1699 0.1894 0.2041 0.2041 0.0646 0.068 0.0826 0.1169 0.1461 0.1629 0.1781 0.1794 0.0481 0.0489 0.0588 0.0867 0.1168 0.1345 0.1503 0.1553 0.0326 0.0308 0.0377 0.0586 0.0879 0.1067 0.1231 0.1314 0.0194 0.0144 0.0215 0.0393 0.0644 0.0838 0.1002 0.1106 0.0127 0.0 0.0137 0.0295 0.0498 0.0677 0.0831 0.0945 0.1115
7.000 -3.000 35 0.1293 0.128 0.1429 0.1732 0.2028 0.2182 0.2335 0.2368 0.2268 0.1106 0.122 0.1517 0.1846 0.1982 0.2111 0.2154 0.2064 0.0926 0.0996 0.1254 0.16 0.1734 0.1832 0.1895 0.1821 0.0748 0.0771 0.0953 0.1275 0.1434 0.1518 0.1607 0.1579 0.0581 0.0557 0.065 0.0899 0.1094 0.1191 0.1317 0.1342 0.0433 0.0366 0.0382 0.0545 0.0763 0.0905 0.1048 0.1118 0.032 0.0213 0.0166 0.0283 0.0503 0.0679 0.0835 0.0935 0.0264 0.0137 0.0 0.0164 0.0367 0.0541 0.0692 0.0802 0.1113
7.000 -1.000 35 0.1303 0.1636 0.188 0.2182 0.2279 0.2182 0.2221 0.2157 0.1963 0.1408 0.1609 0.1929 0.2071 0.1946 0.1964 0.1923 0.1752 0.1179 0.1317 0.161 0.1792 0.1664 0.1656 0.165 0.1524 0.0962 0.1025 0.1238 0.1421 0.1336 0.1319 0.1356 0.1291 0.0768 0.0758 0.0856 0.0987 0.0973 0.0986 0.1061 0.1069 0.0607 0.0535 0.0523 0.0567 0.0618 0.0694 0.0811 0.087 0.049 0.0376 0.0279 0.0232 0.0333 0.0475 0.0621 0.0716 0.042 0.0295 0.0164 0.0 0.0194 0.0359 0.0506 0.0613 0.1097
7.000 1.000 35 0.1177 0.2117 0.2306 0.2339 0.2094 0.1957 0.2011 0.1862 0.1611 0.185 0.2039 0.2144 0.1928 0.1722 0.1752 0.1634 0.1417 0.1571 0.1724 0.1867 0.1705 0.1452 0.1445 0.1373 0.121 0.1304 0.1389 0.1507 0.1397 0.1149 0.1113 0.1093 0.1 0.1066 0.1062 0.1112 0.1017 0.082 0.0786 0.082 0.0795 0.0866 0.08 0.0757 0.0636 0.0495 0.0496 0.0581 0.0625 0.0718 0.0608 0.0496 0.0336 0.0214 0.0273 0.0403 0.0494 0.0621 0.0498 0.0367 0.0194 0.0 0.0164 0.0313 0.0418 0.0999
7.000 3.000 35 0.11 0.2369 0.236 0.2177 0.1913 0.1922 0.1927 0.1586 0.1275 0.2146 0.2185 0.2069 0.1754 0.1666 0.1672 0.1384 0.1112 0.1871 0.1937 0.189 0.157 0.1382 0.1368 0.1151 0.0936 0.1596 0.1636 0.1619 0.1329 0.1083 0.1038 0.0899 0.0755 0.1337 0.1323 0.1274 0.103 0.078 0.0713 0.0646 0.058 0.1108 0.1035 0.0949 0.0725 0.0498 0.0423 0.0417 0.0425 0.0929 0.0817 0.0692 0.0488 0.0274 0.0184 0.0235 0.0307 0.0802 0.0677 0.0541 0.0359 0.0164 0.0 0.0146 0.0248 0.0954
7.000 5.000 35 0.1145 0.246 0.2347 0.2113 0.1943 0.1922 0.1664 0.1214 0.0944 0.2307 0.2247 0.2027 0.1764 0.1684 0.1471 0.1068 0.0824 0.2093 0.2062 0.1903 0.1576 0.141 0.1228 0.0894 0.069 0.1829 0.1816 0.1701 0.1359 0.1122 0.0952 0.0699 0.0547 0.1568 0.1528 0.1425 0.1108 0.084 0.0675 0.0498 0.0404 0.132 0.1238 0.1122 0.0851 0.0592 0.0428 0.0307 0.0269 0.1114 0.1 0.0866 0.0641 0.0408 0.0237 0.0139 0.0158 0.0958 0.0831 0.0692 0.0506 0.0313 0.0146 0.0 0.0102 0.1014
7.000 7.000 35 0.1172 0.248 0.2302 0.2073 0.1889 0.1738 0.1337 0.094 0.0767 0.2377 0.2247 0.2001 0.1733 0.1569 0.1215 0.0836 0.067 0.2218 0.2135 0.1904 0.1568 0.1356 0.1046 0.0709 0.056 0.1989 0.1931 0.1754 0.1383 0.1117 0.0844 0.0566 0.0442 0.1738 0.1674 0.1526 0.117 0.0878 0.0636 0.0416 0.032 0.148 0.1389 0.125 0.0951 0.067 0.0451 0.0275 0.0202 0.1253 0.1136 0.0994 0.0756 0.0513 0.0317 0.0159 0.0095 0.1074 0.0945 0.0802 0.0613 0.0418 0.0248 0.0102 0.0 0.106
0.500 0.000 0 0.0179 0.1319 0.1265 0.1169 0.1038 0.1016 0.1149 0.1223 0.1215 0.1194 0.112 0.1012 0.0857 0.0803 0.0945 0.1073 0.1106 0.1075 0.0967 0.0823 0.0626 0.0558 0.072 0.0914 0.1006 0.0991 0.0853 0.0646 0.0341 0.0293 0.0527 0.0796 0.0931 0.0962 0.0816 0.0599 0.0224 0.019 0.0475 0.0754 0.0904 0.0993 0.0876 0.0746 0.0538 0.0462 0.0593 0.0804 0.0929 0.1068 0.0989 0.0943 0.0863 0.0761 0.078 0.0904 0.0987 0.1159 0.1115 0.1113 0.1097 0.0999 0.0954 0.1014 0.106 0.0