n 66
m 3
tmax 20.0
Vcpm 1.6
R 1.2
dmax 32.0
-0.500 0.000 0 0.0 0.0825 0.0722 0.0633 0.0578 0.0568 0.0603 0.0677 0.0771 0.084 0.0695 0.0563 0.0477 0.0468 0.0532 0.0645 0.078 0.0864 0.0674 0.0479 0.033 0.0324 0.0455 0.0632 0.0817 0.0918 0.0692 0.0432 0.0161 0.0159 0.0423 0.068 0.0919 0.1001 0.0779 0.0526 0.0291 0.0293 0.054 0.0826 0.1104 0.1097 0.0914 0.0733 0.0607 0.062 0.0789 0.1046 0.1327 0.1183 0.1056 0.0938 0.0879 0.0905 0.1031 0.1249 0.1498 0.1259 0.1174 0.1101 0.1073 0.1103 0.1203 0.1383 0.1591 0.0158
-7.000 -7.000 35 0.0825 0.0 0.0079 0.0164 0.0254 0.0346 0.0437 0.0525 0.0611 0.0093 0.014 0.0232 0.0337 0.0446 0.055 0.0649 0.0745 0.0228 0.0273 0.0363 0.0478 0.0599 0.0715 0.0823 0.0928 0.0408 0.0466 0.0564 0.0691 0.0825 0.0954 0.1073 0.1184 0.0625 0.0707 0.0827 0.0975 0.1136 0.1289 0.1428 0.1551 0.0848 0.0953 0.11 0.1277 0.1466 0.1653 0.1831 0.1985 0.1038 0.1157 0.1316 0.1506 0.1706 0.192 0.2131 0.2324 0.1185 0.131 0.1469 0.1651 0.1841 0.2054 0.2276 0.25 0.0977
-7.000 -5.000 35 0.0722 0.0079 0.0 0.0085 0.0175 0.0267 0.0357 0.0444 0.053 0.014 0.0103 0.0152 0.0245 0.0349 0.0451 0.0548 0.0644 0.0271 0.0255 0.0297 0.0384 0.049 0.0598 0.0702 0.0805 0.0457 0.0463 0.0513 0.06 0.0709 0.0821 0.093 0.1037 0.0685 0.0723 0.0794 0.0897 0.1018 0.1143 0.1264 0.1375 0.0921 0.0995 0.1091 0.1221 0.1368 0.1515 0.166 0.1792 0.1126 0.1224 0.1336 0.1481 0.1643 0.1807 0.1986 0.2145 0.1287 0.1398 0.1515 0.1658 0.1816 0.198 0.2172 0.2348 0.0874
-7.000 -3.000 35 0.0633 0.0164 0.0085 0.0 0.0089 0.0181 0.0271 0.0357 0.0442 0.023 0.0152 0.011 0.0157 0.0248 0.0346 0.0443 0.0538 0.0358 0.0296 0.0271 0.0307 0.0385 0.048 0.0579 0.068 0.0546 0.0506 0.0497 0.0532 0.0602 0.0691 0.0787 0.0889 0.0782 0.0775 0.0792 0.084 0.0914 0.1002 0.1101 0.12 0.1029 0.1057 0.1112 0.1182 0.1275 0.1379 0.1491 0.1596 0.1243 0.1298 0.1381 0.1466 0.1575 0.1699 0.183 0.1958 0.1414 0.1485 0.1579 0.1667 0.1777 0.1905 0.2047 0.219 0.079
-7.000 -1.000 35 0.0578 0.0254 0.0175 0.0089 0.0 0.0091 0.018 0.0267 0.0352 0.0336 0.0245 0.0157 0.0112 0.0157 0.0243 0.0336 0.043 0.047 0.0382 0.0307 0.0274 0.0302 0.0371 0.0459 0.0555 0.0663 0.059 0.0531 0.0503 0.0522 0.0576 0.0654 0.0746 0.0908 0.0863 0.0829 0.0816 0.0835 0.088 0.095 0.1034 0.1162 0.1152 0.1153 0.1172 0.1203 0.1258 0.1333 0.1412 0.1382 0.14 0.1428 0.1476 0.1519 0.1591 0.1687 0.1771 0.1556 0.1592 0.1634 0.1693 0.174 0.1821 0.1931 0.2022 0.0734
-7.000 1.000 35 0.0568 0.0346 0.0267 0.0181 0.0091 0.0 0.0089 0.0176 0.026 0.0445 0.035 0.025 0.0157 0.0109 0.0151 0.0233 0.0324 0.0593 0.0491 0.0388 0.0304 0.0264 0.0286 0.0352 0.0438 0.0797 0.0702 0.0604 0.0526 0.0482 0.0492 0.0541 0.0617 0.1049 0.0978 0.0901 0.0835 0.0791 0.0791 0.0827 0.0886 0.1306 0.1271 0.1226 0.1187 0.1165 0.1166 0.1202 0.1249 0.1526 0.1519 0.1502 0.1488 0.1494 0.1508 0.156 0.161 0.1697 0.1709 0.1707 0.1706 0.1725 0.1751 0.182 0.1875 0.0723
-7.000 3.000 35 0.0603 0.0437 0.0357 0.0271 0.018 0.0089 0.0 0.0087 0.0172 0.0554 0.0456 0.0351 0.0245 0.0151 0.0104 0.0145 0.0226 0.0718 0.0608 0.049 0.0376 0.0288 0.0249 0.0272 0.0337 0.0935 0.0825 0.0704 0.0587 0.0497 0.0451 0.0464 0.0511 0.1197 0.1107 0.0998 0.0888 0.0798 0.0743 0.0744 0.0771 0.1459 0.1399 0.1323 0.1236 0.1161 0.1117 0.1112 0.1119 0.1684 0.164 0.1593 0.1532 0.1482 0.1468 0.1471 0.1473 0.185 0.182 0.1789 0.1744 0.171 0.1721 0.174 0.1743 0.0756
-7.000 5.000 35 0.0677 0.0525 0.0444 0.0357 0.0267 0.0176 0.0087 0.0 0.0085 0.0659 0.056 0.0451 0.034 0.0235 0.0145 0.0101 0.014 0.084 0.0725 0.0598 0.047 0.0356 0.0274 0.0239 0.0261 0.1073 0.0954 0.0816 0.0677 0.0552 0.0468 0.043 0.0437 0.1349 0.1243 0.1114 0.0972 0.0845 0.0754 0.0703 0.0688 0.1622 0.1536 0.1433 0.1316 0.1202 0.1118 0.1067 0.1023 0.1838 0.1778 0.1692 0.1604 0.1517 0.1459 0.1429 0.1365 0.1993 0.1947 0.1874 0.1805 0.1741 0.171 0.1703 0.163 0.0824
-7.000 7.000 35 0.0771 0.0611 0.053 0.0442 0.0352 0.026 0.0172 0.0085 0.0 0.0762 0.0661 0.055 0.0437 0.0327 0.0227 0.0141 0.0095 0.096 0.0841 0.0709 0.0573 0.0447 0.0341 0.0263 0.0223 0.1211 0.1084 0.0936 0.0781 0.0639 0.0524 0.0444 0.0393 0.1502 0.1386 0.1242 0.1081 0.0925 0.0801 0.0709 0.0629 0.1783 0.1688 0.1561 0.142 0.128 0.1159 0.1057 0.0944 0.1996 0.1918 0.1817 0.1696 0.1588 0.1492 0.1399 0.1271 0.2151 0.2073 0.1986 0.1883 0.1802 0.1735 0.1657 0.1521 0.0921
-5.000 -7.000 35 0.084 0.0093 0.014 0.023 0.0336 0.0445 0.0554 0.0659 0.0762 0.0 0.0121 0.0254 0.0392 0.0529 0.066 0.0782 0.0899 0.0136 0.0206 0.0343 0.0501 0.0661 0.0811 0.095 0.1082 0.0316 0.0382 0.0515 0.0686 0.0868 0.1041 0.1199 0.1345 0.0532 0.0614 0.0758 0.0946 0.1154 0.1359 0.1549 0.1719 0.0752 0.0852 0.1011 0.1216 0.1446 0.1682 0.1915 0.2126 0.0939 0.1049 0.1211 0.1415 0.1642 0.1888 0.2153 0.2403 0.1082 0.1196 0.1352 0.154 0.1745 0.1982 0.2236 0.2494 0.0976
-5.000 -5.000 25 0.0695 0.014 0.0103 0.0152 0.0245 0.035 0.0456 0.056 0.0661 0.0121 0.0 0.0132 0.0269 0.0405 0.0535 0.0656 0.0773 0.0205 0.0153 0.0225 0.0364 0.0516 0.0662 0.0799 0.093 0.0378 0.0362 0.0425 0.0554 0.0713 0.0872 0.1022 0.1164 0.0601 0.0621 0.0698 0.0833 0.1002 0.1178 0.1349 0.1508 0.0833 0.089 0.0986 0.1137 0.1323 0.1519 0.1719 0.1904 0.1033 0.1115 0.1222 0.1378 0.1567 0.1768 0.1988 0.2209 0.119 0.1286 0.1394 0.1541 0.1714 0.1903 0.2131 0.2351 0.0838
-5.000 -3.000 25 0.0563 0.0232 0.0152 0.011 0.0157 0.025 0.0351 0.0451 0.055 0.0254 0.0132 0.0 0.0136 0.0271 0.04 0.052 0.0637 0.034 0.0225 0.0163 0.0233 0.0366 0.0505 0.0639 0.0769 0.0504 0.0421 0.0391 0.0445 0.056 0.0698 0.0838 0.0975 0.0727 0.0685 0.0686 0.0746 0.0858 0.0996 0.1143 0.1288 0.0963 0.0962 0.1004 0.1079 0.1202 0.1351 0.1513 0.1671 0.1169 0.1198 0.1268 0.1354 0.1483 0.1641 0.1815 0.1989 0.1332 0.1381 0.1462 0.1547 0.1669 0.1821 0.1995 0.2183 0.0715
-5.000 -1.000 25 0.0477 0.0337 0.0245 0.0157 0.0112 0.0157 0.0245 0.034 0.0437 0.0392 0.0269 0.0136 0.0 0.0134 0.0262 0.0382 0.0499 0.0495 0.0363 0.0233 0.0164 0.0228 0.035 0.0479 0.0607 0.0665 0.0547 0.0443 0.0396 0.0437 0.0535 0.0658 0.0788 0.0889 0.0805 0.0736 0.0711 0.0746 0.083 0.0947 0.1074 0.113 0.1084 0.1055 0.1066 0.1108 0.1196 0.1316 0.1443 0.1334 0.1321 0.1325 0.1365 0.1415 0.1513 0.1646 0.1776 0.1495 0.1504 0.1526 0.1576 0.1628 0.1726 0.1864 0.1994 0.0634
-5.000 1.000 25 0.0468 0.0446 0.0349 0.0248 0.0157 0.0109 0.0151 0.0235 0.0327 0.0529 0.0405 0.0271 0.0134 0.0 0.0127 0.0248 0.0364 0.0654 0.0515 0.0367 0.0229 0.0157 0.0215 0.0328 0.0452 0.0839 0.0702 0.0558 0.0437 0.0379 0.0409 0.0499 0.0616 0.1074 0.0958 0.0841 0.0742 0.0691 0.0708 0.0779 0.0881 0.1311 0.1237 0.1155 0.109 0.1064 0.1079 0.1148 0.1237 0.1508 0.1468 0.1419 0.1385 0.1389 0.1413 0.1492 0.1582 0.166 0.1642 0.1615 0.1597 0.1615 0.1648 0.1738 0.1827 0.0623
-5.000 3.000 25 0.0532 0.055 0.0451 0.0346 0.0243 0.0151 0.0104 0.0145 0.0227 0.066 0.0535 0.04 0.0262 0.0127 0.0 0.0121 0.0238 0.0808 0.0665 0.0509 0.0352 0.0215 0.0147 0.0202 0.0312 0.1012 0.0865 0.0701 0.0539 0.0411 0.0352 0.0383 0.0469 0.126 0.113 0.0978 0.0828 0.0709 0.0648 0.0664 0.0723 0.1499 0.14 0.1286 0.1165 0.1069 0.1024 0.1031 0.1069 0.1688 0.1617 0.1537 0.1449 0.1384 0.137 0.1384 0.1415 0.1837 0.1775 0.1717 0.1651 0.1607 0.1619 0.1646 0.1674 0.0681
-5.000 5.000 25 0.0645 0.0649 0.0548 0.0443 0.0336 0.0233 0.0145 0.0101 0.0141 0.0782 0.0656 0.052 0.0382 0.0248 0.0121 0.0 0.0116 0.0953 0.0808 0.0648 0.0484 0.033 0.0202 0.014 0.0192 0.1179 0.1025 0.085 0.0669 0.0505 0.0385 0.0333 0.0358 0.1445 0.1302 0.1133 0.0952 0.0787 0.0669 0.0611 0.061 0.1688 0.1572 0.1432 0.128 0.1135 0.1031 0.0976 0.0946 0.188 0.1776 0.1665 0.1549 0.1439 0.1367 0.1336 0.1286 0.2004 0.1927 0.1825 0.1734 0.1653 0.1612 0.1606 0.1546 0.0786
-5.000 7.000 35 0.078 0.0745 0.0644 0.0538 0.043 0.0324 0.0226 0.014 0.0095 0.0899 0.0773 0.0637 0.0499 0.0364 0.0238 0.0116 0.0 0.1094 0.0946 0.0784 0.0617 0.0457 0.0314 0.0193 0.0129 0.1342 0.1184 0.1003 0.0811 0.063 0.0476 0.0362 0.0301 0.1628 0.1478 0.1297 0.1098 0.0907 0.0744 0.0624 0.054 0.1881 0.1752 0.1594 0.1418 0.1245 0.1093 0.0969 0.0858 0.2066 0.1955 0.1813 0.1669 0.1535 0.1414 0.1305 0.1183 0.2176 0.2077 0.1963 0.1834 0.1733 0.1647 0.1557 0.1429 0.0921
-3.000 -7.000 35 0.0864 0.0228 0.0271 0.0358 0.047 0.0593 0.0718 0.084 0.096 0.0136 0.0205 0.034 0.0495 0.0654 0.0808 0.0953 0.1094 0.0 0.017 0.036 0.0561 0.076 0.0946 0.1118 0.128 0.018 0.0276 0.0468 0.0696 0.0931 0.1154 0.1358 0.1546 0.0394 0.0483 0.0663 0.0902 0.1168 0.1433 0.1683 0.1911 0.0609 0.0706 0.0881 0.1116 0.1395 0.1687 0.198 0.2257 0.0792 0.0892 0.1057 0.1277 0.153 0.1811 0.2115 0.242 0.0932 0.1033 0.1183 0.1374 0.1591 0.1838 0.2126 0.2421 0.0976
-3.000 -5.000 25 0.0674 0.0273 0.0255 0.0296 0.0382 0.0491 0.0608 0.0725 0.0841 0.0206 0.0153 0.0225 0.0363 0.0515 0.0665 0.0808 0.0946 0.017 0.0 0.0189 0.0388 0.0585 0.077 0.094 0.1101 0.0275 0.0209 0.0312 0.0512 0.0735 0.095 0.115 0.1335 0.0478 0.0467 0.0558 0.0744 0.0976 0.1219 0.1453 0.167 0.0698 0.0731 0.0829 0.1009 0.1238 0.1499 0.1764 0.2017 0.089 0.095 0.1052 0.1219 0.1437 0.168 0.195 0.2224 0.1042 0.1115 0.1215 0.1364 0.1551 0.1763 0.2014 0.2287 0.0791
-3.000 -3.000 15 0.0479 0.0363 0.0297 0.0271 0.0307 0.0388 0.049 0.0598 0.0709 0.0343 0.0225 0.0163 0.0233 0.0367 0.0509 0.0648 0.0784 0.036 0.0189 0.0 0.0197 0.0392 0.0575 0.0744 0.0905 0.0463 0.0311 0.0229 0.0331 0.0525 0.0728 0.0922 0.1104 0.0648 0.0552 0.0524 0.0607 0.078 0.0988 0.1203 0.1407 0.0859 0.0817 0.0836 0.0922 0.1086 0.1291 0.1524 0.175 0.1047 0.1043 0.1093 0.1181 0.1334 0.1534 0.176 0.1996 0.1197 0.1218 0.1281 0.1364 0.1497 0.1674 0.1883 0.2108 0.0611
-3.000 -1.000 15 0.033 0.0478 0.0384 0.0307 0.0274 0.0304 0.0376 0.047 0.0573 0.0501 0.0364 0.0233 0.0164 0.0229 0.0352 0.0484 0.0617 0.0561 0.0388 0.0197 0.0 0.0194 0.0375 0.0544 0.0703 0.0682 0.0507 0.0331 0.0235 0.0329 0.0505 0.069 0.0868 0.0867 0.0727 0.0601 0.0551 0.0616 0.0766 0.0951 0.1139 0.1065 0.0977 0.0907 0.0901 0.0961 0.1099 0.128 0.1476 0.1247 0.1194 0.1165 0.1192 0.1252 0.1383 0.1566 0.1755 0.1385 0.1362 0.1358 0.1397 0.1453 0.1572 0.1743 0.192 0.0484
-3.000 1.000 15 0.0324 0.0599 0.049 0.0385 0.0302 0.0264 0.0288 0.0356 0.0447 0.0661 0.0516 0.0366 0.0228 0.0157 0.0215 0.033 0.0457 0.076 0.0585 0.0392 0.0194 0.0 0.0181 0.035 0.051 0.0908 0.0725 0.0522 0.0328 0.0226 0.0309 0.0471 0.0643 0.1105 0.0942 0.0767 0.0612 0.0541 0.059 0.0723 0.0888 0.1305 0.1175 0.1051 0.0946 0.0911 0.0949 0.1067 0.1216 0.1463 0.138 0.1293 0.123 0.1228 0.1267 0.1384 0.1528 0.1583 0.1529 0.1471 0.1434 0.1447 0.1491 0.1605 0.1736 0.0477
-3.000 3.000 15 0.0455 0.0715 0.0598 0.048 0.0371 0.0286 0.0249 0.0274 0.0341 0.0811 0.0662 0.0505 0.035 0.0215 0.0147 0.0202 0.0314 0.0946 0.077 0.0575 0.0375 0.0181 0.0 0.0169 0.033 0.1126 0.0938 0.0725 0.0505 0.0309 0.021 0.0288 0.0439 0.1342 0.1167 0.0965 0.0759 0.0588 0.0511 0.0554 0.0672 0.1542 0.1399 0.1228 0.1068 0.0937 0.0885 0.0913 0.1001 0.1685 0.1573 0.1453 0.1329 0.124 0.1225 0.1254 0.1326 0.1783 0.1696 0.1606 0.1514 0.1456 0.1467 0.1505 0.1565 0.0589
-3.000 5.000 25 0.0632 0.0823 0.0702 0.0579 0.0459 0.0352 0.0272 0.0239 0.0263 0.095 0.0799 0.0639 0.0479 0.0328 0.0202 0.014 0.0193 0.1118 0.094 0.0744 0.0544 0.035 0.0169 0.0 0.016 0.133 0.114 0.0922 0.0693 0.0473 0.0289 0.0197 0.0267 0.157 0.1388 0.1174 0.0943 0.0723 0.0556 0.048 0.0507 0.1777 0.1619 0.1434 0.123 0.1047 0.0908 0.0846 0.0838 0.1907 0.1773 0.1623 0.1472 0.1329 0.1234 0.1201 0.1171 0.1993 0.1871 0.1748 0.163 0.1527 0.1471 0.1463 0.1422 0.0758
-3.000 7.000 35 0.0817 0.0928 0.0805 0.068 0.0555 0.0438 0.0337 0.0261 0.0223 0.1082 0.093 0.0769 0.0607 0.0452 0.0312 0.0192 0.0129 0.128 0.1101 0.0905 0.0703 0.051 0.033 0.016 0.0 0.1525 0.1332 0.1112 0.0878 0.065 0.0443 0.0268 0.0175 0.1792 0.1606 0.1384 0.114 0.0897 0.0681 0.0513 0.0418 0.2008 0.1841 0.1643 0.1424 0.12 0.1007 0.0849 0.0737 0.2129 0.1981 0.1811 0.1631 0.1462 0.1307 0.1175 0.1059 0.2194 0.2064 0.1907 0.176 0.1634 0.1522 0.1417 0.13 0.0945
-1.000 -7.000 35 0.0918 0.0408 0.0457 0.0546 0.0663 0.0797 0.0935 0.1073 0.1211 0.0316 0.0378 0.0504 0.0665 0.0839 0.1012 0.1179 0.1342 0.018 0.0275 0.0463 0.0682 0.0908 0.1126 0.133 0.1525 0.0 0.0217 0.047 0.0746 0.103 0.1303 0.1555 0.179 0.021 0.0327 0.0565 0.0859 0.118 0.1502 0.1811 0.2099 0.042 0.0516 0.0716 0.0987 0.1302 0.1639 0.1985 0.2322 0.0597 0.0688 0.0855 0.1082 0.136 0.1664 0.1998 0.2342 0.0733 0.0821 0.0964 0.1154 0.1375 0.1628 0.1918 0.2228 0.0984
-1.000 -5.000 25 0.0692 0.0466 0.0463 0.0506 0.059 0.0702 0.0825 0.0954 0.1084 0.0382 0.0362 0.0421 0.0547 0.0702 0.0865 0.1025 0.1184 0.0276 0.0209 0.0311 0.0507 0.0725 0.0938 0.114 0.1332 0.0217 0.0 0.0251 0.0526 0.0807 0.1077 0.1328 0.156 0.0327 0.0253 0.0386 0.0647 0.0952 0.1264 0.1565 0.1845 0.0516 0.0509 0.0615 0.0834 0.1117 0.1432 0.1761 0.2081 0.0693 0.0721 0.0818 0.0998 0.1234 0.1519 0.1831 0.2156 0.0835 0.0881 0.0971 0.1118 0.1313 0.1541 0.1812 0.2104 0.0758
-1.000 -3.000 15 0.0432 0.0564 0.0513 0.0497 0.0531 0.0604 0.0704 0.0816 0.0936 0.0515 0.0425 0.0391 0.0443 0.0558 0.0701 0.085 0.1003 0.0468 0.0312 0.0229 0.0331 0.0522 0.0725 0.0922 0.1112 0.047 0.0251 0.0 0.0273 0.0551 0.0818 0.1066 0.1297 0.0561 0.0384 0.0291 0.0429 0.0696 0.099 0.1281 0.1553 0.0714 0.0613 0.0593 0.0697 0.0919 0.1195 0.1498 0.1798 0.0866 0.0821 0.084 0.0931 0.111 0.1344 0.1631 0.1928 0.0995 0.0985 0.1021 0.1101 0.1243 0.1439 0.1678 0.1943 0.0506
-1.000 -1.000 5 0.0161 0.0691 0.06 0.0532 0.0503 0.0526 0.0587 0.0677 0.0781 0.0686 0.0554 0.0445 0.0396 0.0437 0.0539 0.0669 0.0811 0.0696 0.0512 0.0331 0.0235 0.0328 0.0505 0.0693 0.0878 0.0746 0.0526 0.0273 0.0 0.0276 0.054 0.0787 0.1017 0.0845 0.0641 0.0428 0.0313 0.0446 0.0701 0.0976 0.1239 0.0974 0.0825 0.0693 0.0653 0.0744 0.0953 0.1216 0.149 0.1095 0.1001 0.093 0.0932 0.1007 0.1177 0.1407 0.1672 0.1203 0.1144 0.111 0.1128 0.1191 0.1329 0.1531 0.1755 0.0277
-1.000 1.000 5 0.0159 0.0825 0.0709 0.0602 0.0522 0.0482 0.0497 0.0552 0.0639 0.0868 0.0713 0.056 0.0437 0.0379 0.0411 0.0505 0.063 0.0931 0.0735 0.0525 0.0329 0.0226 0.0309 0.0473 0.065 0.103 0.0807 0.0551 0.0276 0.0 0.0263 0.0509 0.0738 0.1149 0.0935 0.0689 0.0445 0.0315 0.0437 0.0676 0.0925 0.1267 0.1091 0.0904 0.0737 0.0675 0.0752 0.0948 0.1183 0.1364 0.1226 0.1099 0.0998 0.0979 0.1041 0.1206 0.1408 0.1436 0.1342 0.125 0.1188 0.1189 0.1246 0.1387 0.1564 0.0276
-1.000 3.000 15 0.0423 0.0954 0.0821 0.0691 0.0576 0.0492 0.0451 0.0468 0.0524 0.1041 0.0872 0.0698 0.0535 0.0409 0.0352 0.0385 0.0476 0.1154 0.095 0.0728 0.0505 0.0309 0.021 0.0289 0.0443 0.1303 0.1077 0.0818 0.054 0.0263 0.0 0.0246 0.0475 0.1449 0.123 0.0973 0.0695 0.0436 0.0302 0.0417 0.0633 0.1565 0.1374 0.1157 0.0935 0.0744 0.067 0.0738 0.0906 0.1638 0.1482 0.1305 0.1148 0.1025 0.0998 0.1052 0.1181 0.1677 0.1552 0.1425 0.1304 0.1226 0.1229 0.1284 0.1383 0.0504
-1.000 5.000 25 0.068 0.1073 0.093 0.0787 0.0654 0.0541 0.0464 0.043 0.0444 0.1199 0.1022 0.0838 0.0658 0.0499 0.0383 0.0333 0.0362 0.1358 0.115 0.0922 0.069 0.0471 0.0288 0.0197 0.0268 0.1555 0.1328 0.1066 0.0787 0.0509 0.0246 0.0 0.0227 0.1736 0.1514 0.1252 0.0963 0.0672 0.0416 0.0286 0.0381 0.1857 0.1658 0.1426 0.1174 0.093 0.0732 0.0648 0.0683 0.191 0.1738 0.1546 0.1339 0.1165 0.1035 0.0993 0.0995 0.1918 0.1772 0.1615 0.1465 0.1336 0.1259 0.1245 0.1231 0.0765
-1.000 7.000 35 0.0919 0.1184 0.1037 0.0889 0.0746 0.0617 0.0511 0.0437 0.0393 0.1345 0.1164 0.0975 0.0788 0.0616 0.0469 0.0358 0.0301 0.1546 0.1335 0.1104 0.0868 0.0643 0.0439 0.0267 0.0175 0.179 0.156 0.1297 0.1017 0.0738 0.0475 0.0227 0.0 0.2006 0.1783 0.1518 0.1225 0.0923 0.0635 0.0382 0.0247 0.2137 0.1933 0.1693 0.1427 0.1155 0.09 0.0685 0.0564 0.2175 0.1992 0.1784 0.1566 0.1342 0.1154 0.0989 0.0878 0.2154 0.1993 0.1816 0.1639 0.1482 0.134 0.1217 0.111 0.1019
1.000 -7.000 35 0.1001 0.0625 0.0685 0.0782 0.0908 0.1049 0.1197 0.1349 0.1502 0.0532 0.0601 0.0727 0.0889 0.1074 0.126 0.1445 0.1628 0.0394 0.0478 0.0648 0.0867 0.1105 0.1342 0.157 0.1792 0.021 0.0327 0.0561 0.0845 0.1149 0.1449 0.1736 0.2006 0.0 0.0235 0.0516 0.0837 0.1185 0.1539 0.1885 0.2214 0.0204 0.0318 0.0551 0.0845 0.1177 0.153 0.1897 0.2261 0.0377 0.0461 0.0635 0.0869 0.1144 0.1448 0.178 0.2128 0.051 0.0586 0.0721 0.0903 0.1122 0.1366 0.1642 0.194 0.1006
1.000 -5.000 25 0.0779 0.0707 0.0723 0.0775 0.0863 0.0978 0.1107 0.1243 0.1386 0.0614 0.0621 0.0685 0.0805 0.0958 0.113 0.1302 0.1478 0.0483 0.0467 0.0552 0.0727 0.0942 0.1167 0.1388 0.1606 0.0327 0.0253 0.0384 0.0641 0.0935 0.123 0.1514 0.1783 0.0235 0.0 0.028 0.0601 0.0947 0.1298 0.1642 0.1969 0.0319 0.0248 0.0381 0.0646 0.0967 0.1314 0.1675 0.2033 0.0465 0.0454 0.0547 0.074 0.0993 0.1286 0.161 0.1951 0.0595 0.0611 0.0689 0.0832 0.1023 0.1255 0.1523 0.1814 0.0771
1.000 -3.000 15 0.0526 0.0827 0.0794 0.0792 0.0829 0.0901 0.0998 0.1114 0.1242 0.0758 0.0698 0.0686 0.0736 0.0841 0.0978 0.1133 0.1297 0.0663 0.0558 0.0524 0.0601 0.0767 0.0965 0.1174 0.1384 0.0565 0.0386 0.0291 0.0428 0.0689 0.0973 0.1252 0.1518 0.0516 0.028 0.0 0.0319 0.0662 0.101 0.1352 0.1676 0.0554 0.0381 0.0291 0.0437 0.0723 0.1056 0.1408 0.1758 0.0646 0.0551 0.053 0.0626 0.0829 0.1094 0.1403 0.1731 0.0745 0.0701 0.0706 0.0781 0.0925 0.1125 0.1378 0.1655 0.0491
1.000 -1.000 5 0.0291 0.0975 0.0897 0.084 0.0816 0.0835 0.0888 0.0972 0.1081 0.0946 0.0833 0.0746 0.0711 0.0742 0.0828 0.0952 0.1098 0.0902 0.0744 0.0607 0.0551 0.0612 0.0759 0.0943 0.114 0.0859 0.0647 0.0429 0.0313 0.0445 0.0695 0.0963 0.1225 0.0837 0.0601 0.0319 0.0 0.034 0.0686 0.1025 0.1347 0.0849 0.0647 0.0437 0.0326 0.0476 0.0769 0.1105 0.1443 0.0894 0.0751 0.0629 0.0593 0.0685 0.0894 0.1171 0.1477 0.0952 0.0859 0.0792 0.0782 0.0849 0.0999 0.1216 0.1471 0.0187
1.000 1.000 5 0.0293 0.1136 0.1018 0.0914 0.0835 0.0791 0.0798 0.0845 0.0925 0.1154 0.1002 0.0858 0.0746 0.0691 0.0709 0.0787 0.0907 0.1168 0.0976 0.078 0.0616 0.0541 0.0588 0.0723 0.0897 0.118 0.0952 0.0696 0.0446 0.0315 0.0436 0.0672 0.0923 0.1185 0.0947 0.0662 0.034 0.0 0.0343 0.0681 0.1 0.118 0.0966 0.0721 0.0475 0.0346 0.0495 0.0789 0.1109 0.1182 0.1011 0.0835 0.0685 0.0635 0.0725 0.0941 0.1209 0.1197 0.1068 0.0946 0.0855 0.0835 0.0904 0.1067 0.1274 0.0189
1.000 3.000 15 0.054 0.1289 0.1143 0.1002 0.088 0.0791 0.0743 0.0754 0.0801 0.1359 0.1178 0.0996 0.083 0.0708 0.0648 0.0669 0.0744 0.1433 0.1219 0.0988 0.0766 0.059 0.0511 0.0556 0.0681 0.1502 0.1264 0.099 0.0701 0.0437 0.0302 0.0416 0.0635 0.1539 0.1298 0.101 0.0686 0.0343 0.0 0.0336 0.0653 0.1523 0.1303 0.1045 0.0763 0.0493 0.0354 0.0501 0.0776 0.1489 0.1301 0.1094 0.0889 0.072 0.0666 0.0755 0.0952 0.1461 0.1309 0.1147 0.1002 0.0901 0.0885 0.0959 0.1095 0.0514
1.000 5.000 25 0.0826 0.1428 0.1264 0.1101 0.095 0.0827 0.0744 0.0703 0.0709 0.1549 0.1349 0.1143 0.0947 0.0779 0.0664 0.0611 0.0624 0.1683 0.1453 0.1203 0.0951 0.0723 0.0554 0.048 0.0513 0.1811 0.1565 0.1281 0.0976 0.0676 0.0417 0.0286 0.0382 0.1885 0.1642 0.1352 0.1025 0.0681 0.0336 0.0 0.0312 0.1866 0.1642 0.1379 0.1086 0.078 0.0499 0.0352 0.0474 0.1802 0.1604 0.1381 0.1147 0.0926 0.0748 0.068 0.0731 0.1735 0.1566 0.1384 0.1202 0.1051 0.0949 0.0921 0.094 0.0841
1.000 7.000 35 0.1104 0.1551 0.1375 0.12 0.1034 0.0886 0.0771 0.0688 0.0629 0.1719 0.1508 0.1288 0.1074 0.0881 0.0723 0.061 0.054 0.1911 0.167 0.1407 0.1139 0.0888 0.0672 0.0507 0.0418 0.2099 0.1845 0.1553 0.1239 0.0925 0.0633 0.0381 0.0247 0.2214 0.1969 0.1676 0.1347 0.1 0.0653 0.0312 0.0 0.2197 0.1971 0.1705 0.1406 0.109 0.077 0.0474 0.031 0.2108 0.1904 0.1672 0.1423 0.1173 0.0936 0.0726 0.061 0.2005 0.1826 0.163 0.143 0.1237 0.1075 0.0931 0.083 0.115
3.000 -7.000 35 0.1097 0.0848 0.0921 0.1029 0.1162 0.1306 0.1459 0.1622 0.1783 0.0752 0.0833 0.0963 0.113 0.1311 0.1499 0.1688 0.1881 0.0609 0.0698 0.0859 0.1065 0.1305 0.1542 0.1777 0.2008 0.042 0.0516 0.0714 0.0974 0.1267 0.1565 0.1857 0.2137 0.0204 0.0319 0.0554 0.0849 0.118 0.1523 0.1866 0.2197 0.0 0.0208 0.0456 0.074 0.1055 0.1389 0.1738 0.2091 0.0171 0.0264 0.0453 0.0686 0.0946 0.1226 0.1531 0.185 0.0303 0.037 0.0505 0.0684 0.0889 0.1113 0.1362 0.1629 0.1042
3.000 -5.000 25 0.0914 0.0953 0.0995 0.1057 0.1152 0.1271 0.1399 0.1536 0.1688 0.0852 0.089 0.0962 0.1084 0.1237 0.14 0.1572 0.1752 0.0706 0.0731 0.0817 0.0977 0.1175 0.1399 0.1619 0.1841 0.0516 0.0509 0.0613 0.0825 0.1091 0.1374 0.1658 0.1933 0.0318 0.0248 0.0381 0.0647 0.0966 0.1303 0.1642 0.1971 0.0208 0.0 0.0247 0.0532 0.0845 0.1178 0.1526 0.1878 0.0265 0.0203 0.031 0.0521 0.0775 0.1053 0.1357 0.1675 0.0373 0.036 0.0431 0.0575 0.0764 0.098 0.1227 0.1492 0.0841
3.000 -3.000 15 0.0733 0.11 0.1091 0.1112 0.1153 0.1226 0.1323 0.1433 0.1561 0.1011 0.0986 0.1004 0.1055 0.1155 0.1286 0.1432 0.1594 0.0881 0.0829 0.0836 0.0907 0.1051 0.1228 0.1434 0.1643 0.0716 0.0615 0.0593 0.0693 0.0904 0.1157 0.1426 0.1693 0.0551 0.0381 0.0291 0.0437 0.0721 0.1045 0.1379 0.1705 0.0456 0.0247 0.0 0.0283 0.0596 0.0927 0.1274 0.1624 0.0457 0.0311 0.0235 0.0351 0.0579 0.0849 0.115 0.1465 0.0514 0.0435 0.0411 0.0482 0.0631 0.0829 0.1068 0.1329 0.0625
3.000 -1.000 15 0.0607 0.1277 0.1221 0.1182 0.1172 0.1187 0.1236 0.1316 0.142 0.1216 0.1137 0.1079 0.1066 0.109 0.1165 0.128 0.1418 0.1116 0.1009 0.0922 0.0901 0.0946 0.1068 0.123 0.1424 0.0987 0.0834 0.0697 0.0653 0.0737 0.0935 0.1174 0.1427 0.0845 0.0646 0.0437 0.0326 0.0475 0.0763 0.1086 0.1406 0.074 0.0532 0.0283 0.0 0.0311 0.0641 0.0987 0.1334 0.0699 0.0527 0.0352 0.0261 0.0382 0.0625 0.0916 0.1226 0.0707 0.0587 0.0486 0.045 0.0519 0.0676 0.0896 0.1145 0.0449
3.000 1.000 15 0.062 0.1466 0.1368 0.1275 0.1203 0.1165 0.1161 0.1202 0.128 0.1446 0.1323 0.1202 0.1108 0.1064 0.1069 0.1135 0.1245 0.1395 0.1238 0.1086 0.0961 0.0911 0.0937 0.1047 0.12 0.1302 0.1117 0.0919 0.0744 0.0675 0.0744 0.093 0.1155 0.1177 0.0967 0.0723 0.0476 0.0346 0.0493 0.078 0.109 0.1055 0.0845 0.0596 0.0311 0.0 0.0329 0.0674 0.102 0.0971 0.0788 0.0584 0.0383 0.028 0.0409 0.067 0.0966 0.0933 0.0789 0.0641 0.0522 0.0478 0.0554 0.073 0.0954 0.0462
3.000 3.000 15 0.0789 0.1653 0.1515 0.1379 0.1258 0.1166 0.1117 0.1118 0.1159 0.1682 0.1519 0.1351 0.1196 0.1079 0.1024 0.1031 0.1093 0.1687 0.1499 0.1291 0.1099 0.0949 0.0885 0.0908 0.1007 0.1639 0.1432 0.1195 0.0953 0.0752 0.067 0.0732 0.09 0.153 0.1314 0.1056 0.0769 0.0495 0.0354 0.0499 0.077 0.1389 0.1178 0.0927 0.0641 0.0329 0.0 0.0344 0.0686 0.1263 0.1073 0.0857 0.0626 0.0409 0.03 0.0438 0.0696 0.118 0.1021 0.0849 0.0682 0.0555 0.0515 0.06 0.0767 0.0681
3.000 5.000 25 0.1046 0.1831 0.166 0.1491 0.1333 0.1202 0.1112 0.1067 0.1057 0.1915 0.1719 0.1513 0.1316 0.1148 0.1031 0.0976 0.0969 0.198 0.1764 0.1524 0.128 0.1067 0.0913 0.0846 0.0849 0.1985 0.1761 0.1498 0.1216 0.0948 0.0738 0.0648 0.0685 0.1897 0.1675 0.1408 0.1105 0.0789 0.0501 0.0352 0.0474 0.1738 0.1526 0.1274 0.0987 0.0674 0.0344 0.0 0.0335 0.1572 0.1378 0.1156 0.0915 0.0668 0.0437 0.0315 0.0434 0.1445 0.1277 0.1092 0.0903 0.0731 0.06 0.0549 0.0599 0.0981
3.000 7.000 35 0.1327 0.1985 0.1792 0.1596 0.1412 0.1249 0.1119 0.1023 0.0944 0.2126 0.1904 0.1671 0.1443 0.1237 0.1069 0.0946 0.0858 0.2257 0.2017 0.175 0.1476 0.1216 0.1001 0.0838 0.0737 0.2322 0.2081 0.1798 0.149 0.1183 0.0906 0.0683 0.0564 0.2261 0.2033 0.1758 0.1443 0.1109 0.0776 0.0474 0.031 0.2091 0.1878 0.1624 0.1334 0.102 0.0686 0.0335 0.0 0.1886 0.1689 0.1463 0.1217 0.0958 0.0692 0.0434 0.0287 0.1719 0.1544 0.1351 0.1149 0.0952 0.0765 0.0598 0.0499 0.1298
5.000 -7.000 35 0.1183 0.1038 0.1126 0.1243 0.1382 0.1526 0.1684 0.1838 0.1996 0.0939 0.1033 0.1169 0.1334 0.1508 0.1688 0.188 0.2066 0.0792 0.089 0.1047 0.1247 0.1463 0.1685 0.1907 0.2129 0.0597 0.0693 0.0866 0.1095 0.1364 0.1638 0.191 0.2175 0.0377 0.0465 0.0646 0.0894 0.1182 0.1489 0.1802 0.2108 0.0171 0.0265 0.0457 0.0699 0.0971 0.1263 0.1572 0.1886 0.0 0.0166 0.0359 0.0575 0.0808 0.1055 0.1321 0.1602 0.0134 0.0207 0.0352 0.0528 0.0719 0.0922 0.1143 0.1377 0.1086
5.000 -5.000 25 0.1056 0.1157 0.1224 0.1298 0.14 0.1519 0.164 0.1778 0.1918 0.1049 0.1115 0.1198 0.1321 0.1468 0.1617 0.1776 0.1955 0.0892 0.095 0.1043 0.1194 0.138 0.1573 0.1773 0.1981 0.0688 0.0721 0.0821 0.1001 0.1226 0.1482 0.1738 0.1992 0.0461 0.0454 0.0551 0.0751 0.1011 0.1301 0.1604 0.1904 0.0264 0.0203 0.0311 0.0527 0.0788 0.1073 0.1378 0.1689 0.0166 0.0 0.0193 0.0408 0.0641 0.0886 0.1152 0.1432 0.0207 0.0158 0.0239 0.0397 0.0582 0.0782 0.1003 0.1237 0.0936
5.000 -3.000 25 0.0938 0.1316 0.1336 0.1381 0.1428 0.1502 0.1593 0.1692 0.1817 0.1211 0.1222 0.1268 0.1325 0.1419 0.1537 0.1665 0.1813 0.1057 0.1052 0.1093 0.1165 0.1293 0.1453 0.1623 0.1811 0.0855 0.0818 0.084 0.093 0.1099 0.1305 0.1546 0.1784 0.0635 0.0547 0.053 0.0629 0.0835 0.1094 0.1381 0.1672 0.0453 0.031 0.0235 0.0352 0.0584 0.0857 0.1156 0.1463 0.0359 0.0193 0.0 0.0215 0.0446 0.0691 0.0957 0.1237 0.0355 0.024 0.0179 0.0263 0.0429 0.0623 0.0842 0.1075 0.0797
5.000 -1.000 25 0.0879 0.1506 0.1481 0.1466 0.1476 0.1488 0.1532 0.1604 0.1696 0.1415 0.1378 0.1354 0.1365 0.1385 0.1449 0.1549 0.1669 0.1277 0.1219 0.1181 0.1192 0.123 0.1329 0.1472 0.1631 0.1082 0.0998 0.0931 0.0932 0.0998 0.1148 0.1339 0.1566 0.0869 0.074 0.0626 0.0593 0.0685 0.0889 0.1147 0.1423 0.0686 0.0521 0.0351 0.0261 0.0383 0.0626 0.0915 0.1217 0.0575 0.0408 0.0215 0.0 0.0231 0.0475 0.0742 0.1021 0.0535 0.04 0.0264 0.0192 0.0279 0.0453 0.0667 0.0897 0.0708
5.000 1.000 25 0.0905 0.1706 0.1643 0.1575 0.1519 0.1494 0.1482 0.1517 0.1588 0.1642 0.1567 0.1483 0.1415 0.1389 0.1384 0.1439 0.1535 0.153 0.1437 0.1334 0.1252 0.1228 0.124 0.1329 0.1462 0.136 0.1234 0.111 0.1007 0.0979 0.1025 0.1165 0.1342 0.1144 0.0993 0.0829 0.0685 0.0635 0.072 0.0926 0.1173 0.0946 0.0775 0.0579 0.0382 0.028 0.0409 0.0668 0.0958 0.0808 0.0641 0.0446 0.0231 0.0 0.0246 0.0513 0.0791 0.0734 0.059 0.0432 0.0279 0.0202 0.0296 0.049 0.0711 0.0731
5.000 3.000 25 0.1031 0.192 0.1807 0.1699 0.1591 0.1508 0.1468 0.1459 0.1492 0.1888 0.1768 0.1641 0.1513 0.1413 0.137 0.1367 0.1414 0.1811 0.168 0.1534 0.1383 0.1267 0.1225 0.1234 0.1307 0.1664 0.1519 0.1344 0.1177 0.1041 0.0998 0.1035 0.1154 0.1448 0.1286 0.1094 0.0894 0.0725 0.0666 0.0748 0.0936 0.1226 0.1053 0.0849 0.0625 0.0409 0.03 0.0437 0.0692 0.1055 0.0886 0.0691 0.0475 0.0246 0.0 0.0267 0.0542 0.0944 0.0796 0.0629 0.0455 0.0296 0.0218 0.0324 0.0518 0.0881
5.000 5.000 25 0.1249 0.2131 0.1986 0.183 0.1687 0.156 0.1471 0.1429 0.1399 0.2153 0.1988 0.1815 0.1646 0.1492 0.1384 0.1336 0.1305 0.2115 0.195 0.176 0.1566 0.1384 0.1254 0.1201 0.1175 0.1998 0.1831 0.1631 0.1407 0.1206 0.1052 0.0993 0.0989 0.178 0.161 0.1403 0.1171 0.0941 0.0755 0.068 0.0726 0.1531 0.1357 0.115 0.0916 0.067 0.0438 0.0315 0.0434 0.1321 0.1152 0.0957 0.0742 0.0513 0.0267 0.0 0.0269 0.1174 0.1023 0.0852 0.0672 0.0492 0.0324 0.0235 0.0324 0.112
5.000 7.000 35 0.1498 0.2324 0.2145 0.1958 0.1771 0.161 0.1473 0.1365 0.1271 0.2403 0.2209 0.1989 0.1776 0.1582 0.1415 0.1286 0.1183 0.242 0.2224 0.1996 0.1755 0.1528 0.1326 0.1171 0.1059 0.2342 0.2156 0.1928 0.1672 0.1408 0.1181 0.0995 0.0878 0.2128 0.1951 0.1731 0.1477 0.1209 0.0952 0.0731 0.061 0.185 0.1675 0.1465 0.1226 0.0966 0.0696 0.0434 0.0287 0.1602 0.1432 0.1237 0.1021 0.0791 0.0542 0.0269 0.0 0.1417 0.1263 0.109 0.0904 0.0715 0.0519 0.0324 0.0211 0.1399
7.000 -7.000 35 0.1259 0.1185 0.1287 0.1414 0.1556 0.1697 0.185 0.1993 0.2151 0.1082 0.119 0.1332 0.1495 0.166 0.1837 0.2004 0.2176 0.0932 0.1042 0.1197 0.1385 0.1583 0.1783 0.1993 0.2194 0.0733 0.0835 0.0995 0.1203 0.1436 0.1677 0.1918 0.2154 0.051 0.0595 0.0745 0.0952 0.1197 0.1461 0.1735 0.2005 0.0303 0.0373 0.0514 0.0707 0.0933 0.118 0.1445 0.1719 0.0134 0.0207 0.0355 0.0535 0.0734 0.0944 0.1174 0.1417 0.0 0.0129 0.0279 0.0445 0.0618 0.0798 0.0995 0.1203 0.1137
7.000 -5.000 35 0.1174 0.131 0.1398 0.1485 0.1592 0.1709 0.182 0.1947 0.2073 0.1196 0.1286 0.1381 0.1504 0.1642 0.1775 0.1927 0.2077 0.1033 0.1115 0.1218 0.1362 0.1529 0.1696 0.1871 0.2064 0.0821 0.0881 0.0985 0.1144 0.1342 0.1552 0.1772 0.1993 0.0586 0.0611 0.0701 0.0859 0.1068 0.1309 0.1566 0.1826 0.037 0.036 0.0435 0.0587 0.0789 0.1021 0.1277 0.1544 0.0207 0.0158 0.024 0.04 0.059 0.0796 0.1023 0.1263 0.0129 0.0 0.0149 0.0314 0.0486 0.0666 0.0862 0.107 0.1032
7.000 -3.000 35 0.1101 0.1469 0.1515 0.1579 0.1634 0.1707 0.1789 0.1874 0.1986 0.1352 0.1394 0.1462 0.1526 0.1615 0.1717 0.1825 0.1963 0.1183 0.1215 0.1281 0.1358 0.1471 0.1606 0.1748 0.1907 0.0964 0.0971 0.1021 0.111 0.125 0.1425 0.1615 0.1816 0.0721 0.0689 0.0706 0.0792 0.0946 0.1147 0.1384 0.163 0.0505 0.0431 0.0411 0.0486 0.0641 0.0849 0.1092 0.1351 0.0352 0.0239 0.0179 0.0264 0.0432 0.0629 0.0852 0.109 0.0279 0.0149 0.0 0.0163 0.0335 0.0514 0.0711 0.0919 0.0944
7.000 -1.000 35 0.1073 0.1651 0.1658 0.1667 0.1693 0.1706 0.1744 0.1805 0.1883 0.154 0.1541 0.1547 0.1576 0.1597 0.1651 0.1734 0.1834 0.1374 0.1364 0.1364 0.1397 0.1434 0.1514 0.163 0.176 0.1154 0.1118 0.1101 0.1128 0.1188 0.1304 0.1465 0.1639 0.0903 0.0832 0.0781 0.0782 0.0855 0.1002 0.1202 0.143 0.0684 0.0575 0.0482 0.045 0.0522 0.0682 0.0903 0.1149 0.0528 0.0397 0.0263 0.0192 0.0279 0.0455 0.0672 0.0904 0.0445 0.0314 0.0163 0.0 0.0171 0.0351 0.0548 0.0756 0.0898
7.000 1.000 35 0.1103 0.1841 0.1816 0.1777 0.174 0.1725 0.171 0.1741 0.1802 0.1745 0.1714 0.1669 0.1628 0.1615 0.1607 0.1653 0.1733 0.1591 0.1551 0.1497 0.1453 0.1447 0.1456 0.1527 0.1634 0.1375 0.1313 0.1243 0.1191 0.1189 0.1226 0.1336 0.1482 0.1122 0.1023 0.0925 0.0849 0.0835 0.0901 0.1051 0.1237 0.0889 0.0764 0.0631 0.0519 0.0478 0.0555 0.0731 0.0952 0.0719 0.0582 0.0429 0.0279 0.0202 0.0296 0.0492 0.0715 0.0618 0.0486 0.0335 0.0171 0.0 0.0181 0.038 0.0586 0.0924
7.000 3.000 35 0.1203 0.2054 0.198 0.1905 0.1821 0.1751 0.1721 0.171 0.1735 0.1982 0.1903 0.1821 0.1726 0.1648 0.1619 0.1612 0.1647 0.1838 0.1763 0.1674 0.1572 0.1491 0.1467 0.1471 0.1522 0.1628 0.1541 0.1439 0.1329 0.1246 0.1229 0.1259 0.134 0.1366 0.1255 0.1125 0.0999 0.0904 0.0885 0.0949 0.1075 0.1113 0.098 0.0829 0.0676 0.0554 0.0515 0.06 0.0765 0.0922 0.0782 0.0623 0.0453 0.0296 0.0218 0.0324 0.0519 0.0798 0.0666 0.0514 0.0351 0.0181 0.0 0.0199 0.0403 0.1035
7.000 5.000 35 0.1383 0.2276 0.2172 0.2047 0.1931 0.182 0.174 0.1703 0.1657 0.2236 0.2131 0.1995 0.1864 0.1738 0.1646 0.1606 0.1557 0.2126 0.2014 0.1883 0.1743 0.1605 0.1505 0.1463 0.1417 0.1918 0.1812 0.1678 0.1531 0.1387 0.1284 0.1245 0.1217 0.1642 0.1523 0.1378 0.1216 0.1067 0.0959 0.0921 0.0931 0.1362 0.1227 0.1068 0.0896 0.073 0.06 0.0549 0.0598 0.1143 0.1003 0.0842 0.0667 0.049 0.0324 0.0235 0.0324 0.0995 0.0862 0.0711 0.0548 0.038 0.0199 0.0 0.0197 0.1222
7.000 7.000 35 0.1591 0.25 0.2348 0.219 0.2022 0.1875 0.1743 0.163 0.1521 0.2494 0.2351 0.2183 0.1994 0.1827 0.1674 0.1546 0.1429 0.2421 0.2287 0.2108 0.192 0.1736 0.1565 0.1422 0.13 0.2228 0.2104 0.1943 0.1755 0.1564 0.1383 0.1231 0.111 0.194 0.1814 0.1655 0.1471 0.1274 0.1095 0.094 0.083 0.1629 0.1492 0.1329 0.1145 0.0954 0.0767 0.0599 0.0499 0.1377 0.1237 0.1075 0.0897 0.0711 0.0518 0.0324 0.0211 0.1203 0.107 0.0919 0.0756 0.0586 0.0403 0.0197 0.0 0.1452
0.500 0.000 0 0.0158 0.0977 0.0874 0.079 0.0734 0.0723 0.0756 0.0824 0.0921 0.0976 0.0838 0.0715 0.0634 0.0623 0.0681 0.0786 0.0921 0.0976 0.0791 0.0611 0.0484 0.0477 0.0589 0.0758 0.0945 0.0984 0.0758 0.0506 0.0277 0.0276 0.0504 0.0765 0.1019 0.1006 0.0771 0.0491 0.0187 0.0189 0.0514 0.0841 0.115 0.1042 0.0841 0.0625 0.0449 0.0462 0.0681 0.0981 0.1298 0.1086 0.0936 0.0797 0.0708 0.0731 0.0881 0.112 0.1399 0.1137 0.1032 0.0944 0.0898 0.0924 0.1035 0.1222 0.1452 0.0