n 66
m 4
tmax 23.8
Vcpm 1.6
R 1.2
dmax 38.08
-0.500 0.000 0 0.0 0.1169 0.1106 0.1048 0.1013 0.1082 0.126 0.1383 0.1425 0.108 0.0965 0.0824 0.0714 0.0745 0.0959 0.1187 0.1283 0.0993 0.0807 0.0577 0.0391 0.04 0.065 0.099 0.1175 0.0917 0.0687 0.0414 0.0147 0.0149 0.0456 0.0837 0.1083 0.0887 0.0661 0.0418 0.0217 0.0218 0.0447 0.0781 0.1035 0.0915 0.072 0.0535 0.0412 0.0409 0.0548 0.0792 0.1017 0.0987 0.083 0.0691 0.0604 0.0594 0.0674 0.0839 0.1009 0.1083 0.0958 0.0851 0.0782 0.0764 0.0801 0.0896 0.1016 0.0122
-7.000 -7.000 35 0.1169 0.0 0.0111 0.0265 0.0471 0.0731 0.1046 0.1327 0.149 0.0109 0.0187 0.0361 0.0609 0.0906 0.1262 0.1587 0.1747 0.0255 0.0351 0.054 0.0802 0.1092 0.1445 0.1821 0.2006 0.0437 0.0563 0.0763 0.1002 0.1255 0.1568 0.1973 0.221 0.0639 0.0782 0.0972 0.1181 0.1382 0.1642 0.2021 0.2302 0.0839 0.0985 0.1156 0.1334 0.1503 0.1706 0.2018 0.2307 0.1028 0.117 0.1326 0.1483 0.1629 0.1792 0.2002 0.2243 0.1201 0.1341 0.1485 0.1625 0.1753 0.1881 0.2016 0.2194 0.1238
-7.000 -5.000 35 0.1106 0.0111 0.0 0.0156 0.0363 0.0623 0.0939 0.1216 0.1373 0.0185 0.0158 0.0268 0.0493 0.0781 0.1132 0.1448 0.1599 0.0343 0.0375 0.0498 0.0715 0.098 0.1324 0.1685 0.185 0.0552 0.0634 0.077 0.0959 0.1168 0.1478 0.187 0.2077 0.0782 0.0892 0.1021 0.1173 0.1341 0.1587 0.1962 0.2215 0.1006 0.1124 0.1238 0.1361 0.1494 0.1677 0.1985 0.2271 0.1215 0.1332 0.1433 0.1539 0.1647 0.1774 0.1996 0.2241 0.1405 0.152 0.1613 0.1705 0.1795 0.188 0.2015 0.2194 0.1205
-7.000 -3.000 35 0.1048 0.0265 0.0156 0.0 0.0207 0.0469 0.0783 0.1053 0.1204 0.0352 0.0266 0.022 0.0352 0.0614 0.0955 0.1256 0.1395 0.0523 0.0494 0.0513 0.0627 0.0844 0.1169 0.1503 0.1638 0.0753 0.0776 0.083 0.0918 0.1076 0.1364 0.1734 0.1891 0.1004 0.1052 0.1112 0.1168 0.1276 0.1521 0.1886 0.2085 0.1243 0.1296 0.1347 0.1383 0.1456 0.1638 0.1957 0.2196 0.146 0.1512 0.1555 0.1581 0.1631 0.1746 0.198 0.2233 0.1656 0.1706 0.1744 0.1763 0.1795 0.1858 0.1999 0.221 0.1157
-7.000 -1.000 35 0.1013 0.0471 0.0363 0.0207 0.0 0.0263 0.0574 0.0834 0.0975 0.0589 0.0488 0.0352 0.0276 0.0428 0.0736 0.1009 0.1131 0.0784 0.0718 0.0635 0.061 0.0722 0.1001 0.1276 0.1364 0.1031 0.0999 0.0946 0.093 0.1006 0.127 0.156 0.1646 0.1289 0.1266 0.1218 0.1191 0.1237 0.1483 0.1812 0.1905 0.1519 0.1494 0.1443 0.141 0.1433 0.1634 0.1959 0.2104 0.1721 0.1693 0.1644 0.1608 0.1613 0.1751 0.2027 0.2217 0.19 0.1872 0.1826 0.179 0.178 0.1858 0.2057 0.2257 0.1141
-7.000 1.000 35 0.1082 0.0731 0.0623 0.0469 0.0263 0.0 0.0302 0.0543 0.0673 0.0888 0.0781 0.0618 0.0429 0.0334 0.0492 0.0699 0.0797 0.1111 0.1017 0.0871 0.073 0.0711 0.0846 0.0994 0.1012 0.1366 0.1278 0.1145 0.1028 0.1048 0.1215 0.1349 0.1291 0.16 0.151 0.1378 0.1275 0.1313 0.1518 0.1689 0.1611 0.1795 0.1697 0.1572 0.1485 0.1525 0.1734 0.1945 0.1893 0.196 0.186 0.175 0.1679 0.1711 0.1886 0.2105 0.2111 0.2103 0.2011 0.1916 0.1857 0.1877 0.2006 0.2197 0.2254 0.1213
-7.000 3.000 35 0.126 0.1046 0.0939 0.0783 0.0574 0.0302 0.0 0.0227 0.0354 0.1243 0.1132 0.0956 0.0731 0.049 0.0327 0.0372 0.0443 0.1492 0.1377 0.1192 0.0988 0.0828 0.0731 0.0665 0.062 0.1742 0.1613 0.1419 0.1245 0.1166 0.1151 0.1029 0.0864 0.194 0.1793 0.1611 0.1468 0.1449 0.1515 0.1399 0.1146 0.2087 0.1933 0.1773 0.1668 0.1683 0.1789 0.1711 0.1427 0.2211 0.2064 0.1934 0.1861 0.1885 0.1984 0.1937 0.1674 0.2321 0.2195 0.2092 0.2041 0.206 0.213 0.2094 0.187 0.1379
-7.000 5.000 35 0.1383 0.1327 0.1216 0.1053 0.0834 0.0543 0.0227 0.0 0.0135 0.1559 0.1439 0.1249 0.1001 0.0702 0.0376 0.0196 0.0208 0.1827 0.169 0.1473 0.1222 0.0972 0.0674 0.0441 0.0354 0.2063 0.1895 0.1662 0.1422 0.1251 0.1021 0.0731 0.0539 0.2213 0.202 0.1796 0.1616 0.1495 0.1341 0.1035 0.0745 0.2315 0.2113 0.1922 0.1785 0.1701 0.1586 0.1299 0.0952 0.2392 0.2222 0.206 0.1953 0.1875 0.1761 0.1497 0.1138 0.2474 0.2332 0.2202 0.211 0.2023 0.1887 0.1635 0.1292 0.1494
-7.000 7.000 35 0.1425 0.149 0.1373 0.1204 0.0975 0.0673 0.0354 0.0135 0.0 0.1752 0.1624 0.1421 0.1156 0.083 0.0463 0.021 0.0117 0.203 0.1872 0.1629 0.1346 0.1042 0.0662 0.0368 0.0247 0.224 0.204 0.1773 0.1509 0.1251 0.092 0.0571 0.0391 0.234 0.2113 0.1858 0.1633 0.1446 0.1161 0.0789 0.0544 0.2395 0.2174 0.1943 0.1755 0.1589 0.134 0.0979 0.0695 0.2436 0.2242 0.2056 0.1877 0.1703 0.1456 0.1118 0.0829 0.25 0.2324 0.2159 0.1984 0.1792 0.1531 0.1213 0.0939 0.1492
-5.000 -7.000 35 0.108 0.0109 0.0185 0.0352 0.0589 0.0888 0.1243 0.1559 0.1752 0.0 0.0155 0.0376 0.0668 0.1003 0.1392 0.1765 0.1967 0.0146 0.0253 0.0483 0.0784 0.1105 0.1479 0.1884 0.2111 0.0328 0.0443 0.0656 0.0922 0.1192 0.1517 0.1932 0.2205 0.0528 0.0651 0.0838 0.1051 0.1278 0.1542 0.1915 0.2215 0.0726 0.0848 0.1009 0.119 0.137 0.1577 0.1867 0.2147 0.0912 0.1031 0.1173 0.1326 0.1478 0.1639 0.1848 0.2071 0.1084 0.12 0.1328 0.1462 0.1592 0.1725 0.1858 0.2011 0.1135
-5.000 -5.000 25 0.0965 0.0187 0.0158 0.0266 0.0488 0.0781 0.1132 0.1439 0.1624 0.0155 0.0 0.0223 0.0514 0.0847 0.1235 0.1603 0.1798 0.0252 0.0216 0.0358 0.063 0.094 0.1313 0.1711 0.1928 0.0442 0.0471 0.0597 0.0812 0.1055 0.1373 0.1783 0.2039 0.0662 0.0724 0.0833 0.0993 0.1171 0.1431 0.1803 0.2089 0.0877 0.0951 0.1043 0.1165 0.1309 0.1496 0.1787 0.2061 0.1079 0.1156 0.1236 0.1335 0.1449 0.1582 0.1779 0.2012 0.1263 0.1341 0.1414 0.1497 0.1589 0.1682 0.1807 0.1963 0.1043
-5.000 -3.000 25 0.0824 0.0361 0.0268 0.022 0.0352 0.0618 0.0956 0.1249 0.1421 0.0376 0.0223 0.0 0.0287 0.0618 0.1004 0.1365 0.1551 0.0481 0.0359 0.0288 0.0437 0.0714 0.1082 0.1469 0.1671 0.0666 0.0605 0.0597 0.0687 0.0876 0.1181 0.1578 0.1807 0.0883 0.086 0.087 0.0921 0.1042 0.128 0.165 0.1907 0.1095 0.1089 0.1099 0.1129 0.1209 0.138 0.1677 0.1935 0.1292 0.1294 0.1303 0.1324 0.1377 0.1485 0.169 0.1918 0.1472 0.1481 0.1489 0.1504 0.1538 0.1599 0.1718 0.1892 0.0922
-5.000 -1.000 25 0.0714 0.0609 0.0493 0.0352 0.0276 0.0429 0.0731 0.1001 0.1156 0.0668 0.0514 0.0287 0.0 0.0331 0.0719 0.1069 0.1244 0.0791 0.0638 0.044 0.0324 0.0475 0.0818 0.118 0.1359 0.0968 0.0842 0.07 0.0633 0.0714 0.099 0.1349 0.1529 0.1157 0.1055 0.0945 0.0886 0.093 0.1156 0.1497 0.1697 0.1338 0.1248 0.1156 0.11 0.1121 0.1292 0.1597 0.1805 0.1504 0.1426 0.1348 0.1296 0.1301 0.1409 0.1644 0.1853 0.1657 0.1591 0.1524 0.1477 0.1467 0.1522 0.1676 0.186 0.0835
-5.000 1.000 25 0.0745 0.0906 0.0781 0.0614 0.0428 0.0334 0.049 0.0702 0.083 0.1003 0.0847 0.0618 0.0331 0.0 0.0384 0.0713 0.0872 0.1141 0.097 0.0729 0.0477 0.0364 0.056 0.0849 0.0987 0.1298 0.1125 0.0907 0.0723 0.069 0.0864 0.1108 0.1192 0.1444 0.1275 0.1086 0.0947 0.0947 0.1135 0.137 0.1422 0.1569 0.1412 0.1253 0.1146 0.1155 0.1335 0.1571 0.164 0.1688 0.1548 0.1418 0.1334 0.1339 0.1482 0.1696 0.1791 0.1803 0.1684 0.1577 0.1509 0.1505 0.1602 0.1772 0.1883 0.0867
-5.000 3.000 25 0.0959 0.1262 0.1132 0.0955 0.0736 0.0492 0.0327 0.0376 0.0463 0.1392 0.1235 0.1004 0.0719 0.0384 0.0 0.0302 0.0451 0.1538 0.1356 0.1098 0.0813 0.0556 0.0397 0.0472 0.0555 0.1671 0.1469 0.1215 0.0984 0.0845 0.0806 0.0793 0.0757 0.1767 0.1561 0.1338 0.1165 0.1111 0.116 0.1135 0.1011 0.1843 0.1652 0.1468 0.1348 0.1336 0.1425 0.1422 0.1264 0.1923 0.176 0.1615 0.1531 0.1532 0.1614 0.1627 0.1482 0.2011 0.1879 0.1766 0.1704 0.1703 0.1756 0.1767 0.1649 0.1066
-5.000 5.000 25 0.1187 0.1587 0.1448 0.1256 0.1009 0.0699 0.0372 0.0196 0.021 0.1765 0.1603 0.1365 0.1069 0.0713 0.0302 0.0 0.0159 0.1914 0.172 0.1447 0.1142 0.0829 0.0471 0.0245 0.0245 0.2026 0.1803 0.1527 0.1263 0.1044 0.0778 0.0534 0.0416 0.2083 0.1853 0.1607 0.139 0.1251 0.1081 0.0833 0.0619 0.2113 0.1902 0.17 0.1545 0.1437 0.1319 0.1092 0.0823 0.2166 0.1983 0.182 0.1696 0.1599 0.149 0.1285 0.1005 0.2234 0.2087 0.1948 0.1839 0.1738 0.1615 0.142 0.1154 0.1277
-5.000 7.000 35 0.1283 0.1747 0.1599 0.1395 0.1131 0.0797 0.0443 0.0208 0.0117 0.1967 0.1798 0.1551 0.1244 0.0872 0.0451 0.0159 0.0 0.2123 0.1919 0.1634 0.1316 0.0977 0.0567 0.0248 0.013 0.2215 0.1976 0.1682 0.1395 0.1123 0.0765 0.0427 0.0274 0.2235 0.1987 0.1721 0.1483 0.1255 0.0974 0.0633 0.0427 0.2226 0.1998 0.1771 0.1569 0.1385 0.1136 0.0816 0.0577 0.2253 0.2055 0.1849 0.1664 0.1478 0.1243 0.0952 0.071 0.2293 0.2118 0.194 0.1751 0.1554 0.1316 0.1047 0.0817 0.134
-3.000 -7.000 35 0.0993 0.0255 0.0343 0.0523 0.0784 0.1111 0.1492 0.1827 0.203 0.0146 0.0252 0.0481 0.0791 0.1141 0.1538 0.1914 0.2123 0.0 0.02 0.0475 0.0804 0.1139 0.1509 0.1927 0.2177 0.018 0.0302 0.0548 0.0838 0.1123 0.1448 0.1857 0.214 0.0377 0.0484 0.068 0.0911 0.1144 0.1409 0.1768 0.2064 0.0571 0.0672 0.0828 0.1009 0.1207 0.1418 0.1693 0.1959 0.0755 0.0852 0.0983 0.1136 0.1296 0.1462 0.1656 0.186 0.0925 0.1019 0.1134 0.1264 0.1397 0.153 0.1668 0.1809 0.1017
-3.000 -5.000 25 0.0807 0.0351 0.0375 0.0494 0.0718 0.1017 0.1377 0.169 0.1872 0.0253 0.0216 0.0359 0.0638 0.097 0.1356 0.172 0.1919 0.02 0.0 0.0274 0.0598 0.0927 0.1296 0.1711 0.1954 0.0303 0.025 0.0392 0.065 0.0923 0.1248 0.1656 0.1931 0.0492 0.0496 0.0595 0.0775 0.0979 0.1237 0.1596 0.1886 0.0692 0.0719 0.0795 0.0922 0.1076 0.1273 0.1548 0.1813 0.0884 0.092 0.0984 0.1082 0.1203 0.1345 0.1532 0.1736 0.1061 0.1104 0.116 0.1239 0.1334 0.1437 0.1555 0.1696 0.0846
-3.000 -3.000 15 0.0577 0.054 0.0498 0.0513 0.0635 0.0871 0.1192 0.1473 0.1629 0.0483 0.0358 0.0288 0.044 0.0729 0.1098 0.1447 0.1634 0.0475 0.0274 0.0 0.0317 0.064 0.1011 0.1424 0.1659 0.0557 0.0395 0.0299 0.0429 0.0668 0.099 0.1395 0.1658 0.0707 0.0607 0.0564 0.0627 0.0777 0.102 0.1378 0.1654 0.0879 0.0816 0.079 0.0825 0.092 0.1093 0.1368 0.1626 0.1051 0.1011 0.0993 0.1015 0.1079 0.119 0.1375 0.1581 0.1215 0.119 0.1178 0.1193 0.1235 0.1302 0.1409 0.1551 0.0652
-3.000 -1.000 15 0.0391 0.0802 0.0715 0.0627 0.061 0.073 0.0988 0.1222 0.1346 0.0784 0.063 0.0437 0.0324 0.0477 0.0813 0.1142 0.1316 0.0804 0.0598 0.0317 0.0 0.0324 0.0704 0.1114 0.1338 0.0866 0.0663 0.0431 0.03 0.0422 0.0729 0.1123 0.1366 0.0969 0.0797 0.0632 0.0549 0.0607 0.0827 0.1175 0.1421 0.109 0.095 0.0828 0.0763 0.0792 0.0945 0.1221 0.1458 0.1221 0.1109 0.1014 0.096 0.097 0.1064 0.1259 0.1461 0.1353 0.1265 0.1189 0.1141 0.1137 0.1183 0.13 0.1454 0.0505
-3.000 1.000 15 0.04 0.1092 0.098 0.0844 0.0722 0.0711 0.0828 0.0972 0.1042 0.1105 0.094 0.0714 0.0475 0.0364 0.0556 0.0829 0.0977 0.1139 0.0927 0.064 0.0324 0.0 0.039 0.0784 0.0988 0.1175 0.0949 0.0676 0.0424 0.0318 0.0516 0.0855 0.1053 0.1225 0.1011 0.0784 0.0611 0.0573 0.0737 0.1018 0.1183 0.1291 0.1104 0.0923 0.08 0.0782 0.0923 0.116 0.1304 0.1376 0.1218 0.1078 0.0985 0.0968 0.1071 0.1259 0.1401 0.1475 0.1345 0.1232 0.1157 0.1134 0.1196 0.1329 0.1454 0.0514
-3.000 3.000 15 0.065 0.1445 0.1324 0.1169 0.1001 0.0846 0.0731 0.0674 0.0662 0.1479 0.1313 0.1082 0.0818 0.056 0.0397 0.0471 0.0567 0.1509 0.1296 0.1011 0.0704 0.039 0.0 0.036 0.0542 0.1521 0.1286 0.1003 0.0731 0.0513 0.0399 0.052 0.0638 0.1525 0.1294 0.1048 0.0844 0.0738 0.0743 0.0802 0.0821 0.1545 0.1338 0.1147 0.1 0.095 0.1001 0.1054 0.1022 0.1601 0.1429 0.1271 0.1169 0.1138 0.1186 0.1237 0.1197 0.1679 0.1538 0.1412 0.1332 0.1303 0.1328 0.1363 0.133 0.0734
-3.000 5.000 25 0.099 0.1821 0.1685 0.1503 0.1276 0.0994 0.0665 0.0441 0.0368 0.1884 0.1711 0.1469 0.118 0.0849 0.0472 0.0245 0.0248 0.1927 0.1711 0.1424 0.1114 0.0784 0.036 0.0 0.0186 0.191 0.1667 0.1377 0.1094 0.0831 0.0515 0.0285 0.0283 0.188 0.1639 0.1383 0.1157 0.0979 0.0776 0.0578 0.0464 0.1871 0.1655 0.1443 0.1261 0.113 0.1001 0.083 0.0656 0.1898 0.1714 0.1539 0.1392 0.1274 0.1166 0.1017 0.0828 0.1954 0.1797 0.1648 0.1517 0.1403 0.129 0.1148 0.0967 0.1028
-3.000 7.000 35 0.1175 0.2006 0.185 0.1638 0.1364 0.1012 0.062 0.0354 0.0247 0.2111 0.1928 0.1671 0.1359 0.0987 0.0555 0.0245 0.013 0.2177 0.1954 0.1659 0.1338 0.0988 0.0542 0.0186 0.0 0.214 0.189 0.1592 0.1299 0.1009 0.0631 0.0284 0.0143 0.2083 0.1833 0.1565 0.1315 0.1082 0.0784 0.0463 0.0295 0.2046 0.1818 0.1585 0.137 0.1152 0.0917 0.0635 0.0444 0.2041 0.1837 0.163 0.143 0.1235 0.1013 0.0768 0.0575 0.2069 0.1884 0.1686 0.1494 0.1298 0.1083 0.0863 0.0681 0.1196
-1.000 -7.000 35 0.0917 0.0437 0.0552 0.0753 0.1031 0.1366 0.1742 0.2063 0.224 0.0328 0.0442 0.0666 0.0968 0.1298 0.1671 0.2026 0.2215 0.018 0.0303 0.0557 0.0866 0.1175 0.1521 0.191 0.214 0.0 0.0221 0.0497 0.0792 0.1069 0.1368 0.1758 0.2038 0.0194 0.031 0.0531 0.0778 0.1017 0.1275 0.161 0.1888 0.0386 0.0474 0.0639 0.0836 0.1039 0.1251 0.1509 0.1754 0.0568 0.0647 0.0777 0.0934 0.1107 0.128 0.1466 0.1654 0.0735 0.0812 0.092 0.1052 0.1193 0.1332 0.1467 0.1599 0.0902
-1.000 -5.000 25 0.0687 0.0563 0.0634 0.0776 0.0999 0.1278 0.1613 0.1895 0.204 0.0443 0.0471 0.0605 0.0842 0.1125 0.1469 0.1803 0.1976 0.0302 0.025 0.0395 0.0663 0.0949 0.1286 0.1667 0.189 0.0221 0.0 0.0272 0.0561 0.0832 0.1132 0.1522 0.1797 0.0312 0.0242 0.0362 0.0578 0.0805 0.1062 0.1398 0.1673 0.0482 0.0462 0.0536 0.0684 0.086 0.1062 0.1319 0.1563 0.066 0.0663 0.0719 0.0825 0.0961 0.1115 0.1295 0.1482 0.083 0.0846 0.0894 0.0974 0.108 0.1194 0.1315 0.1441 0.0685
-1.000 -3.000 15 0.0414 0.0763 0.077 0.083 0.0946 0.1145 0.1419 0.1662 0.1773 0.0656 0.0597 0.0597 0.07 0.0907 0.1215 0.1527 0.1682 0.0548 0.0392 0.0299 0.0431 0.0676 0.1003 0.1377 0.1592 0.0497 0.0272 0.0 0.0283 0.055 0.0854 0.1247 0.1517 0.054 0.0364 0.0262 0.0366 0.0563 0.0816 0.1154 0.1423 0.0656 0.0541 0.0488 0.0539 0.0665 0.0849 0.1107 0.1347 0.0801 0.0726 0.0692 0.0723 0.0807 0.0932 0.1105 0.1291 0.095 0.0901 0.0879 0.0899 0.0955 0.1036 0.1142 0.1266 0.0437
-1.000 -1.000 5 0.0147 0.1002 0.0959 0.0918 0.093 0.1028 0.1245 0.1422 0.1509 0.0922 0.0812 0.0687 0.0633 0.0723 0.0984 0.1263 0.1395 0.0838 0.065 0.0429 0.03 0.0424 0.0731 0.1094 0.1299 0.0792 0.0561 0.0283 0.0 0.0269 0.0585 0.0982 0.1244 0.0797 0.0583 0.0366 0.025 0.0348 0.0588 0.0926 0.1185 0.086 0.0687 0.0537 0.0467 0.0512 0.0668 0.0925 0.1156 0.0961 0.0827 0.0719 0.0666 0.0687 0.0781 0.0952 0.1137 0.1077 0.0974 0.0892 0.0849 0.0854 0.0903 0.1002 0.1128 0.0227
-1.000 1.000 5 0.0149 0.1255 0.1168 0.1076 0.1006 0.1048 0.1166 0.1251 0.1251 0.1192 0.1055 0.0876 0.0714 0.069 0.0845 0.1044 0.1123 0.1123 0.0923 0.0668 0.0422 0.0318 0.0513 0.0831 0.1009 0.1069 0.0832 0.055 0.0269 0.0 0.0331 0.0723 0.0967 0.1038 0.0809 0.0562 0.0348 0.0256 0.0415 0.0726 0.0955 0.1059 0.0858 0.0661 0.0515 0.0469 0.0578 0.0806 0.0996 0.1121 0.0954 0.0801 0.0694 0.0658 0.0727 0.0885 0.1034 0.1206 0.107 0.0949 0.0863 0.0827 0.0859 0.0956 0.1071 0.0228
-1.000 3.000 15 0.0456 0.1568 0.1478 0.1364 0.127 0.1215 0.1151 0.1021 0.092 0.1517 0.1373 0.1181 0.099 0.0864 0.0806 0.0778 0.0765 0.1448 0.1248 0.099 0.0729 0.0516 0.0399 0.0515 0.0631 0.1368 0.1132 0.0854 0.0585 0.0331 0.0 0.0363 0.0578 0.1311 0.1078 0.0828 0.0599 0.0418 0.0337 0.0478 0.0631 0.1297 0.1087 0.0877 0.07 0.0596 0.0592 0.0678 0.0752 0.1329 0.1148 0.0983 0.0844 0.0771 0.0778 0.084 0.0876 0.1393 0.1241 0.1098 0.0991 0.0929 0.092 0.0957 0.0976 0.0477
-1.000 5.000 25 0.0837 0.1973 0.187 0.1734 0.156 0.1349 0.1029 0.0731 0.0571 0.1932 0.1783 0.1578 0.1349 0.1108 0.0793 0.0534 0.0427 0.1857 0.1656 0.1395 0.1123 0.0855 0.052 0.0285 0.0284 0.1758 0.1522 0.1247 0.0982 0.0723 0.0363 0.0 0.0207 0.1666 0.143 0.1177 0.094 0.0721 0.0473 0.0286 0.0297 0.1624 0.1407 0.1187 0.0986 0.0818 0.0662 0.0531 0.0459 0.163 0.1438 0.1247 0.1076 0.0933 0.0819 0.0712 0.0612 0.1665 0.1496 0.1329 0.1177 0.1048 0.0941 0.084 0.0738 0.0828
-1.000 7.000 35 0.1083 0.221 0.2077 0.1891 0.1646 0.1291 0.0864 0.0539 0.0391 0.2205 0.2039 0.1807 0.1529 0.1192 0.0757 0.0416 0.0274 0.214 0.1931 0.1658 0.1366 0.1053 0.0638 0.0283 0.0143 0.2038 0.1797 0.1517 0.1244 0.0967 0.0578 0.0207 0.0 0.1913 0.1671 0.141 0.1161 0.0917 0.061 0.0295 0.015 0.1843 0.1617 0.1382 0.1156 0.0939 0.0699 0.0444 0.0297 0.1821 0.1613 0.1398 0.1188 0.0977 0.0777 0.0571 0.0425 0.1816 0.1624 0.1425 0.1227 0.1034 0.0843 0.0666 0.053 0.1056
1.000 -7.000 35 0.0887 0.0639 0.0782 0.1004 0.1289 0.16 0.194 0.2213 0.234 0.0528 0.0662 0.0883 0.1157 0.1444 0.1767 0.2083 0.2235 0.0377 0.0492 0.0707 0.0969 0.1225 0.1525 0.188 0.2083 0.0194 0.0312 0.054 0.0797 0.1038 0.1311 0.1666 0.1913 0.0 0.0215 0.0459 0.0706 0.0937 0.1175 0.1484 0.1744 0.019 0.0293 0.0486 0.07 0.0911 0.1122 0.1363 0.1585 0.0371 0.0445 0.0589 0.0763 0.0946 0.1125 0.1307 0.148 0.0538 0.0604 0.0716 0.0855 0.101 0.1159 0.1297 0.1424 0.0838
1.000 -5.000 25 0.0661 0.0782 0.0892 0.1052 0.1266 0.151 0.1793 0.202 0.2113 0.0651 0.0724 0.086 0.1055 0.1275 0.1561 0.1853 0.1987 0.0484 0.0496 0.0607 0.0797 0.1011 0.1294 0.1639 0.1833 0.031 0.0242 0.0364 0.0583 0.0809 0.1078 0.143 0.1671 0.0215 0.0 0.0241 0.0483 0.0711 0.095 0.1259 0.1518 0.0294 0.022 0.032 0.0507 0.0708 0.0915 0.1156 0.1377 0.0449 0.0421 0.0482 0.0612 0.0772 0.0939 0.1116 0.1288 0.061 0.0604 0.065 0.0744 0.0866 0.0997 0.1124 0.1246 0.0612
1.000 -3.000 15 0.0418 0.0972 0.1021 0.1112 0.1218 0.1378 0.1611 0.1796 0.1858 0.0838 0.0833 0.087 0.0945 0.1086 0.1338 0.1607 0.1721 0.068 0.0595 0.0564 0.0632 0.0784 0.1048 0.1383 0.1565 0.0531 0.0362 0.0262 0.0366 0.0562 0.0828 0.1177 0.141 0.0459 0.0241 0.0 0.0239 0.0465 0.0707 0.102 0.1276 0.049 0.0321 0.0228 0.0318 0.0493 0.0693 0.0936 0.1156 0.0594 0.0483 0.0434 0.0481 0.0597 0.0744 0.0916 0.1086 0.0724 0.0652 0.0622 0.065 0.0727 0.0829 0.0943 0.106 0.0365
1.000 -1.000 5 0.0217 0.1181 0.1173 0.1168 0.1191 0.1275 0.1468 0.1616 0.1633 0.1051 0.0993 0.0921 0.0886 0.0947 0.1165 0.139 0.1483 0.0911 0.0775 0.0627 0.0549 0.0611 0.0844 0.1157 0.1315 0.0778 0.0578 0.0366 0.025 0.0348 0.0599 0.094 0.1161 0.0706 0.0483 0.0239 0.0 0.0227 0.0476 0.0794 0.1045 0.0705 0.0507 0.0318 0.022 0.0304 0.0488 0.0732 0.095 0.0768 0.0611 0.048 0.0421 0.046 0.0573 0.0738 0.0906 0.0862 0.0742 0.0648 0.0605 0.0621 0.0685 0.0782 0.0897 0.013
1.000 1.000 5 0.0218 0.1382 0.1341 0.1276 0.1237 0.1313 0.1449 0.1495 0.1446 0.1278 0.1171 0.1042 0.093 0.0947 0.1111 0.1251 0.1255 0.1144 0.0979 0.0777 0.0607 0.0573 0.0738 0.0979 0.1082 0.1017 0.0805 0.0563 0.0348 0.0256 0.0418 0.0721 0.0917 0.0937 0.0711 0.0465 0.0227 0.0 0.026 0.058 0.082 0.0913 0.0705 0.0491 0.0305 0.0216 0.0326 0.0556 0.076 0.0946 0.0767 0.0595 0.0462 0.0407 0.0462 0.0607 0.0759 0.1011 0.0861 0.0725 0.0625 0.0578 0.0597 0.0676 0.0777 0.013
1.000 3.000 15 0.0447 0.1642 0.1587 0.1521 0.1483 0.1518 0.1515 0.1341 0.1161 0.1542 0.1431 0.128 0.1156 0.1135 0.116 0.1081 0.0974 0.1409 0.1237 0.102 0.0827 0.0737 0.0743 0.0776 0.0784 0.1275 0.1062 0.0816 0.0588 0.0415 0.0337 0.0473 0.061 0.1175 0.095 0.0707 0.0476 0.026 0.0 0.0306 0.0523 0.1135 0.0923 0.0705 0.05 0.033 0.0255 0.0373 0.0528 0.1143 0.0954 0.0764 0.0596 0.0478 0.0444 0.0506 0.0593 0.118 0.1015 0.0858 0.072 0.0626 0.059 0.0618 0.0665 0.0384
1.000 5.000 25 0.0781 0.2021 0.1962 0.1886 0.1812 0.1689 0.1399 0.1035 0.0789 0.1915 0.1803 0.165 0.1497 0.137 0.1135 0.0833 0.0633 0.1768 0.1596 0.1378 0.1175 0.1018 0.0802 0.0578 0.0463 0.161 0.1398 0.1154 0.0926 0.0726 0.0478 0.0286 0.0295 0.1484 0.1259 0.102 0.0794 0.058 0.0306 0.0 0.0203 0.1416 0.1203 0.098 0.0766 0.0566 0.0372 0.024 0.0271 0.1397 0.12 0.0998 0.0806 0.0637 0.0504 0.042 0.0394 0.1404 0.1225 0.1045 0.0879 0.0732 0.0622 0.0548 0.0504 0.071
1.000 7.000 35 0.1035 0.2302 0.2215 0.2085 0.1905 0.1611 0.1146 0.0745 0.0544 0.2215 0.2089 0.1907 0.1697 0.1422 0.1011 0.0619 0.0427 0.2064 0.1886 0.1654 0.1421 0.1183 0.0821 0.0464 0.0295 0.1888 0.1673 0.1423 0.1185 0.0955 0.0631 0.0297 0.015 0.1744 0.1518 0.1276 0.1045 0.082 0.0523 0.0203 0.0 0.1643 0.1423 0.1194 0.0968 0.0748 0.0509 0.0267 0.0144 0.1595 0.1387 0.1171 0.0957 0.0753 0.0558 0.0378 0.0271 0.157 0.1376 0.1175 0.0977 0.0784 0.0615 0.0471 0.0374 0.0958
3.000 -7.000 35 0.0915 0.0839 0.1006 0.1243 0.1519 0.1795 0.2087 0.2315 0.2395 0.0726 0.0877 0.1095 0.1338 0.1569 0.1843 0.2113 0.2226 0.0571 0.0692 0.0879 0.109 0.1291 0.1545 0.1871 0.2046 0.0386 0.0482 0.0656 0.086 0.1059 0.1297 0.1624 0.1843 0.019 0.0294 0.049 0.0705 0.0913 0.1135 0.1416 0.1643 0.0 0.02 0.0419 0.0638 0.0847 0.105 0.1273 0.1477 0.018 0.0272 0.0447 0.0642 0.0835 0.1018 0.1194 0.1355 0.0346 0.0411 0.0539 0.0696 0.0862 0.102 0.1162 0.1286 0.084
3.000 -5.000 25 0.072 0.0985 0.1124 0.1296 0.1494 0.1697 0.1933 0.2113 0.2174 0.0848 0.0951 0.1089 0.1248 0.1412 0.1652 0.1902 0.1998 0.0672 0.0719 0.0816 0.095 0.1104 0.1338 0.1655 0.1818 0.0474 0.0462 0.0541 0.0687 0.0858 0.1087 0.1407 0.1617 0.0293 0.022 0.0321 0.0507 0.0705 0.0923 0.1203 0.1423 0.02 0.0 0.0216 0.0432 0.0639 0.0841 0.1065 0.1268 0.0273 0.0202 0.0291 0.0462 0.0646 0.0824 0.0999 0.1158 0.0412 0.0385 0.0438 0.0556 0.0701 0.0848 0.0982 0.1103 0.0638
3.000 -3.000 15 0.0535 0.1156 0.1238 0.1347 0.1443 0.1572 0.1773 0.1922 0.1943 0.1009 0.1043 0.1099 0.1156 0.1253 0.1468 0.17 0.1771 0.0828 0.0795 0.079 0.0828 0.0923 0.1147 0.1443 0.1585 0.0639 0.0536 0.0488 0.0537 0.0661 0.0877 0.1187 0.1382 0.0486 0.032 0.0228 0.0318 0.0491 0.0705 0.098 0.1194 0.0419 0.0216 0.0 0.0215 0.0421 0.0623 0.0848 0.1049 0.0449 0.0292 0.0207 0.0291 0.0451 0.0622 0.0795 0.0954 0.0541 0.0439 0.0395 0.0438 0.0544 0.0671 0.0796 0.0913 0.044
3.000 -1.000 15 0.0412 0.1334 0.1361 0.1383 0.141 0.1485 0.1668 0.1785 0.1755 0.119 0.1165 0.1129 0.11 0.1146 0.1348 0.1545 0.1569 0.1009 0.0922 0.0825 0.0763 0.08 0.1 0.1261 0.137 0.0836 0.0684 0.0539 0.0467 0.0515 0.07 0.0986 0.1156 0.07 0.0507 0.0318 0.022 0.0305 0.05 0.0766 0.0968 0.0638 0.0432 0.0215 0.0 0.0206 0.041 0.0637 0.0837 0.0643 0.0462 0.0291 0.0202 0.0279 0.0429 0.0599 0.0756 0.0699 0.0556 0.0438 0.0386 0.042 0.051 0.0621 0.0733 0.0296
3.000 1.000 15 0.0409 0.1503 0.1494 0.1456 0.1433 0.1525 0.1683 0.1701 0.1589 0.137 0.1309 0.1209 0.1121 0.1155 0.1336 0.1437 0.1385 0.1207 0.1076 0.092 0.0792 0.0782 0.095 0.113 0.1152 0.1039 0.086 0.0665 0.0512 0.0469 0.0596 0.0818 0.0939 0.0911 0.0708 0.0493 0.0304 0.0216 0.033 0.0566 0.0748 0.0847 0.0639 0.0421 0.0206 0.0 0.0208 0.0438 0.0633 0.0835 0.0645 0.0451 0.0279 0.0192 0.0268 0.0424 0.0576 0.0863 0.07 0.0544 0.042 0.0363 0.039 0.0475 0.0576 0.0293
3.000 3.000 15 0.0548 0.1706 0.1677 0.1638 0.1634 0.1734 0.1789 0.1586 0.134 0.1577 0.1496 0.138 0.1292 0.1335 0.1425 0.1319 0.1136 0.1418 0.1273 0.1093 0.0945 0.0923 0.1001 0.1001 0.0917 0.1251 0.1062 0.0849 0.0668 0.0578 0.0592 0.0662 0.0699 0.1122 0.0915 0.0693 0.0488 0.0326 0.0255 0.0372 0.0509 0.105 0.0841 0.0623 0.041 0.0208 0.0 0.0226 0.041 0.1024 0.0829 0.0628 0.0435 0.027 0.0192 0.0271 0.0397 0.1027 0.0853 0.0678 0.0518 0.0397 0.0342 0.037 0.0438 0.0443
3.000 5.000 25 0.0792 0.2018 0.1985 0.1957 0.1959 0.1945 0.1711 0.1299 0.0979 0.1867 0.1787 0.1677 0.1597 0.1571 0.1422 0.1092 0.0816 0.1693 0.1548 0.1368 0.1221 0.116 0.1054 0.083 0.0635 0.1509 0.1319 0.1107 0.0925 0.0806 0.0678 0.0531 0.0444 0.1363 0.1156 0.0936 0.0732 0.0556 0.0373 0.024 0.0267 0.1273 0.1065 0.0848 0.0637 0.0438 0.0226 0.0 0.0173 0.1227 0.1029 0.0824 0.0622 0.0434 0.0272 0.018 0.0219 0.1205 0.1022 0.0835 0.0655 0.0494 0.0374 0.031 0.0308 0.0687
3.000 7.000 35 0.1017 0.2307 0.2271 0.2196 0.2104 0.1893 0.1427 0.0952 0.0695 0.2147 0.2061 0.1935 0.1805 0.164 0.1264 0.0823 0.0577 0.1959 0.1813 0.1626 0.1458 0.1304 0.1022 0.0656 0.0444 0.1754 0.1563 0.1347 0.1156 0.0996 0.0752 0.0459 0.0297 0.1585 0.1377 0.1156 0.095 0.076 0.0528 0.0271 0.0144 0.1477 0.1268 0.1049 0.0837 0.0633 0.041 0.0173 0.0 0.1404 0.1201 0.099 0.0781 0.058 0.0389 0.0216 0.0126 0.1354 0.1164 0.0966 0.0771 0.0587 0.0426 0.0298 0.0228 0.0906
5.000 -7.000 35 0.0987 0.1028 0.1215 0.146 0.1721 0.196 0.2211 0.2392 0.2436 0.0912 0.1079 0.1292 0.1504 0.1688 0.1923 0.2166 0.2253 0.0755 0.0884 0.1051 0.1221 0.1376 0.1601 0.1898 0.2041 0.0568 0.066 0.0801 0.0961 0.1121 0.1329 0.163 0.1821 0.0371 0.0449 0.0594 0.0768 0.0946 0.1143 0.1397 0.1595 0.018 0.0273 0.0449 0.0643 0.0835 0.1024 0.1227 0.1404 0.0 0.0185 0.0384 0.0583 0.0776 0.0954 0.112 0.1267 0.0165 0.0247 0.0404 0.0579 0.0753 0.0915 0.1055 0.1173 0.0895
5.000 -5.000 25 0.083 0.117 0.1332 0.1512 0.1693 0.186 0.2064 0.2222 0.2242 0.1031 0.1156 0.1294 0.1426 0.1548 0.176 0.1983 0.2055 0.0852 0.092 0.1011 0.1109 0.1218 0.1429 0.1714 0.1837 0.0647 0.0663 0.0726 0.0827 0.0954 0.1148 0.1438 0.1613 0.0445 0.0421 0.0483 0.0611 0.0767 0.0954 0.12 0.1387 0.0272 0.0202 0.0292 0.0462 0.0645 0.0829 0.1029 0.1201 0.0185 0.0 0.0197 0.0395 0.0585 0.0762 0.0928 0.1073 0.0247 0.0182 0.0263 0.0416 0.0582 0.0739 0.0876 0.0993 0.073
5.000 -3.000 25 0.0691 0.1326 0.1433 0.1555 0.1644 0.175 0.1934 0.206 0.2056 0.1173 0.1236 0.1303 0.1348 0.1418 0.1615 0.182 0.1849 0.0983 0.0984 0.0993 0.1014 0.1078 0.1271 0.1539 0.163 0.0777 0.0719 0.0692 0.0719 0.0801 0.0983 0.1247 0.1398 0.0589 0.0482 0.0434 0.048 0.0595 0.0764 0.0998 0.1171 0.0447 0.0291 0.0207 0.0291 0.0451 0.0628 0.0824 0.099 0.0384 0.0197 0.0 0.0197 0.0386 0.0562 0.0727 0.0872 0.0405 0.0263 0.0187 0.0262 0.0407 0.0556 0.069 0.0804 0.0581
5.000 -1.000 25 0.0604 0.1483 0.1539 0.1581 0.1608 0.1679 0.1861 0.1953 0.1877 0.1326 0.1335 0.1324 0.1296 0.1334 0.1531 0.1696 0.1664 0.1136 0.1082 0.1015 0.096 0.0985 0.1169 0.1392 0.143 0.0934 0.0825 0.0723 0.0666 0.0694 0.0844 0.1076 0.1188 0.0763 0.0612 0.0481 0.0421 0.0462 0.0596 0.0806 0.0957 0.0642 0.0462 0.0291 0.0202 0.0279 0.0435 0.0622 0.0781 0.0583 0.0395 0.0197 0.0 0.0188 0.0364 0.0528 0.0672 0.058 0.0416 0.0262 0.0183 0.0252 0.038 0.0507 0.0619 0.0485
5.000 1.000 25 0.0594 0.1629 0.1647 0.1631 0.1613 0.1711 0.1885 0.1875 0.1703 0.1478 0.1449 0.1377 0.1301 0.1339 0.1532 0.1599 0.1478 0.1296 0.1203 0.1079 0.097 0.0968 0.1138 0.1274 0.1235 0.1107 0.0961 0.0807 0.0687 0.0658 0.0771 0.0933 0.0977 0.0946 0.0772 0.0597 0.046 0.0407 0.0478 0.0637 0.0753 0.0835 0.0646 0.0451 0.0279 0.0192 0.027 0.0434 0.058 0.0776 0.0585 0.0386 0.0188 0.0 0.0175 0.034 0.0483 0.0754 0.0581 0.0407 0.0252 0.0171 0.0229 0.034 0.0447 0.0476
5.000 3.000 25 0.0674 0.1792 0.1774 0.1746 0.1751 0.1886 0.1984 0.1761 0.1456 0.1639 0.1582 0.1485 0.1409 0.1482 0.1614 0.149 0.1243 0.1462 0.1345 0.119 0.1064 0.1071 0.1186 0.1166 0.1013 0.128 0.1115 0.0932 0.0781 0.0727 0.0778 0.0819 0.0777 0.1125 0.0939 0.0744 0.0573 0.0462 0.0444 0.0504 0.0558 0.1018 0.0824 0.0622 0.0429 0.0268 0.0192 0.0272 0.0389 0.0954 0.0762 0.0562 0.0364 0.0175 0.0 0.0165 0.0304 0.0916 0.0739 0.0557 0.0381 0.0229 0.0153 0.0203 0.0296 0.056
5.000 5.000 25 0.0839 0.2002 0.1996 0.198 0.2027 0.2105 0.1937 0.1497 0.1118 0.1848 0.1779 0.169 0.1644 0.1696 0.1627 0.1285 0.0952 0.1656 0.1532 0.1375 0.1259 0.1259 0.1237 0.1017 0.0768 0.1466 0.1295 0.1105 0.0952 0.0885 0.084 0.0712 0.0571 0.1307 0.1116 0.0916 0.0738 0.0607 0.0506 0.042 0.0378 0.1194 0.0999 0.0795 0.0599 0.0424 0.0271 0.018 0.0216 0.112 0.0928 0.0727 0.0528 0.034 0.0165 0.0 0.0135 0.1065 0.0885 0.0698 0.0515 0.0344 0.0204 0.0133 0.0168 0.0717
5.000 7.000 35 0.1009 0.2243 0.2241 0.2233 0.2217 0.2111 0.1674 0.1138 0.0829 0.2071 0.2012 0.1918 0.1853 0.1791 0.1482 0.1005 0.071 0.186 0.1736 0.1581 0.1461 0.1401 0.1197 0.0828 0.0575 0.1654 0.1482 0.1291 0.1137 0.1034 0.0876 0.0612 0.0425 0.148 0.1288 0.1086 0.0906 0.0759 0.0593 0.0394 0.0271 0.1355 0.1158 0.0954 0.0756 0.0576 0.0397 0.0219 0.0126 0.1267 0.1073 0.0872 0.0672 0.0483 0.0304 0.0135 0.0 0.1191 0.1008 0.0819 0.063 0.0452 0.0293 0.0166 0.0102 0.0882
7.000 -7.000 35 0.1083 0.1201 0.1405 0.1656 0.19 0.2103 0.2321 0.2474 0.25 0.1084 0.1263 0.1472 0.1657 0.1803 0.2011 0.2234 0.2293 0.0925 0.1061 0.1215 0.1353 0.1475 0.1679 0.1954 0.2069 0.0735 0.083 0.095 0.1077 0.1206 0.1393 0.1665 0.1816 0.0538 0.061 0.0724 0.0862 0.1011 0.118 0.1404 0.157 0.0346 0.0412 0.0541 0.0699 0.0863 0.1027 0.1205 0.1354 0.0165 0.0247 0.0405 0.058 0.0754 0.0916 0.1065 0.1191 0.0 0.0164 0.0339 0.0515 0.0684 0.084 0.0971 0.1079 0.0981
7.000 -5.000 35 0.0958 0.1341 0.152 0.1706 0.1872 0.2011 0.2195 0.2332 0.2324 0.12 0.1341 0.1481 0.1591 0.1684 0.1879 0.2087 0.2118 0.1019 0.1104 0.119 0.1265 0.1345 0.1538 0.1797 0.1884 0.0812 0.0846 0.0901 0.0974 0.107 0.1241 0.1496 0.1624 0.0604 0.0604 0.0652 0.0742 0.0861 0.1015 0.1225 0.1376 0.0411 0.0385 0.0439 0.0556 0.07 0.0853 0.1022 0.1164 0.0247 0.0182 0.0263 0.0416 0.0581 0.0739 0.0885 0.1008 0.0164 0.0 0.0173 0.0348 0.0516 0.067 0.08 0.0906 0.0848
7.000 -3.000 35 0.0851 0.1485 0.1613 0.1744 0.1826 0.1916 0.2092 0.2202 0.2159 0.1328 0.1414 0.1489 0.1524 0.1577 0.1766 0.1948 0.194 0.1134 0.116 0.1178 0.1189 0.1232 0.1412 0.1648 0.1686 0.092 0.0894 0.0879 0.0892 0.0949 0.1098 0.1329 0.1425 0.0716 0.065 0.0622 0.0648 0.0725 0.0858 0.1045 0.1175 0.0539 0.0438 0.0395 0.0438 0.0544 0.0678 0.0835 0.0966 0.0404 0.0263 0.0187 0.0262 0.0407 0.0557 0.0698 0.0819 0.0339 0.0173 0.0 0.0173 0.0341 0.0493 0.0622 0.0727 0.0735
7.000 -1.000 35 0.0782 0.1625 0.1705 0.1763 0.179 0.1857 0.2041 0.211 0.1984 0.1462 0.1497 0.1504 0.1477 0.1509 0.1704 0.1839 0.1751 0.1264 0.1239 0.1193 0.1141 0.1157 0.1332 0.1517 0.1494 0.1052 0.0974 0.0899 0.0849 0.0863 0.0991 0.1177 0.1227 0.0855 0.0744 0.065 0.0605 0.0625 0.072 0.0879 0.0977 0.0696 0.0556 0.0438 0.0386 0.042 0.0518 0.0655 0.0771 0.0579 0.0416 0.0262 0.0183 0.0252 0.0381 0.0515 0.063 0.0515 0.0348 0.0173 0.0 0.0166 0.0317 0.0445 0.0549 0.0663
7.000 1.000 35 0.0764 0.1753 0.1795 0.1795 0.178 0.1877 0.206 0.2023 0.1792 0.1592 0.1589 0.1538 0.1467 0.1505 0.1703 0.1738 0.1554 0.1397 0.1334 0.1235 0.1137 0.1134 0.1303 0.1403 0.1298 0.1193 0.108 0.0955 0.0854 0.0827 0.0929 0.1048 0.1034 0.101 0.0866 0.0727 0.0621 0.0578 0.0626 0.0732 0.0784 0.0862 0.0701 0.0544 0.042 0.0363 0.0397 0.0494 0.0587 0.0753 0.0582 0.0407 0.0252 0.0171 0.0229 0.0344 0.0452 0.0684 0.0516 0.0341 0.0166 0.0 0.0149 0.0276 0.038 0.0646
7.000 3.000 35 0.0801 0.1881 0.188 0.1858 0.1858 0.2006 0.213 0.1887 0.1531 0.1725 0.1682 0.1599 0.1522 0.1602 0.1756 0.1615 0.1316 0.153 0.1437 0.1302 0.1183 0.1196 0.1328 0.129 0.1083 0.1332 0.1194 0.1036 0.0903 0.0859 0.092 0.0941 0.0843 0.1159 0.0997 0.0829 0.0685 0.0597 0.059 0.0622 0.0615 0.102 0.0848 0.0671 0.051 0.039 0.0342 0.0374 0.0426 0.0915 0.0739 0.0556 0.038 0.0229 0.0153 0.0204 0.0293 0.084 0.067 0.0493 0.0317 0.0149 0.0 0.0127 0.023 0.0685
7.000 5.000 35 0.0896 0.2016 0.2015 0.1999 0.2057 0.2197 0.2094 0.1635 0.1213 0.1858 0.1807 0.1718 0.1676 0.1772 0.1767 0.142 0.1047 0.1668 0.1555 0.1409 0.13 0.1329 0.1363 0.1148 0.0863 0.1467 0.1315 0.1142 0.1002 0.0956 0.0957 0.084 0.0666 0.1297 0.1124 0.0943 0.0782 0.0676 0.0618 0.0548 0.0471 0.1162 0.0982 0.0796 0.0621 0.0475 0.037 0.031 0.0298 0.1055 0.0876 0.069 0.0507 0.034 0.0203 0.0133 0.0166 0.0971 0.08 0.0622 0.0445 0.0276 0.0127 0.0 0.0103 0.0774
7.000 7.000 35 0.1016 0.2194 0.2194 0.221 0.2257 0.2254 0.187 0.1292 0.0939 0.2011 0.1963 0.1892 0.186 0.1883 0.1649 0.1154 0.0817 0.1809 0.1696 0.1551 0.1454 0.1454 0.133 0.0967 0.0681 0.1599 0.1441 0.1266 0.1128 0.1071 0.0976 0.0738 0.053 0.1424 0.1246 0.106 0.0897 0.0777 0.0665 0.0504 0.0374 0.1286 0.1103 0.0913 0.0733 0.0576 0.0438 0.0308 0.0228 0.1173 0.0993 0.0804 0.0619 0.0447 0.0296 0.0168 0.0102 0.1079 0.0906 0.0727 0.0549 0.038 0.023 0.0103 0.0 0.0888
0.500 0.000 0 0.0122 0.1238 0.1205 0.1157 0.1141 0.1213 0.1379 0.1494 0.1492 0.1135 0.1043 0.0922 0.0835 0.0867 0.1066 0.1277 0.134 0.1017 0.0846 0.0652 0.0505 0.0514 0.0734 0.1028 0.1196 0.0902 0.0685 0.0437 0.0227 0.0228 0.0477 0.0828 0.1056 0.0838 0.0612 0.0365 0.013 0.013 0.0384 0.071 0.0958 0.084 0.0638 0.044 0.0296 0.0293 0.0443 0.0687 0.0906 0.0895 0.073 0.0581 0.0485 0.0476 0.056 0.0717 0.0882 0.0981 0.0848 0.0735 0.0663 0.0646 0.0685 0.0774 0.0888 0.0