n 66
m 4
tmax 5.0
Vcpm 1.4
R 1
dmax 6.0
-0.500 0.000 0 0.0 0.1138 0.1006 0.0886 0.0805 0.0775 0.0786 0.0814 0.085 0.1059 0.0889 0.0726 0.0617 0.06 0.0664 0.0751 0.083 0.0997 0.0783 0.0559 0.0388 0.0382 0.053 0.0696 0.0829 0.098 0.0736 0.0459 0.0171 0.017 0.0446 0.0683 0.0859 0.1033 0.079 0.0524 0.0286 0.0286 0.0517 0.0752 0.0936 0.1156 0.094 0.073 0.0585 0.0584 0.0718 0.0894 0.105 0.1323 0.1143 0.0978 0.0878 0.0871 0.0946 0.1064 0.1172 0.15 0.1347 0.1207 0.1122 0.1102 0.1136 0.1208 0.1279 0.0158
-7.000 -7.000 35 0.1138 0.0 0.0154 0.0328 0.0508 0.0678 0.0819 0.0918 0.0982 0.0156 0.0245 0.0414 0.0605 0.0792 0.0952 0.1066 0.1136 0.034 0.0425 0.0578 0.0766 0.0961 0.1137 0.1264 0.1338 0.0544 0.0644 0.0794 0.0978 0.1179 0.1366 0.1506 0.1585 0.0764 0.0886 0.1042 0.1228 0.1431 0.1625 0.1773 0.1855 0.1002 0.1145 0.1309 0.1495 0.1694 0.1886 0.2041 0.2125 0.1251 0.141 0.1576 0.1751 0.1931 0.2114 0.2257 0.2343 0.1494 0.1661 0.1818 0.1968 0.2116 0.2273 0.2403 0.25 0.1262
-7.000 -5.000 35 0.1006 0.0154 0.0 0.0172 0.0349 0.0516 0.0655 0.0752 0.0814 0.0244 0.0187 0.0275 0.0442 0.0618 0.0771 0.088 0.0947 0.0422 0.0411 0.0481 0.0621 0.079 0.0948 0.1063 0.113 0.0637 0.0661 0.0734 0.0862 0.1022 0.1182 0.13 0.1363 0.0875 0.0931 0.1017 0.1143 0.13 0.1456 0.1572 0.163 0.1133 0.1217 0.1314 0.1441 0.1593 0.1741 0.1851 0.1907 0.1402 0.1506 0.1607 0.1725 0.1862 0.1993 0.21 0.2145 0.1665 0.178 0.1871 0.1967 0.2076 0.2182 0.2278 0.2322 0.1147
-7.000 -3.000 35 0.0886 0.0328 0.0172 0.0 0.0175 0.034 0.0475 0.057 0.063 0.0412 0.0275 0.0199 0.0281 0.0433 0.0575 0.0678 0.0742 0.0571 0.0478 0.044 0.0495 0.0616 0.0747 0.0847 0.0905 0.0778 0.0728 0.0717 0.0766 0.0869 0.0985 0.1076 0.1122 0.1017 0.1005 0.1018 0.1073 0.117 0.1276 0.1352 0.1381 0.1282 0.13 0.1334 0.1394 0.1486 0.1583 0.1644 0.1656 0.156 0.1599 0.1643 0.1697 0.1778 0.1861 0.1907 0.1913 0.1831 0.188 0.192 0.1955 0.2013 0.2077 0.2111 0.2113 0.1039
-7.000 -1.000 35 0.0805 0.0508 0.0349 0.0175 0.0 0.0162 0.0295 0.0387 0.0447 0.0601 0.044 0.0281 0.0195 0.0263 0.0382 0.0476 0.0537 0.0752 0.0616 0.0493 0.0437 0.0472 0.0556 0.0631 0.0679 0.0948 0.0847 0.0759 0.0723 0.0745 0.0802 0.0851 0.0878 0.1184 0.1116 0.1059 0.1042 0.1062 0.1101 0.1128 0.1126 0.1446 0.1408 0.1377 0.1375 0.1394 0.1421 0.1426 0.1396 0.1724 0.1706 0.1687 0.169 0.17 0.1715 0.1704 0.1651 0.1994 0.1985 0.1962 0.1955 0.1947 0.1948 0.1927 0.1864 0.0966
-7.000 1.000 35 0.0775 0.0678 0.0516 0.034 0.0162 0.0 0.013 0.0222 0.0282 0.0785 0.0615 0.0432 0.0263 0.0172 0.0217 0.0294 0.0352 0.0938 0.0779 0.0611 0.047 0.0396 0.0399 0.0438 0.0473 0.1132 0.0993 0.0854 0.0739 0.0671 0.0648 0.0648 0.0651 0.1357 0.1251 0.1139 0.1048 0.0989 0.0948 0.0915 0.0881 0.1612 0.1534 0.1447 0.1374 0.1323 0.1267 0.1207 0.1138 0.1883 0.1823 0.1748 0.1682 0.1632 0.1563 0.1483 0.1386 0.2144 0.209 0.2012 0.1937 0.188 0.18 0.1709 0.1598 0.0934
-7.000 3.000 35 0.0786 0.0819 0.0655 0.0475 0.0295 0.013 0.0 0.0092 0.0154 0.0944 0.0768 0.0574 0.0382 0.0217 0.0132 0.0156 0.0206 0.1104 0.093 0.0739 0.0554 0.04 0.0312 0.0294 0.031 0.1297 0.1139 0.096 0.0793 0.0648 0.0546 0.0491 0.0469 0.1516 0.1381 0.123 0.1079 0.0943 0.0828 0.0738 0.0675 0.1764 0.165 0.1521 0.1386 0.1256 0.1133 0.101 0.0908 0.2032 0.1923 0.1803 0.1675 0.1545 0.1416 0.1269 0.1136 0.2278 0.217 0.2046 0.1909 0.1774 0.1642 0.1482 0.1331 0.0932
-7.000 5.000 35 0.0814 0.0918 0.0752 0.057 0.0387 0.0222 0.0092 0.0 0.0064 0.1061 0.0881 0.0682 0.0481 0.0297 0.0157 0.0091 0.0109 0.1232 0.1049 0.0844 0.0637 0.0444 0.0298 0.022 0.0206 0.1427 0.1254 0.1057 0.0851 0.0658 0.0499 0.0395 0.0347 0.1644 0.1487 0.1306 0.1115 0.0923 0.075 0.0616 0.053 0.1893 0.1742 0.1575 0.1396 0.1207 0.1022 0.0862 0.0736 0.2141 0.2003 0.1832 0.1657 0.1467 0.1274 0.1096 0.0937 0.2367 0.2224 0.2043 0.186 0.1667 0.1471 0.1287 0.1109 0.0947
-7.000 7.000 35 0.085 0.0982 0.0814 0.063 0.0447 0.0282 0.0154 0.0064 0.0 0.1143 0.096 0.0757 0.0552 0.0362 0.021 0.011 0.0066 0.1325 0.1136 0.0923 0.0703 0.0494 0.0322 0.021 0.0158 0.1525 0.1341 0.1129 0.0905 0.0685 0.0493 0.0359 0.0284 0.1743 0.1569 0.1367 0.1147 0.0921 0.0713 0.055 0.0445 0.1986 0.1819 0.1617 0.1403 0.1176 0.0954 0.0764 0.0628 0.2221 0.2053 0.1853 0.1631 0.1404 0.1174 0.0966 0.0806 0.2433 0.2244 0.2031 0.1798 0.1571 0.134 0.1128 0.0956 0.0971
-5.000 -7.000 35 0.1059 0.0156 0.0244 0.0412 0.0601 0.0785 0.0944 0.1061 0.1143 0.0 0.0191 0.0409 0.0636 0.0856 0.1047 0.1191 0.1286 0.0183 0.029 0.0494 0.0729 0.0967 0.1182 0.1348 0.1457 0.0386 0.0485 0.0664 0.089 0.1134 0.1365 0.155 0.1672 0.0605 0.0717 0.0887 0.1102 0.1344 0.1582 0.1778 0.1908 0.0842 0.097 0.1139 0.1344 0.1571 0.18 0.1993 0.2124 0.109 0.1232 0.1395 0.1581 0.1781 0.1984 0.217 0.2299 0.1333 0.148 0.1631 0.1787 0.1946 0.2121 0.2277 0.24 0.1165
-5.000 -5.000 25 0.0889 0.0245 0.0187 0.0275 0.044 0.0615 0.0768 0.0881 0.096 0.0191 0.0 0.0216 0.044 0.0656 0.0845 0.0985 0.1078 0.029 0.0222 0.0331 0.0536 0.0761 0.0968 0.1127 0.1231 0.0482 0.0471 0.0557 0.0728 0.0941 0.1153 0.1323 0.1433 0.0713 0.074 0.0828 0.0981 0.1179 0.1386 0.1557 0.1668 0.0967 0.1024 0.1118 0.1261 0.1443 0.1633 0.1793 0.1896 0.1233 0.1312 0.1406 0.1533 0.169 0.1852 0.1994 0.2096 0.1493 0.1584 0.1667 0.1767 0.1888 0.2016 0.2144 0.223 0.1012
-5.000 -3.000 25 0.0726 0.0414 0.0275 0.0199 0.0281 0.0432 0.0574 0.0682 0.0757 0.0409 0.0216 0.0 0.0222 0.0436 0.0621 0.0758 0.0849 0.0491 0.033 0.0241 0.0344 0.0539 0.0732 0.0883 0.0983 0.0658 0.0554 0.0515 0.0587 0.0744 0.0923 0.1072 0.117 0.0876 0.0822 0.0816 0.0882 0.1016 0.1174 0.1313 0.14 0.1129 0.1112 0.1129 0.1195 0.1313 0.1452 0.1568 0.1638 0.1399 0.1408 0.1436 0.1493 0.159 0.1706 0.1798 0.1851 0.1663 0.1685 0.1711 0.1745 0.1814 0.1902 0.1973 0.2022 0.0868
-5.000 -1.000 25 0.0617 0.0605 0.0442 0.0281 0.0195 0.0263 0.0382 0.0481 0.0552 0.0636 0.044 0.0222 0.0 0.0211 0.0393 0.0528 0.0616 0.0722 0.0533 0.0343 0.0242 0.0334 0.0497 0.0635 0.0729 0.0873 0.0721 0.0584 0.0527 0.0581 0.0701 0.0818 0.09 0.1076 0.0966 0.0875 0.0845 0.0886 0.0975 0.1062 0.1123 0.1322 0.1245 0.1186 0.1175 0.1209 0.1275 0.1337 0.1365 0.1585 0.1534 0.1492 0.1487 0.1508 0.1554 0.159 0.1593 0.1843 0.1804 0.1762 0.1749 0.1749 0.1774 0.1792 0.1779 0.0775
-5.000 1.000 25 0.06 0.0792 0.0618 0.0433 0.0263 0.0172 0.0217 0.0297 0.0362 0.0856 0.0656 0.0436 0.0211 0.0 0.0179 0.0311 0.0399 0.0953 0.0754 0.0536 0.0333 0.0224 0.029 0.0403 0.049 0.1102 0.0923 0.0736 0.0577 0.0499 0.0517 0.0583 0.0644 0.1299 0.1147 0.0998 0.0878 0.0815 0.0807 0.0831 0.0853 0.153 0.1412 0.1291 0.1198 0.1147 0.1119 0.1108 0.1095 0.178 0.1684 0.1582 0.15 0.1452 0.1408 0.1371 0.1326 0.2022 0.1937 0.1836 0.175 0.1696 0.1638 0.1586 0.1522 0.0758
-5.000 3.000 25 0.0664 0.0952 0.0771 0.0575 0.0382 0.0217 0.0132 0.0157 0.021 0.1047 0.0845 0.0621 0.0393 0.0179 0.0 0.0131 0.0221 0.1161 0.0955 0.0726 0.0495 0.029 0.0181 0.0219 0.0292 0.1314 0.112 0.0906 0.0695 0.0516 0.0416 0.0402 0.0432 0.1508 0.1335 0.1141 0.0959 0.0803 0.0697 0.0644 0.0627 0.1729 0.1578 0.1414 0.1252 0.111 0.1 0.0912 0.0853 0.1964 0.1827 0.1678 0.1528 0.1394 0.128 0.1166 0.1073 0.2193 0.2052 0.1903 0.1753 0.1617 0.1502 0.1373 0.1261 0.0802
-5.000 5.000 25 0.0751 0.1066 0.088 0.0678 0.0476 0.0294 0.0156 0.0091 0.011 0.1191 0.0985 0.0758 0.0528 0.0311 0.0131 0.0 0.0092 0.1322 0.1112 0.0877 0.0635 0.0404 0.022 0.013 0.0154 0.1485 0.1281 0.1051 0.0813 0.0585 0.0405 0.0306 0.0288 0.168 0.1489 0.1274 0.1045 0.083 0.0648 0.0527 0.0468 0.1893 0.1715 0.1515 0.1308 0.11 0.0914 0.0772 0.0673 0.212 0.194 0.1746 0.1549 0.1348 0.1161 0.1004 0.0872 0.2315 0.214 0.1933 0.1736 0.1538 0.1353 0.1192 0.1041 0.0872
-5.000 7.000 35 0.083 0.1136 0.0947 0.0742 0.0537 0.0352 0.0206 0.0109 0.0066 0.1286 0.1078 0.0849 0.0616 0.0399 0.0221 0.0092 0.0 0.1437 0.1223 0.0984 0.0736 0.0498 0.0296 0.0155 0.0093 0.1611 0.14 0.1161 0.0908 0.0657 0.0441 0.0292 0.022 0.1809 0.1606 0.1373 0.1123 0.087 0.0645 0.0478 0.0382 0.2017 0.1819 0.1593 0.1351 0.1105 0.0873 0.0687 0.0565 0.2227 0.2027 0.1791 0.1553 0.1314 0.1082 0.0884 0.0741 0.2394 0.2183 0.1945 0.1697 0.1465 0.124 0.1042 0.0888 0.0938
-3.000 -7.000 35 0.0997 0.034 0.0422 0.0571 0.0752 0.0938 0.1104 0.1232 0.1325 0.0183 0.029 0.0491 0.0722 0.0953 0.1161 0.1322 0.1437 0.0 0.0217 0.047 0.0738 0.1006 0.1253 0.145 0.1588 0.0202 0.0321 0.0551 0.0821 0.1104 0.1374 0.1597 0.1755 0.0421 0.0528 0.0725 0.0978 0.1257 0.1533 0.177 0.194 0.0658 0.0772 0.0952 0.1179 0.1439 0.1702 0.1933 0.2106 0.0905 0.1029 0.1194 0.1394 0.1614 0.1841 0.205 0.2213 0.1147 0.1275 0.1421 0.1583 0.1754 0.1936 0.2121 0.2271 0.1073
-3.000 -5.000 25 0.0783 0.0425 0.0411 0.0478 0.0616 0.0779 0.093 0.1049 0.1136 0.029 0.0222 0.033 0.0533 0.0754 0.0955 0.1112 0.1223 0.0217 0.0 0.025 0.0515 0.078 0.1023 0.1217 0.1352 0.0321 0.0248 0.0372 0.061 0.0879 0.114 0.1354 0.1506 0.0527 0.0516 0.0612 0.0808 0.1055 0.1311 0.1531 0.169 0.0773 0.0799 0.0891 0.1057 0.1272 0.1507 0.1715 0.1867 0.1035 0.1085 0.1173 0.1311 0.149 0.1684 0.1864 0.2002 0.1291 0.1355 0.1429 0.1533 0.1668 0.1816 0.1964 0.2094 0.0875
-3.000 -3.000 15 0.0559 0.0578 0.0481 0.044 0.0493 0.0611 0.0739 0.0844 0.0923 0.0494 0.0331 0.0241 0.0343 0.0536 0.0726 0.0877 0.0984 0.047 0.025 0.0 0.0263 0.0526 0.0766 0.0956 0.1087 0.0549 0.0371 0.0274 0.0396 0.0632 0.0877 0.1082 0.1227 0.0723 0.0611 0.0572 0.0659 0.0846 0.1066 0.1264 0.1406 0.0952 0.0891 0.0884 0.0957 0.1108 0.1292 0.1469 0.1596 0.1208 0.118 0.1189 0.1247 0.1364 0.1514 0.1653 0.1758 0.1461 0.1451 0.146 0.1494 0.1574 0.1684 0.1791 0.1876 0.0678
-3.000 -1.000 15 0.0388 0.0766 0.0621 0.0495 0.0437 0.047 0.0554 0.0637 0.0703 0.0729 0.0536 0.0344 0.0242 0.0333 0.0495 0.0635 0.0736 0.0738 0.0515 0.0263 0.0 0.026 0.0496 0.0682 0.0811 0.0815 0.0607 0.0396 0.0284 0.0399 0.0608 0.0797 0.0934 0.0969 0.0803 0.0656 0.06 0.0671 0.0826 0.0986 0.1108 0.1177 0.1055 0.0956 0.0927 0.0978 0.1092 0.1211 0.1308 0.1419 0.1326 0.1254 0.1236 0.1267 0.1346 0.1433 0.1493 0.1657 0.1582 0.1517 0.1493 0.15 0.1549 0.1607 0.1643 0.0541
-3.000 1.000 15 0.0382 0.0961 0.079 0.0616 0.0472 0.0396 0.04 0.0444 0.0494 0.0967 0.0761 0.0539 0.0334 0.0224 0.029 0.0404 0.0498 0.1006 0.078 0.0526 0.026 0.0 0.0232 0.0414 0.0541 0.109 0.0871 0.0629 0.0398 0.0274 0.0364 0.052 0.0646 0.1237 0.1042 0.0839 0.0668 0.0588 0.0624 0.0722 0.0814 0.1433 0.1265 0.1103 0.0975 0.0917 0.0921 0.0969 0.1017 0.1651 0.1512 0.1373 0.1268 0.1217 0.1199 0.121 0.1222 0.1865 0.1741 0.1612 0.151 0.1456 0.142 0.1407 0.1393 0.0534
-3.000 3.000 15 0.053 0.1137 0.0948 0.0747 0.0556 0.0399 0.0312 0.0298 0.0322 0.1182 0.0968 0.0732 0.0497 0.029 0.0181 0.022 0.0296 0.1253 0.1023 0.0766 0.0496 0.0232 0.0 0.018 0.0307 0.135 0.1124 0.0869 0.0605 0.0364 0.0234 0.0291 0.0395 0.1497 0.1285 0.1051 0.0819 0.0622 0.0515 0.051 0.0559 0.1683 0.1489 0.1277 0.1081 0.0916 0.0814 0.0767 0.0763 0.1879 0.1701 0.1515 0.1337 0.119 0.1089 0.1012 0.0968 0.2063 0.1893 0.1714 0.1545 0.1407 0.1306 0.1212 0.1143 0.0647
-3.000 5.000 25 0.0696 0.1264 0.1063 0.0847 0.0631 0.0438 0.0294 0.022 0.021 0.1348 0.1127 0.0883 0.0635 0.0403 0.0219 0.013 0.0155 0.145 0.1217 0.0956 0.0682 0.0414 0.018 0.0 0.0129 0.1563 0.1332 0.107 0.0793 0.052 0.0291 0.0177 0.0212 0.1715 0.1492 0.1239 0.0975 0.0719 0.0511 0.0397 0.0377 0.1894 0.168 0.1441 0.1191 0.0961 0.0765 0.0639 0.0575 0.2069 0.186 0.1632 0.1406 0.1189 0.1003 0.0867 0.0769 0.2228 0.201 0.1784 0.1568 0.1365 0.1189 0.1051 0.0933 0.0789
-3.000 7.000 35 0.0829 0.1338 0.113 0.0905 0.0679 0.0473 0.031 0.0206 0.0158 0.1457 0.1231 0.0983 0.0729 0.049 0.0292 0.0154 0.0093 0.1588 0.1352 0.1087 0.0811 0.0541 0.0307 0.0129 0.0 0.1719 0.1485 0.1218 0.0933 0.065 0.0398 0.0213 0.0128 0.188 0.1648 0.1384 0.1101 0.0817 0.0564 0.0381 0.0289 0.2053 0.1822 0.1562 0.1289 0.1012 0.0768 0.058 0.047 0.2208 0.1974 0.1715 0.1452 0.1197 0.096 0.077 0.0644 0.2332 0.2089 0.182 0.1564 0.1327 0.1106 0.0922 0.0788 0.0913
-1.000 -7.000 35 0.098 0.0544 0.0637 0.0778 0.0948 0.1132 0.1297 0.1427 0.1525 0.0386 0.0482 0.0658 0.0873 0.1102 0.1314 0.1485 0.1611 0.0202 0.0321 0.0549 0.0815 0.109 0.135 0.1563 0.1719 0.0 0.0236 0.0514 0.0814 0.1123 0.1419 0.167 0.1854 0.0219 0.0347 0.0594 0.0887 0.1199 0.1506 0.1771 0.1972 0.0456 0.0565 0.077 0.103 0.1318 0.1607 0.1867 0.2068 0.0703 0.0812 0.0986 0.1202 0.1448 0.1697 0.1928 0.2118 0.0943 0.1053 0.1199 0.1372 0.1556 0.1751 0.1942 0.211 0.1018
-1.000 -5.000 25 0.0736 0.0644 0.0661 0.0728 0.0847 0.0993 0.1139 0.1254 0.1341 0.0485 0.0471 0.0554 0.0721 0.0923 0.112 0.1281 0.14 0.0321 0.0248 0.0371 0.0607 0.0871 0.1124 0.1332 0.1485 0.0236 0.0 0.0274 0.0572 0.0878 0.1171 0.1418 0.16 0.0347 0.0267 0.0402 0.0662 0.0961 0.1259 0.1517 0.1712 0.0566 0.0549 0.0649 0.0852 0.111 0.1381 0.1627 0.1818 0.0817 0.0834 0.0918 0.1075 0.1277 0.1506 0.1718 0.1891 0.1066 0.1102 0.1168 0.128 0.1431 0.1598 0.1768 0.1918 0.0779
-1.000 -3.000 15 0.0459 0.0794 0.0734 0.0717 0.0759 0.0854 0.096 0.1057 0.1129 0.0664 0.0557 0.0515 0.0584 0.0736 0.0906 0.1051 0.1161 0.0551 0.0372 0.0274 0.0396 0.0629 0.0869 0.107 0.1218 0.0514 0.0274 0.0 0.0295 0.0599 0.0889 0.1132 0.131 0.0594 0.0401 0.0297 0.0434 0.0697 0.098 0.1228 0.1416 0.0773 0.065 0.0607 0.0696 0.0895 0.1133 0.1357 0.1533 0.1001 0.0926 0.0909 0.0971 0.1114 0.1295 0.1484 0.1634 0.1236 0.1188 0.1177 0.121 0.1304 0.1437 0.1575 0.1698 0.0516
-1.000 -1.000 5 0.0171 0.0978 0.0862 0.0766 0.0723 0.0739 0.0793 0.0851 0.0905 0.089 0.0728 0.0587 0.0527 0.0577 0.0695 0.0813 0.0908 0.0821 0.061 0.0396 0.0284 0.0398 0.0605 0.0793 0.0933 0.0814 0.0572 0.0295 0.0 0.0301 0.0587 0.0825 0.0999 0.0886 0.0661 0.0433 0.0314 0.0446 0.069 0.0921 0.1098 0.1038 0.0856 0.0698 0.0638 0.0715 0.0888 0.1075 0.1227 0.1235 0.1093 0.098 0.0941 0.0986 0.1102 0.1236 0.1357 0.1444 0.1327 0.1232 0.1194 0.1209 0.1281 0.1376 0.1459 0.0282
-1.000 1.000 5 0.017 0.1179 0.1022 0.0869 0.0745 0.0671 0.0648 0.0658 0.0685 0.1134 0.0941 0.0744 0.0581 0.0499 0.0516 0.0585 0.0657 0.1104 0.0879 0.0632 0.0399 0.0274 0.0364 0.052 0.065 0.1123 0.0878 0.0599 0.0301 0.0 0.0281 0.0514 0.0685 0.1197 0.0959 0.0696 0.0445 0.0311 0.0421 0.0614 0.0777 0.1331 0.1117 0.0897 0.0715 0.0634 0.068 0.0801 0.0919 0.1502 0.1311 0.113 0.099 0.0929 0.0939 0.1003 0.1072 0.1673 0.1506 0.1343 0.1221 0.1163 0.1148 0.1175 0.1211 0.0281
-1.000 3.000 15 0.0446 0.1366 0.1182 0.0985 0.0802 0.0648 0.0546 0.0499 0.0493 0.1365 0.1153 0.0923 0.0701 0.0517 0.0416 0.0405 0.0441 0.1374 0.114 0.0877 0.0608 0.0364 0.0234 0.0291 0.0398 0.1419 0.1171 0.0889 0.0587 0.0281 0.0 0.023 0.0399 0.1498 0.1253 0.0976 0.0688 0.0421 0.0277 0.0352 0.0486 0.1623 0.1388 0.1133 0.0886 0.0678 0.0571 0.0576 0.0643 0.1767 0.1546 0.1312 0.1103 0.0936 0.0841 0.0805 0.0817 0.1899 0.1689 0.1477 0.1287 0.1141 0.1051 0.0994 0.0971 0.0505
-1.000 5.000 25 0.0683 0.1506 0.13 0.1076 0.0851 0.0648 0.0491 0.0395 0.0359 0.155 0.1323 0.1072 0.0818 0.0583 0.0402 0.0306 0.0292 0.1597 0.1354 0.1082 0.0797 0.052 0.0291 0.0177 0.0213 0.167 0.1418 0.1132 0.0825 0.0514 0.023 0.0 0.017 0.1757 0.1505 0.122 0.0916 0.0613 0.0352 0.0218 0.0265 0.1874 0.1625 0.1349 0.1066 0.0796 0.0575 0.0456 0.0439 0.1994 0.1748 0.1485 0.1221 0.0989 0.0798 0.0679 0.0621 0.2085 0.1842 0.1589 0.1354 0.1144 0.0975 0.0858 0.0777 0.0732
-1.000 7.000 35 0.0859 0.1585 0.1363 0.1122 0.0878 0.0651 0.0469 0.0347 0.0284 0.1672 0.1433 0.117 0.09 0.0644 0.0432 0.0288 0.022 0.1755 0.1506 0.1227 0.0934 0.0646 0.0395 0.0212 0.0128 0.1854 0.16 0.131 0.0999 0.0685 0.0399 0.017 0.0 0.1953 0.1696 0.1405 0.1093 0.0777 0.0487 0.0265 0.016 0.2065 0.1805 0.1515 0.1212 0.0911 0.0641 0.044 0.0338 0.2162 0.1897 0.161 0.1323 0.1044 0.0804 0.0617 0.0508 0.2212 0.1943 0.1662 0.1393 0.115 0.0933 0.0762 0.0649 0.0907
1.000 -7.000 35 0.1033 0.0764 0.0875 0.1017 0.1184 0.1357 0.1516 0.1644 0.1743 0.0605 0.0713 0.0876 0.1076 0.1299 0.1508 0.168 0.1809 0.0421 0.0527 0.0723 0.0969 0.1237 0.1497 0.1715 0.188 0.0219 0.0347 0.0594 0.0886 0.1197 0.1498 0.1757 0.1953 0.0 0.0254 0.0548 0.0867 0.1196 0.1518 0.18 0.2017 0.0236 0.0368 0.0622 0.0919 0.1231 0.1537 0.181 0.2027 0.0481 0.0586 0.0786 0.1031 0.1294 0.1557 0.18 0.2002 0.0719 0.0816 0.0971 0.1155 0.1362 0.1567 0.1766 0.1943 0.1027
1.000 -5.000 25 0.079 0.0886 0.0931 0.1005 0.1116 0.1251 0.1381 0.1487 0.1569 0.0717 0.074 0.0822 0.0966 0.1147 0.1335 0.1489 0.1606 0.0528 0.0516 0.0611 0.0803 0.1042 0.1285 0.1492 0.1648 0.0347 0.0267 0.0401 0.0661 0.0959 0.1253 0.1505 0.1696 0.0254 0.0 0.0292 0.0608 0.0935 0.1254 0.1533 0.1746 0.0368 0.0281 0.0418 0.0682 0.0981 0.1281 0.1549 0.1761 0.0589 0.0564 0.0654 0.0844 0.108 0.1329 0.1562 0.1756 0.0825 0.0828 0.0892 0.102 0.1184 0.1376 0.1562 0.1727 0.0771
1.000 -3.000 15 0.0524 0.1042 0.1017 0.1018 0.1059 0.1139 0.123 0.1306 0.1367 0.0887 0.0828 0.0816 0.0875 0.0998 0.1141 0.1274 0.1373 0.0725 0.0612 0.0572 0.0656 0.0839 0.1051 0.1239 0.1384 0.0594 0.0402 0.0297 0.0433 0.0696 0.0976 0.122 0.1405 0.0548 0.0292 0.0 0.0314 0.0639 0.0956 0.123 0.1439 0.0625 0.0418 0.0307 0.0444 0.071 0.0996 0.1256 0.1462 0.0795 0.0659 0.0605 0.0682 0.0863 0.1084 0.1301 0.1482 0.0997 0.0905 0.0869 0.0907 0.102 0.1172 0.134 0.1489 0.0481
1.000 -1.000 5 0.0286 0.1228 0.1143 0.1073 0.1042 0.1048 0.1079 0.1115 0.1147 0.1102 0.0981 0.0882 0.0845 0.0878 0.0959 0.1045 0.1123 0.0978 0.0808 0.0659 0.06 0.0668 0.0819 0.0975 0.1101 0.0887 0.0662 0.0434 0.0314 0.0445 0.0688 0.0916 0.1093 0.0867 0.0608 0.0314 0.0 0.0323 0.0635 0.0905 0.111 0.0927 0.0685 0.0445 0.032 0.0453 0.0703 0.0947 0.1143 0.1056 0.0857 0.0687 0.0618 0.0684 0.0848 0.1032 0.1193 0.1213 0.1053 0.0922 0.0866 0.0892 0.099 0.1115 0.124 0.018
1.000 1.000 5 0.0286 0.1431 0.13 0.117 0.1062 0.0989 0.0943 0.0923 0.0921 0.1344 0.1179 0.1016 0.0886 0.0815 0.0803 0.083 0.087 0.1257 0.1055 0.0846 0.0671 0.0588 0.0622 0.0719 0.0817 0.1199 0.0961 0.0697 0.0446 0.0311 0.0421 0.0613 0.0777 0.1196 0.0935 0.0639 0.0323 0.0 0.0308 0.0573 0.0774 0.1246 0.0989 0.0713 0.0454 0.0318 0.0433 0.0639 0.082 0.1342 0.1108 0.0875 0.0688 0.0606 0.0651 0.0774 0.0902 0.1455 0.1245 0.1048 0.09 0.0834 0.0842 0.0908 0.0988 0.0179
1.000 3.000 15 0.0517 0.1625 0.1456 0.1276 0.1101 0.0948 0.0828 0.075 0.0713 0.1582 0.1386 0.1174 0.0975 0.0807 0.0697 0.0648 0.0645 0.1533 0.1311 0.1066 0.0826 0.0624 0.0515 0.0511 0.0564 0.1506 0.1259 0.098 0.069 0.0421 0.0277 0.0352 0.0487 0.1518 0.1254 0.0956 0.0635 0.0308 0.0 0.0261 0.046 0.1559 0.1293 0.1001 0.0703 0.0432 0.0288 0.0371 0.052 0.1626 0.1369 0.11 0.085 0.065 0.0551 0.0563 0.0638 0.1694 0.1451 0.1206 0.0996 0.0839 0.0756 0.0735 0.076 0.0475
1.000 5.000 25 0.0752 0.1773 0.1572 0.1352 0.1128 0.0915 0.0738 0.0616 0.055 0.1778 0.1557 0.1313 0.1062 0.0831 0.0644 0.0527 0.0478 0.177 0.1531 0.1264 0.0986 0.0722 0.051 0.0397 0.0381 0.1771 0.1517 0.1228 0.0921 0.0614 0.0352 0.0218 0.0265 0.18 0.1533 0.123 0.0905 0.0573 0.0261 0.0 0.0199 0.1832 0.1559 0.1257 0.0944 0.0636 0.037 0.0233 0.0286 0.1873 0.16 0.1309 0.1025 0.0766 0.0559 0.045 0.044 0.1897 0.1629 0.1357 0.1101 0.0889 0.0723 0.0625 0.0583 0.0737
1.000 7.000 35 0.0936 0.1855 0.163 0.1381 0.1126 0.0881 0.0675 0.053 0.0445 0.1908 0.1668 0.14 0.1123 0.0853 0.0627 0.0468 0.0382 0.194 0.169 0.1406 0.1108 0.0814 0.0559 0.0377 0.0289 0.1972 0.1712 0.1416 0.1098 0.0777 0.0486 0.0265 0.016 0.2017 0.1746 0.1439 0.111 0.0774 0.046 0.0199 0.0 0.2043 0.1764 0.1456 0.1134 0.0813 0.0518 0.0286 0.0174 0.2059 0.1774 0.147 0.1168 0.0881 0.0628 0.0437 0.034 0.2042 0.1757 0.1465 0.119 0.0939 0.0731 0.0571 0.0477 0.0937
3.000 -7.000 35 0.1156 0.1002 0.1133 0.1282 0.1446 0.1612 0.1764 0.1893 0.1986 0.0842 0.0967 0.1129 0.1322 0.153 0.1729 0.1893 0.2017 0.0658 0.0773 0.0952 0.1177 0.1433 0.1683 0.1894 0.2053 0.0456 0.0566 0.0773 0.1038 0.1331 0.1623 0.1874 0.2065 0.0236 0.0368 0.0625 0.0927 0.1246 0.1559 0.1832 0.2043 0.0 0.0265 0.0563 0.0877 0.1193 0.1498 0.1769 0.1983 0.0243 0.0373 0.0619 0.0894 0.117 0.1435 0.1676 0.1874 0.0478 0.0573 0.0751 0.0961 0.1175 0.1385 0.1582 0.1756 0.1107
3.000 -5.000 25 0.094 0.1145 0.1217 0.13 0.1408 0.1534 0.165 0.1742 0.1819 0.097 0.1024 0.1112 0.1245 0.1412 0.1578 0.1715 0.1819 0.0772 0.0799 0.0891 0.1055 0.1265 0.1489 0.168 0.1822 0.0565 0.0549 0.065 0.0856 0.1117 0.1388 0.1625 0.1805 0.0368 0.0281 0.0418 0.0685 0.0989 0.1293 0.1559 0.1764 0.0265 0.0 0.0296 0.0607 0.092 0.1223 0.1491 0.1702 0.0374 0.028 0.0408 0.0651 0.0917 0.1178 0.1415 0.1611 0.0577 0.0541 0.0613 0.0771 0.0961 0.1159 0.135 0.1519 0.0867
3.000 -3.000 15 0.073 0.1309 0.1314 0.1334 0.1377 0.1447 0.1521 0.1575 0.1617 0.1139 0.1118 0.1129 0.1186 0.1291 0.1414 0.1515 0.1593 0.0952 0.0891 0.0884 0.0956 0.1103 0.1277 0.1441 0.1562 0.077 0.0649 0.0607 0.0698 0.0897 0.1133 0.1349 0.1515 0.0622 0.0418 0.0307 0.0445 0.0713 0.1001 0.1257 0.1456 0.0563 0.0296 0.0 0.0309 0.0621 0.0921 0.1186 0.1394 0.0623 0.041 0.0294 0.0416 0.0651 0.0902 0.1133 0.1325 0.0764 0.0619 0.0555 0.0608 0.075 0.0926 0.1106 0.1266 0.0621
3.000 -1.000 15 0.0585 0.1495 0.1441 0.1394 0.1375 0.1374 0.1386 0.1396 0.1403 0.1344 0.1261 0.1195 0.1175 0.1198 0.1252 0.1308 0.1351 0.1179 0.1057 0.0957 0.0927 0.0975 0.1081 0.1191 0.1289 0.103 0.0852 0.0696 0.0638 0.0715 0.0886 0.1066 0.1212 0.0919 0.0682 0.0444 0.032 0.0454 0.0703 0.0944 0.1134 0.0877 0.0607 0.0309 0.0 0.031 0.0608 0.0869 0.1074 0.0907 0.0658 0.0418 0.0294 0.0409 0.0628 0.0848 0.1032 0.0993 0.0787 0.0614 0.0537 0.0582 0.0711 0.0867 0.1012 0.0433
3.000 1.000 15 0.0584 0.1694 0.1593 0.1486 0.1394 0.1323 0.1256 0.1207 0.1176 0.1571 0.1443 0.1313 0.1209 0.1147 0.111 0.11 0.1105 0.1439 0.1272 0.1108 0.0978 0.0917 0.0916 0.0961 0.1012 0.1318 0.111 0.0895 0.0715 0.0634 0.0678 0.0796 0.0911 0.1231 0.0981 0.071 0.0453 0.0318 0.0432 0.0636 0.0813 0.1193 0.092 0.0621 0.031 0.0 0.0295 0.0552 0.0754 0.1197 0.0932 0.0656 0.041 0.0283 0.0385 0.0572 0.0742 0.1234 0.0993 0.0763 0.0585 0.0506 0.0542 0.0648 0.0767 0.0432
3.000 3.000 15 0.0718 0.1886 0.1741 0.1583 0.1421 0.1267 0.1133 0.1022 0.0954 0.18 0.1633 0.1452 0.1275 0.1119 0.1 0.0914 0.0873 0.1702 0.1507 0.1292 0.1092 0.0921 0.0814 0.0765 0.0768 0.1607 0.1381 0.1133 0.0888 0.068 0.0571 0.0575 0.0641 0.1537 0.1281 0.0996 0.0703 0.0433 0.0288 0.037 0.0518 0.1498 0.1223 0.0921 0.0608 0.0295 0.0 0.0254 0.0453 0.1476 0.12 0.0911 0.063 0.0384 0.0257 0.0335 0.0476 0.1467 0.1205 0.0944 0.0714 0.054 0.0458 0.0475 0.0547 0.0611
3.000 5.000 25 0.0894 0.2041 0.1851 0.1644 0.1426 0.1207 0.101 0.0862 0.0764 0.1993 0.1793 0.1568 0.1337 0.1108 0.0912 0.0772 0.0687 0.1933 0.1715 0.1469 0.1211 0.0969 0.0767 0.0639 0.058 0.1867 0.1627 0.1357 0.1075 0.0801 0.0576 0.0456 0.044 0.181 0.1549 0.1256 0.0947 0.0639 0.0371 0.0233 0.0286 0.1769 0.1491 0.1186 0.0869 0.0552 0.0254 0.0 0.0198 0.172 0.1437 0.1139 0.0845 0.0568 0.0333 0.0213 0.0265 0.1668 0.1393 0.1115 0.0859 0.0639 0.0469 0.0383 0.0382 0.0825
3.000 7.000 35 0.105 0.2125 0.1907 0.1656 0.1396 0.1138 0.0908 0.0736 0.0628 0.2124 0.1896 0.1638 0.1365 0.1095 0.0853 0.0673 0.0565 0.2106 0.1867 0.1596 0.1308 0.1017 0.0763 0.0575 0.047 0.2068 0.1818 0.1533 0.1227 0.0919 0.0643 0.0439 0.0338 0.2027 0.1761 0.1462 0.1143 0.082 0.052 0.0286 0.0174 0.1983 0.1702 0.1394 0.1074 0.0754 0.0453 0.0198 0.0 0.1909 0.1622 0.1319 0.1018 0.0731 0.0471 0.0264 0.0162 0.182 0.1535 0.1247 0.0979 0.0738 0.0532 0.0376 0.0297 0.1004
5.000 -7.000 35 0.1323 0.1251 0.1402 0.156 0.1724 0.1883 0.2032 0.2141 0.2221 0.109 0.1233 0.1399 0.1585 0.178 0.1964 0.212 0.2227 0.0905 0.1035 0.1208 0.1419 0.1651 0.1879 0.2069 0.2208 0.0703 0.0817 0.1001 0.1235 0.1502 0.1767 0.1994 0.2162 0.0481 0.0589 0.0795 0.1056 0.1342 0.1626 0.1873 0.2059 0.0243 0.0374 0.0623 0.0907 0.1197 0.1476 0.172 0.1909 0.0 0.0259 0.0541 0.0822 0.1089 0.1338 0.156 0.174 0.0232 0.035 0.0568 0.0799 0.1017 0.122 0.1404 0.1562 0.1238
5.000 -5.000 25 0.1143 0.141 0.1506 0.1599 0.1706 0.1823 0.1923 0.2003 0.2053 0.1232 0.1312 0.1408 0.1534 0.1684 0.1827 0.194 0.2027 0.1029 0.1085 0.118 0.1326 0.1512 0.1701 0.186 0.1974 0.0812 0.0834 0.0926 0.1093 0.1311 0.1546 0.1748 0.1897 0.0586 0.0564 0.0659 0.0857 0.1108 0.1369 0.16 0.1774 0.0373 0.028 0.041 0.0658 0.0932 0.12 0.1437 0.1622 0.0259 0.0 0.0278 0.0555 0.082 0.1067 0.1287 0.1465 0.0351 0.0258 0.0367 0.0568 0.0777 0.0975 0.1157 0.1314 0.1032
5.000 -3.000 25 0.0978 0.1576 0.1607 0.1643 0.1687 0.1748 0.1803 0.1832 0.1853 0.1395 0.1406 0.1436 0.1492 0.1582 0.1678 0.1746 0.1791 0.1194 0.1173 0.1189 0.1254 0.1373 0.1515 0.1632 0.1715 0.0986 0.0918 0.0909 0.098 0.113 0.1312 0.1485 0.161 0.0786 0.0654 0.0605 0.0687 0.0875 0.11 0.1309 0.147 0.0619 0.0408 0.0294 0.0418 0.0656 0.0911 0.1139 0.1319 0.0541 0.0278 0.0 0.0275 0.0539 0.0784 0.1002 0.1179 0.0574 0.0368 0.0257 0.0352 0.0535 0.0726 0.0904 0.1059 0.084
5.000 -1.000 25 0.0878 0.1751 0.1725 0.1697 0.169 0.1682 0.1675 0.1657 0.1631 0.1581 0.1533 0.1493 0.1487 0.15 0.1528 0.1549 0.1553 0.1394 0.1311 0.1247 0.1236 0.1268 0.1337 0.1406 0.1452 0.1202 0.1075 0.0971 0.0941 0.099 0.1103 0.1221 0.1323 0.1031 0.0844 0.0682 0.0618 0.0688 0.085 0.1025 0.1168 0.0894 0.0651 0.0416 0.0294 0.041 0.063 0.0845 0.1018 0.0822 0.0555 0.0275 0.0 0.0263 0.0507 0.0724 0.0899 0.0813 0.0574 0.0353 0.0241 0.0326 0.0493 0.0664 0.0813 0.0717
5.000 1.000 25 0.0871 0.1931 0.1862 0.1778 0.17 0.1632 0.1545 0.1467 0.1404 0.1781 0.169 0.159 0.1508 0.1452 0.1394 0.1348 0.1314 0.1614 0.149 0.1364 0.1267 0.1217 0.119 0.1189 0.1197 0.1448 0.1277 0.1114 0.0986 0.0929 0.0936 0.0989 0.1044 0.1294 0.108 0.0863 0.0684 0.0606 0.065 0.0766 0.0881 0.117 0.0917 0.0651 0.0409 0.0283 0.0384 0.0568 0.0731 0.1089 0.082 0.0539 0.0263 0.0 0.0244 0.0458 0.0631 0.1042 0.0789 0.0539 0.0327 0.0221 0.0298 0.0445 0.0585 0.0709
5.000 3.000 25 0.0946 0.2114 0.1993 0.1861 0.1715 0.1563 0.1416 0.1274 0.1174 0.1984 0.1852 0.1706 0.1554 0.1408 0.128 0.1161 0.1082 0.1841 0.1684 0.1514 0.1346 0.1199 0.1089 0.1003 0.096 0.1697 0.1506 0.1295 0.1102 0.0939 0.0841 0.0798 0.0804 0.1557 0.1329 0.1084 0.0848 0.0651 0.0551 0.0559 0.0628 0.1435 0.1178 0.0902 0.0628 0.0385 0.0257 0.0333 0.0471 0.1338 0.1067 0.0784 0.0507 0.0244 0.0 0.0213 0.0384 0.1254 0.0993 0.0732 0.0494 0.0298 0.0199 0.0262 0.0379 0.081
5.000 5.000 25 0.1064 0.2257 0.21 0.1907 0.1704 0.1483 0.1269 0.1096 0.0966 0.217 0.1994 0.1798 0.159 0.1371 0.1166 0.1004 0.0884 0.205 0.1864 0.1653 0.1433 0.121 0.1012 0.0867 0.077 0.1928 0.1718 0.1484 0.1236 0.1003 0.0805 0.0679 0.0617 0.18 0.1562 0.1301 0.1032 0.0774 0.0563 0.045 0.0437 0.1676 0.1415 0.1133 0.0848 0.0572 0.0335 0.0213 0.0264 0.156 0.1287 0.1002 0.0724 0.0458 0.0213 0.0 0.0171 0.1438 0.1172 0.0906 0.066 0.0441 0.0261 0.0169 0.0214 0.0953
5.000 7.000 35 0.1172 0.2343 0.2145 0.1913 0.1651 0.1386 0.1136 0.0937 0.0806 0.2299 0.2096 0.1851 0.1593 0.1326 0.1073 0.0872 0.0741 0.2213 0.2002 0.1758 0.1493 0.1222 0.0968 0.0769 0.0644 0.2118 0.1891 0.1634 0.1357 0.1072 0.0817 0.0621 0.0508 0.2002 0.1756 0.1482 0.1193 0.0902 0.0638 0.044 0.034 0.1874 0.1611 0.1325 0.1032 0.0742 0.0476 0.0265 0.0162 0.174 0.1465 0.1179 0.0899 0.0631 0.0384 0.0171 0.0 0.1585 0.1316 0.1047 0.0797 0.0572 0.0373 0.0213 0.0133 0.1088
7.000 -7.000 35 0.15 0.1494 0.1665 0.1831 0.1994 0.2144 0.2278 0.2367 0.2433 0.1333 0.1493 0.1663 0.1843 0.2022 0.2193 0.2315 0.2394 0.1147 0.1291 0.1461 0.1657 0.1865 0.2063 0.2228 0.2332 0.0943 0.1066 0.1236 0.1444 0.1673 0.1899 0.2085 0.2212 0.0719 0.0825 0.0997 0.1213 0.1455 0.1694 0.1897 0.2042 0.0478 0.0577 0.0764 0.0993 0.1234 0.1467 0.1668 0.182 0.0232 0.0351 0.0574 0.0813 0.1042 0.1254 0.1438 0.1585 0.0 0.0233 0.0475 0.0701 0.0901 0.1079 0.1237 0.137 0.1389
7.000 -5.000 35 0.1347 0.1661 0.178 0.188 0.1985 0.209 0.217 0.2224 0.2244 0.148 0.1584 0.1685 0.1804 0.1937 0.2052 0.214 0.2183 0.1275 0.1355 0.1451 0.1582 0.1741 0.1893 0.201 0.2089 0.1053 0.1102 0.1188 0.1327 0.1506 0.1689 0.1842 0.1943 0.0816 0.0828 0.0905 0.1053 0.1245 0.1451 0.1629 0.1757 0.0573 0.0541 0.0619 0.0787 0.0993 0.1205 0.1393 0.1535 0.035 0.0258 0.0368 0.0574 0.0789 0.0993 0.1172 0.1316 0.0233 0.0 0.0238 0.046 0.0659 0.0835 0.0992 0.1125 0.1212
7.000 -3.000 35 0.1207 0.1818 0.1871 0.192 0.1962 0.2012 0.2046 0.2043 0.2031 0.1631 0.1667 0.1711 0.1762 0.1836 0.1903 0.1933 0.1945 0.1421 0.1429 0.146 0.1517 0.1612 0.1714 0.1784 0.182 0.1199 0.1168 0.1177 0.1232 0.1343 0.1477 0.1589 0.1662 0.0971 0.0892 0.0869 0.0922 0.1048 0.1206 0.1357 0.1465 0.0751 0.0613 0.0555 0.0614 0.0763 0.0944 0.1115 0.1247 0.0568 0.0367 0.0257 0.0353 0.0539 0.0732 0.0906 0.1047 0.0475 0.0238 0.0 0.0221 0.0418 0.0594 0.0751 0.0883 0.1056
7.000 -1.000 35 0.1122 0.1968 0.1967 0.1955 0.1955 0.1937 0.1909 0.186 0.1798 0.1787 0.1767 0.1745 0.1749 0.175 0.1753 0.1736 0.1697 0.1583 0.1533 0.1494 0.1493 0.151 0.1545 0.1568 0.1564 0.1372 0.128 0.121 0.1194 0.1221 0.1287 0.1354 0.1393 0.1155 0.102 0.0907 0.0866 0.09 0.0996 0.1101 0.119 0.0961 0.0771 0.0608 0.0537 0.0585 0.0714 0.0859 0.0979 0.0799 0.0568 0.0352 0.0241 0.0327 0.0494 0.066 0.0797 0.0701 0.046 0.0221 0.0 0.0197 0.0374 0.0531 0.0663 0.0956
7.000 1.000 35 0.1102 0.2116 0.2076 0.2013 0.1947 0.188 0.1774 0.1667 0.1571 0.1946 0.1888 0.1814 0.1749 0.1696 0.1617 0.1538 0.1465 0.1754 0.1668 0.1574 0.15 0.1456 0.1407 0.1365 0.1327 0.1556 0.1431 0.1304 0.1209 0.1163 0.1141 0.1144 0.115 0.1362 0.1184 0.102 0.0892 0.0834 0.0839 0.0889 0.0939 0.1175 0.0961 0.075 0.0582 0.0506 0.054 0.0639 0.0738 0.1017 0.0777 0.0535 0.0326 0.0221 0.0298 0.0441 0.0572 0.0901 0.0659 0.0418 0.0197 0.0 0.0177 0.0334 0.0466 0.0935
7.000 3.000 35 0.1136 0.2273 0.2182 0.2077 0.1948 0.18 0.1642 0.1471 0.134 0.2121 0.2016 0.1902 0.1774 0.1638 0.1502 0.1353 0.124 0.1936 0.1816 0.1684 0.1549 0.142 0.1306 0.1189 0.1106 0.1751 0.1598 0.1437 0.1281 0.1148 0.1051 0.0975 0.0933 0.1567 0.1376 0.1172 0.099 0.0842 0.0756 0.0723 0.0731 0.1385 0.1159 0.0926 0.0711 0.0542 0.0458 0.0469 0.0532 0.122 0.0975 0.0726 0.0493 0.0298 0.0199 0.0261 0.0373 0.1079 0.0835 0.0594 0.0374 0.0177 0.0 0.0156 0.0287 0.0987
7.000 5.000 35 0.1208 0.2403 0.2278 0.2111 0.1927 0.1709 0.1482 0.1287 0.1128 0.2277 0.2144 0.1973 0.1792 0.1586 0.1373 0.1192 0.1042 0.2121 0.1964 0.1791 0.1607 0.1407 0.1212 0.1051 0.0922 0.1942 0.1768 0.1575 0.1376 0.1175 0.0994 0.0858 0.0762 0.1766 0.1562 0.134 0.1115 0.0908 0.0735 0.0625 0.0571 0.1582 0.135 0.1106 0.0867 0.0648 0.0475 0.0383 0.0376 0.1404 0.1157 0.0904 0.0664 0.0445 0.0262 0.0169 0.0213 0.1237 0.0992 0.0751 0.0531 0.0334 0.0156 0.0 0.013 0.1075
7.000 7.000 35 0.1279 0.25 0.2322 0.2113 0.1864 0.1598 0.1331 0.1109 0.0956 0.24 0.223 0.2022 0.1779 0.1522 0.1261 0.1041 0.0888 0.2271 0.2094 0.1876 0.1643 0.1393 0.1143 0.0933 0.0788 0.211 0.1918 0.1698 0.1459 0.1211 0.0971 0.0777 0.0649 0.1943 0.1727 0.1489 0.124 0.0988 0.076 0.0583 0.0477 0.1756 0.1519 0.1266 0.1012 0.0767 0.0547 0.0382 0.0297 0.1562 0.1314 0.1059 0.0813 0.0585 0.0379 0.0214 0.0133 0.137 0.1125 0.0883 0.0663 0.0466 0.0287 0.013 0.0 0.117
0.500 0.000 0 0.0158 0.1262 0.1147 0.1039 0.0966 0.0934 0.0932 0.0947 0.0971 0.1165 0.1012 0.0868 0.0775 0.0758 0.0802 0.0872 0.0938 0.1073 0.0875 0.0678 0.0541 0.0534 0.0647 0.0789 0.0913 0.1018 0.0779 0.0516 0.0282 0.0281 0.0505 0.0732 0.0907 0.1027 0.0771 0.0481 0.018 0.0179 0.0475 0.0737 0.0937 0.1107 0.0867 0.0621 0.0433 0.0432 0.0611 0.0825 0.1004 0.1238 0.1032 0.084 0.0717 0.0709 0.081 0.0953 0.1088 0.1389 0.1212 0.1056 0.0956 0.0935 0.0987 0.1075 0.117 0.0