n 66
m 4
tmax 26.2
Vcpm 1.6
R 1.2
dmax 41.92
-0.500 0.000 0 0.0 0.1036 0.0977 0.0908 0.0851 0.0861 0.0962 0.1135 0.1354 0.094 0.0848 0.0733 0.0642 0.0656 0.0796 0.1027 0.1294 0.0827 0.0689 0.0508 0.0356 0.0361 0.0539 0.0809 0.1104 0.0761 0.059 0.0368 0.0134 0.0134 0.0373 0.0648 0.0932 0.0801 0.0614 0.0395 0.0205 0.0201 0.0378 0.0617 0.0875 0.0918 0.0736 0.0544 0.0404 0.0385 0.0485 0.0668 0.0883 0.1055 0.0903 0.0737 0.0609 0.0566 0.062 0.0755 0.0923 0.1154 0.1044 0.0908 0.0786 0.0723 0.0746 0.0845 0.0973 0.0114
-7.000 -7.000 35 0.1036 0.0 0.0109 0.0256 0.0428 0.0593 0.0746 0.0907 0.1077 0.0103 0.0174 0.0329 0.0528 0.0733 0.0938 0.1158 0.1384 0.0236 0.0319 0.0485 0.0711 0.0954 0.1211 0.1493 0.1783 0.0384 0.0484 0.0661 0.0883 0.1124 0.1377 0.1665 0.1966 0.0537 0.065 0.0825 0.103 0.123 0.1448 0.171 0.1994 0.0731 0.085 0.1019 0.1195 0.1349 0.152 0.1751 0.2007 0.0946 0.1072 0.1236 0.1385 0.1492 0.1618 0.1794 0.201 0.1119 0.1256 0.1426 0.156 0.1631 0.1713 0.1844 0.2022 0.1094
-7.000 -5.000 35 0.0977 0.0109 0.0 0.0146 0.0315 0.0476 0.0627 0.0787 0.0956 0.0173 0.0145 0.0238 0.0413 0.0604 0.08 0.1014 0.1235 0.0313 0.0336 0.0441 0.0619 0.0831 0.1067 0.1336 0.1614 0.0477 0.0546 0.0668 0.0841 0.1035 0.1268 0.1536 0.1821 0.0652 0.0743 0.0875 0.1028 0.1192 0.1381 0.1624 0.1889 0.0866 0.0968 0.11 0.1225 0.1342 0.1486 0.1695 0.1941 0.1097 0.1213 0.1341 0.1436 0.1504 0.1599 0.1771 0.1974 0.1283 0.1422 0.1552 0.1629 0.1659 0.1708 0.1837 0.2001 0.1064
-7.000 -3.000 35 0.0908 0.0256 0.0146 0.0 0.0164 0.0321 0.047 0.063 0.0799 0.0322 0.0237 0.0185 0.0275 0.0438 0.0622 0.083 0.1046 0.0467 0.0434 0.0438 0.0521 0.0677 0.0883 0.1135 0.14 0.0643 0.066 0.071 0.0789 0.0926 0.1113 0.1364 0.1628 0.0831 0.0879 0.0949 0.1016 0.1118 0.1278 0.1495 0.1738 0.1061 0.1125 0.1194 0.1237 0.1297 0.1416 0.1604 0.1822 0.1307 0.1385 0.145 0.1462 0.1474 0.1549 0.1702 0.1896 0.1508 0.1605 0.1677 0.1663 0.1636 0.1671 0.1787 0.1947 0.1009
-7.000 -1.000 35 0.0851 0.0428 0.0315 0.0164 0.0 0.0156 0.0306 0.0467 0.0637 0.0509 0.0405 0.0273 0.0194 0.0274 0.0436 0.0637 0.0847 0.0669 0.06 0.0514 0.0476 0.0539 0.0699 0.0926 0.1174 0.0851 0.0825 0.0784 0.0777 0.0825 0.0969 0.1181 0.1425 0.1048 0.1043 0.1024 0.1019 0.1048 0.1167 0.1364 0.1575 0.1281 0.1288 0.127 0.1244 0.1245 0.1336 0.151 0.1699 0.153 0.1546 0.1521 0.1465 0.1428 0.1487 0.1636 0.18 0.173 0.1762 0.1737 0.166 0.1589 0.1617 0.1739 0.1878 0.0972
-7.000 1.000 35 0.0861 0.0593 0.0476 0.0321 0.0156 0.0 0.0152 0.0316 0.0486 0.0699 0.0587 0.0432 0.0272 0.0191 0.0277 0.0458 0.0658 0.0882 0.0792 0.066 0.0533 0.0487 0.0563 0.0745 0.0964 0.1078 0.1008 0.0912 0.0818 0.0804 0.0871 0.104 0.1231 0.1265 0.1219 0.1133 0.1052 0.1045 0.1107 0.1261 0.1435 0.1491 0.1446 0.1359 0.1268 0.1247 0.1303 0.1447 0.16 0.1727 0.1686 0.1589 0.1475 0.143 0.1472 0.1602 0.1737 0.191 0.1883 0.1783 0.1652 0.1586 0.1612 0.1728 0.1844 0.0984
-7.000 3.000 35 0.0962 0.0746 0.0627 0.047 0.0306 0.0152 0.0 0.0165 0.0332 0.0884 0.0769 0.0608 0.0431 0.0276 0.0202 0.0299 0.0472 0.11 0.1 0.0847 0.0683 0.0557 0.0524 0.061 0.0769 0.1307 0.1223 0.1085 0.0952 0.0863 0.0871 0.0945 0.1071 0.1491 0.141 0.1289 0.1165 0.1102 0.1134 0.1209 0.1304 0.1706 0.1619 0.149 0.1363 0.1306 0.135 0.143 0.1507 0.1931 0.1834 0.1694 0.1553 0.1489 0.1533 0.1614 0.1677 0.209 0.2002 0.1864 0.1713 0.1642 0.1684 0.1763 0.1813 0.1068
-7.000 5.000 35 0.1135 0.0907 0.0787 0.063 0.0467 0.0316 0.0165 0.0 0.016 0.1083 0.0968 0.0805 0.0625 0.0454 0.0299 0.0214 0.0289 0.1339 0.1235 0.1075 0.0896 0.0734 0.0607 0.0555 0.0591 0.1564 0.1467 0.1317 0.1151 0.1026 0.0942 0.0922 0.0916 0.1746 0.1642 0.1494 0.1351 0.1249 0.1205 0.1205 0.1174 0.1956 0.1832 0.1672 0.1527 0.1443 0.1426 0.144 0.1397 0.2155 0.2029 0.1853 0.1699 0.1619 0.1615 0.1636 0.1582 0.2287 0.2171 0.1998 0.1844 0.1767 0.1772 0.1794 0.173 0.1242
-7.000 7.000 35 0.1354 0.1077 0.0956 0.0799 0.0637 0.0486 0.0332 0.016 0.0 0.1291 0.1176 0.1013 0.0831 0.0654 0.0473 0.0289 0.0181 0.1594 0.1488 0.1324 0.1136 0.0951 0.0769 0.0593 0.0485 0.184 0.1733 0.157 0.1392 0.1219 0.1073 0.092 0.0809 0.2019 0.1896 0.1725 0.1555 0.1423 0.1303 0.1176 0.1055 0.2215 0.207 0.1877 0.1704 0.1589 0.1499 0.1392 0.1262 0.239 0.2234 0.2036 0.185 0.1741 0.1667 0.1571 0.1432 0.25 0.2344 0.2152 0.1971 0.1869 0.1806 0.1713 0.1565 0.1434
-5.000 -7.000 35 0.094 0.0103 0.0173 0.0322 0.0509 0.0699 0.0884 0.1083 0.1291 0.0 0.014 0.0336 0.0577 0.0828 0.1082 0.1355 0.164 0.0133 0.0226 0.0428 0.0694 0.0982 0.1285 0.1617 0.1958 0.0278 0.0367 0.0552 0.0795 0.1056 0.1335 0.1648 0.1977 0.043 0.0526 0.0693 0.09 0.1118 0.1346 0.1617 0.1913 0.0625 0.0726 0.0881 0.1057 0.1217 0.1391 0.1614 0.1869 0.0839 0.0946 0.1096 0.1242 0.1354 0.1473 0.1649 0.1857 0.101 0.1128 0.1283 0.1414 0.149 0.1572 0.1695 0.1856 0.0982
-5.000 -5.000 25 0.0848 0.0174 0.0145 0.0237 0.0405 0.0587 0.0769 0.0968 0.1176 0.014 0.0 0.0196 0.0434 0.0681 0.0932 0.1204 0.1487 0.0225 0.0191 0.0316 0.0553 0.0827 0.1122 0.1448 0.1784 0.0369 0.0394 0.0507 0.0707 0.094 0.1204 0.1509 0.183 0.0536 0.0588 0.0702 0.0862 0.1038 0.1254 0.1515 0.1803 0.0745 0.0812 0.0924 0.1047 0.1174 0.1328 0.1542 0.1791 0.0972 0.1057 0.1163 0.1255 0.1329 0.1428 0.1592 0.1801 0.1154 0.1263 0.1373 0.1445 0.148 0.1533 0.1655 0.1814 0.0915
-5.000 -3.000 25 0.0733 0.0329 0.0238 0.0185 0.0273 0.0432 0.0608 0.0805 0.1013 0.0336 0.0196 0.0 0.0233 0.0475 0.0725 0.0996 0.1278 0.0424 0.0315 0.0252 0.0379 0.0618 0.09 0.1219 0.1549 0.0556 0.0509 0.0513 0.0604 0.0785 0.1021 0.1313 0.1623 0.0719 0.0715 0.0745 0.0813 0.0935 0.1114 0.1364 0.1638 0.0935 0.0954 0.0988 0.1028 0.1097 0.1227 0.1428 0.1663 0.117 0.1207 0.1242 0.125 0.1269 0.1348 0.1503 0.1698 0.136 0.1421 0.1466 0.145 0.1428 0.1464 0.1578 0.1736 0.082
-5.000 -1.000 25 0.0642 0.0528 0.0413 0.0275 0.0194 0.0272 0.0431 0.0625 0.0831 0.0577 0.0434 0.0233 0.0 0.0241 0.049 0.0763 0.1045 0.0683 0.0549 0.0378 0.0279 0.0402 0.0653 0.0962 0.1285 0.0806 0.0714 0.0606 0.0566 0.0637 0.083 0.1097 0.1391 0.0956 0.0895 0.0828 0.0798 0.0839 0.0978 0.1197 0.1454 0.1163 0.1119 0.1063 0.1018 0.1026 0.1124 0.1309 0.1523 0.1391 0.1362 0.1306 0.1235 0.1205 0.1265 0.1413 0.1592 0.1572 0.1565 0.1515 0.1427 0.1363 0.139 0.1506 0.1651 0.0755
-5.000 1.000 25 0.0656 0.0733 0.0604 0.0438 0.0274 0.0191 0.0276 0.0454 0.0654 0.0828 0.0681 0.0475 0.0241 0.0 0.0252 0.0526 0.0806 0.0963 0.0818 0.0615 0.0401 0.0293 0.0428 0.0706 0.1014 0.1079 0.0955 0.0792 0.0639 0.0592 0.068 0.0901 0.1161 0.1212 0.1101 0.0967 0.085 0.082 0.089 0.1066 0.1274 0.1397 0.1296 0.1167 0.1053 0.1015 0.1073 0.1223 0.1401 0.16 0.1509 0.138 0.1251 0.1194 0.1235 0.1364 0.1511 0.1754 0.1684 0.1561 0.1421 0.1346 0.1371 0.1481 0.1602 0.077
-5.000 3.000 25 0.0796 0.0938 0.08 0.0622 0.0436 0.0277 0.0202 0.0299 0.0473 0.1082 0.0932 0.0725 0.049 0.0252 0.0 0.0274 0.055 0.1254 0.1104 0.089 0.0649 0.0427 0.0319 0.0466 0.0734 0.1368 0.1225 0.1031 0.0832 0.068 0.0646 0.0742 0.0937 0.148 0.134 0.116 0.0994 0.0893 0.0894 0.0978 0.1114 0.1641 0.1498 0.1321 0.1165 0.1084 0.1102 0.1184 0.1286 0.1814 0.1676 0.1498 0.1337 0.1258 0.1279 0.136 0.1438 0.1937 0.1814 0.1648 0.1486 0.1405 0.1427 0.1503 0.1562 0.0886
-5.000 5.000 25 0.1027 0.1158 0.1014 0.083 0.0637 0.0458 0.0299 0.0214 0.0289 0.1355 0.1204 0.0996 0.0763 0.0526 0.0274 0.0 0.0268 0.1572 0.1419 0.1202 0.0953 0.0703 0.0466 0.0338 0.0456 0.1686 0.1531 0.1321 0.1098 0.09 0.0742 0.0683 0.0723 0.1778 0.1616 0.1412 0.1213 0.1068 0.0977 0.0951 0.0955 0.1914 0.1742 0.1535 0.135 0.1233 0.1184 0.1178 0.1163 0.2058 0.1886 0.1678 0.1494 0.1391 0.1365 0.1368 0.1338 0.2143 0.199 0.1795 0.162 0.1528 0.1515 0.1522 0.148 0.1099
-5.000 7.000 35 0.1294 0.1384 0.1235 0.1046 0.0847 0.0658 0.0472 0.0289 0.0181 0.164 0.1487 0.1278 0.1045 0.0806 0.055 0.0268 0.0 0.1902 0.1747 0.1527 0.1274 0.1011 0.0734 0.0456 0.03 0.2018 0.1853 0.1631 0.1391 0.1162 0.0939 0.0724 0.0603 0.2087 0.1908 0.1685 0.1465 0.1272 0.1111 0.0953 0.0835 0.2195 0.2 0.1768 0.1556 0.1401 0.1277 0.1155 0.1034 0.2307 0.2108 0.1874 0.1665 0.1526 0.143 0.1325 0.1198 0.2354 0.2174 0.1956 0.176 0.1637 0.1557 0.1462 0.1328 0.134
-3.000 -7.000 35 0.0827 0.0236 0.0313 0.0467 0.0669 0.0882 0.11 0.1339 0.1594 0.0133 0.0225 0.0424 0.0683 0.0963 0.1254 0.1572 0.1902 0.0 0.0168 0.0401 0.069 0.0997 0.1316 0.1664 0.2025 0.0141 0.0234 0.0434 0.0689 0.0955 0.1232 0.1539 0.1861 0.0295 0.0378 0.0545 0.0759 0.0975 0.1199 0.1459 0.1741 0.0492 0.0577 0.0725 0.0901 0.1071 0.124 0.1449 0.1689 0.0707 0.0796 0.0937 0.1086 0.1204 0.1322 0.1482 0.1673 0.0875 0.0975 0.1118 0.1251 0.1335 0.1414 0.1536 0.1683 0.0851
-3.000 -5.000 25 0.0689 0.0319 0.0336 0.0434 0.06 0.0792 0.1 0.1235 0.1488 0.0226 0.0191 0.0315 0.0549 0.0818 0.1104 0.1419 0.1747 0.0168 0.0 0.0234 0.052 0.0823 0.1139 0.1485 0.1844 0.0235 0.0195 0.0317 0.0547 0.0803 0.1076 0.1383 0.1703 0.0383 0.0389 0.049 0.066 0.0854 0.1068 0.1326 0.1607 0.0587 0.0616 0.0709 0.0834 0.0967 0.1127 0.1333 0.1573 0.0809 0.086 0.0948 0.1039 0.1121 0.1222 0.1378 0.1569 0.0986 0.1065 0.1156 0.1227 0.127 0.1325 0.1436 0.1586 0.0726
-3.000 -3.000 15 0.0508 0.0485 0.0441 0.0438 0.0514 0.066 0.0847 0.1075 0.1324 0.0428 0.0316 0.0252 0.0378 0.0615 0.089 0.1202 0.1527 0.0401 0.0234 0.0 0.028 0.0579 0.0893 0.1238 0.1595 0.044 0.0319 0.025 0.0372 0.0598 0.0862 0.1165 0.1483 0.0561 0.0497 0.0479 0.0552 0.0695 0.0891 0.1142 0.1419 0.0758 0.0727 0.0723 0.0762 0.0842 0.0977 0.1176 0.1411 0.0979 0.0974 0.0978 0.0985 0.101 0.109 0.124 0.1429 0.1157 0.1181 0.1201 0.1184 0.1169 0.1205 0.1312 0.1457 0.0577
-3.000 -1.000 15 0.0356 0.0711 0.0619 0.0521 0.0476 0.0533 0.0683 0.0896 0.1136 0.0694 0.0553 0.0379 0.0279 0.0401 0.0649 0.0953 0.1274 0.069 0.052 0.028 0.0 0.0297 0.0611 0.0958 0.1314 0.0705 0.0554 0.0373 0.027 0.0386 0.0625 0.0922 0.1234 0.0801 0.0681 0.056 0.0498 0.0553 0.071 0.0946 0.1212 0.0977 0.0879 0.0783 0.0718 0.0733 0.0835 0.1021 0.1242 0.1178 0.1105 0.1019 0.0936 0.0912 0.097 0.1111 0.1291 0.1338 0.1295 0.1222 0.1128 0.107 0.1093 0.12 0.1341 0.0459
-3.000 1.000 15 0.0361 0.0954 0.0831 0.0677 0.0539 0.0487 0.0557 0.0734 0.0951 0.0982 0.0827 0.0618 0.0402 0.0293 0.0427 0.0703 0.1011 0.0997 0.0823 0.0579 0.0297 0.0 0.0317 0.0665 0.1019 0.0988 0.0821 0.0604 0.0387 0.0279 0.0409 0.0679 0.0979 0.1055 0.0899 0.0714 0.0559 0.05 0.0581 0.0773 0.1012 0.1201 0.1056 0.0886 0.075 0.0695 0.0753 0.0904 0.1093 0.1371 0.1239 0.1082 0.0941 0.0873 0.0912 0.1033 0.1183 0.1496 0.1393 0.125 0.1106 0.1026 0.1047 0.1145 0.1264 0.0463
-3.000 3.000 15 0.0539 0.1211 0.1067 0.0883 0.0699 0.0563 0.0524 0.0607 0.0769 0.1285 0.1122 0.09 0.0653 0.0428 0.0319 0.0466 0.0734 0.1316 0.1139 0.0893 0.0611 0.0317 0.0 0.0347 0.0695 0.1283 0.1106 0.0875 0.0628 0.041 0.0304 0.0449 0.0709 0.1319 0.1141 0.0925 0.0721 0.0583 0.0546 0.0642 0.0815 0.1435 0.1253 0.1048 0.0863 0.0761 0.0751 0.0835 0.0956 0.1571 0.1399 0.1194 0.1021 0.0929 0.0929 0.1005 0.1093 0.1655 0.151 0.1326 0.1159 0.1072 0.1076 0.1145 0.1209 0.0606
-3.000 5.000 25 0.0809 0.1493 0.1336 0.1135 0.0926 0.0745 0.061 0.0555 0.0593 0.1617 0.1448 0.1219 0.0962 0.0706 0.0466 0.0338 0.0456 0.1664 0.1485 0.1238 0.0958 0.0665 0.0347 0.0 0.0339 0.1604 0.1422 0.1183 0.0927 0.068 0.0449 0.0323 0.0437 0.161 0.1418 0.1186 0.0959 0.0775 0.0641 0.0584 0.0628 0.1697 0.1494 0.1259 0.1056 0.0911 0.0835 0.0809 0.0821 0.18 0.1602 0.1374 0.1173 0.1056 0.101 0.0998 0.0991 0.1847 0.1675 0.1468 0.1285 0.1184 0.1156 0.1152 0.1128 0.0841
-3.000 7.000 35 0.1104 0.1783 0.1614 0.14 0.1174 0.0964 0.0769 0.0591 0.0485 0.1958 0.1784 0.1549 0.1285 0.1014 0.0734 0.0456 0.03 0.2025 0.1844 0.1595 0.1314 0.1019 0.0695 0.0339 0.0 0.1935 0.1747 0.1503 0.124 0.0979 0.0708 0.0437 0.0282 0.191 0.1706 0.1462 0.1222 0.1009 0.0811 0.0625 0.0508 0.1969 0.1749 0.1498 0.127 0.1094 0.0949 0.0815 0.0706 0.2037 0.182 0.1573 0.1353 0.1199 0.1088 0.0981 0.087 0.2047 0.1853 0.163 0.143 0.1297 0.1209 0.1116 0.1 0.1105
-1.000 -7.000 35 0.0761 0.0384 0.0477 0.0643 0.0851 0.1078 0.1307 0.1564 0.184 0.0278 0.0369 0.0556 0.0806 0.1079 0.1368 0.1686 0.2018 0.0141 0.0235 0.044 0.0705 0.0988 0.1283 0.1604 0.1935 0.0 0.0166 0.0384 0.0639 0.0894 0.1148 0.1429 0.1724 0.016 0.0253 0.0445 0.0674 0.0893 0.1109 0.1352 0.1614 0.036 0.0438 0.0602 0.0798 0.0976 0.1147 0.1346 0.157 0.0573 0.0651 0.0798 0.0959 0.1104 0.123 0.1385 0.1565 0.0737 0.0822 0.0964 0.1111 0.1216 0.1309 0.1429 0.157 0.0773
-1.000 -5.000 25 0.059 0.0484 0.0546 0.066 0.0825 0.1008 0.1223 0.1467 0.1733 0.0367 0.0394 0.0509 0.0714 0.0955 0.1225 0.1531 0.1853 0.0234 0.0195 0.0319 0.0554 0.0821 0.1106 0.1422 0.1747 0.0166 0.0 0.0218 0.0469 0.0719 0.0972 0.1251 0.1545 0.0253 0.02 0.0312 0.0515 0.0725 0.0938 0.1182 0.1444 0.0441 0.0431 0.0516 0.0665 0.0819 0.0982 0.1181 0.1406 0.0654 0.0675 0.075 0.0856 0.0956 0.1072 0.1223 0.1404 0.0822 0.0876 0.0953 0.1034 0.1098 0.1166 0.1277 0.1416 0.0605
-1.000 -3.000 15 0.0368 0.0661 0.0668 0.071 0.0784 0.0912 0.1085 0.1317 0.157 0.0552 0.0507 0.0513 0.0606 0.0792 0.1031 0.1321 0.1631 0.0434 0.0317 0.025 0.0373 0.0604 0.0875 0.1183 0.1503 0.0384 0.0218 0.0 0.0246 0.0492 0.0743 0.1022 0.1316 0.0451 0.0314 0.0235 0.0336 0.0519 0.0726 0.097 0.1232 0.0614 0.0522 0.0484 0.0531 0.0638 0.0786 0.0983 0.1207 0.0811 0.0759 0.074 0.075 0.0797 0.0888 0.1036 0.1217 0.0971 0.0959 0.0961 0.0948 0.0951 0.0997 0.1102 0.124 0.0398
-1.000 -1.000 5 0.0134 0.0883 0.0841 0.0789 0.0777 0.0818 0.0952 0.1151 0.1392 0.0795 0.0707 0.0604 0.0566 0.0639 0.0832 0.1098 0.1391 0.0689 0.0547 0.0372 0.027 0.0387 0.0628 0.0927 0.124 0.0639 0.0469 0.0246 0.0 0.0245 0.0498 0.078 0.1073 0.0692 0.0524 0.0338 0.0233 0.0322 0.0511 0.0752 0.1012 0.0832 0.0683 0.0539 0.0458 0.0486 0.0604 0.0794 0.1014 0.1 0.0884 0.0765 0.0679 0.0663 0.0729 0.087 0.1046 0.1134 0.1056 0.0961 0.087 0.0821 0.0849 0.0952 0.1087 0.021
-1.000 1.000 5 0.0134 0.1124 0.1035 0.0926 0.0825 0.0804 0.0863 0.1026 0.1219 0.1056 0.094 0.0785 0.0637 0.0592 0.068 0.09 0.1162 0.0955 0.0803 0.0598 0.0386 0.0279 0.041 0.068 0.0979 0.0894 0.0719 0.0492 0.0245 0.0 0.0256 0.0541 0.0833 0.0931 0.0746 0.0527 0.0323 0.0226 0.033 0.0552 0.0803 0.1048 0.0863 0.0658 0.0493 0.0426 0.0484 0.0644 0.0845 0.1183 0.1016 0.0831 0.0677 0.0607 0.064 0.0759 0.0913 0.1273 0.1145 0.0984 0.0837 0.0761 0.0775 0.0867 0.0986 0.0207
-1.000 3.000 15 0.0373 0.1377 0.1268 0.1113 0.0969 0.0871 0.0871 0.0942 0.1073 0.1335 0.1204 0.1021 0.083 0.068 0.0646 0.0742 0.0939 0.1232 0.1076 0.0862 0.0625 0.0409 0.0304 0.0449 0.0708 0.1148 0.0972 0.0743 0.0498 0.0256 0.0 0.0284 0.0571 0.1168 0.0974 0.0742 0.0516 0.0331 0.0246 0.0368 0.0585 0.1262 0.1057 0.0824 0.0618 0.0488 0.0456 0.0538 0.0686 0.1363 0.1168 0.0949 0.0757 0.065 0.0636 0.0703 0.0804 0.1412 0.125 0.1056 0.0884 0.079 0.0784 0.0841 0.0912 0.0394
-1.000 5.000 25 0.0648 0.1665 0.1536 0.1364 0.1181 0.104 0.0945 0.0922 0.092 0.1648 0.1509 0.1313 0.1097 0.0901 0.0742 0.0683 0.0724 0.1539 0.1383 0.1165 0.0922 0.0679 0.0449 0.0323 0.0437 0.1429 0.1251 0.1022 0.078 0.0541 0.0284 0.0 0.0278 0.1429 0.1229 0.0992 0.0759 0.0553 0.0368 0.0266 0.0362 0.1502 0.1284 0.1038 0.0816 0.065 0.0539 0.0494 0.0532 0.1572 0.1359 0.1119 0.0915 0.0777 0.0707 0.0685 0.0694 0.1584 0.1403 0.1191 0.1006 0.0895 0.0851 0.084 0.0828 0.0645
-1.000 7.000 35 0.0932 0.1966 0.1821 0.1628 0.1425 0.1231 0.1071 0.0916 0.0809 0.1977 0.183 0.1623 0.1391 0.1161 0.0937 0.0723 0.0603 0.1861 0.1703 0.1483 0.1234 0.0979 0.0709 0.0437 0.0282 0.1724 0.1545 0.1316 0.1073 0.0833 0.0571 0.0278 0.0 0.1702 0.1497 0.1256 0.1018 0.0802 0.0584 0.0361 0.0232 0.1754 0.1527 0.1272 0.1039 0.085 0.0685 0.0529 0.0433 0.1796 0.1571 0.1319 0.1096 0.0932 0.0806 0.069 0.0598 0.1772 0.1577 0.1352 0.1153 0.1016 0.0918 0.0823 0.0728 0.0911
1.000 -7.000 35 0.0801 0.0537 0.0652 0.0831 0.1048 0.1265 0.1491 0.1746 0.2019 0.043 0.0536 0.0719 0.0956 0.1212 0.148 0.1778 0.2087 0.0295 0.0383 0.0561 0.0801 0.1055 0.1319 0.161 0.191 0.016 0.0253 0.0451 0.0692 0.0931 0.1168 0.1429 0.1702 0.0 0.0197 0.0431 0.068 0.0907 0.1118 0.1349 0.1599 0.0199 0.0302 0.0511 0.0743 0.0945 0.1126 0.1325 0.154 0.0405 0.0486 0.0658 0.0856 0.1026 0.1174 0.1338 0.1517 0.0562 0.0641 0.0791 0.0955 0.1099 0.1217 0.1351 0.15 0.0792
1.000 -5.000 25 0.0614 0.065 0.0743 0.0879 0.1043 0.1219 0.141 0.1642 0.1896 0.0526 0.0588 0.0715 0.0895 0.1101 0.134 0.1616 0.1908 0.0378 0.0389 0.0497 0.0681 0.0899 0.1141 0.1418 0.1706 0.0253 0.02 0.0314 0.0524 0.0746 0.0974 0.1229 0.1497 0.0197 0.0 0.0233 0.0478 0.07 0.0908 0.1139 0.1388 0.0302 0.0231 0.0344 0.0546 0.0736 0.0914 0.1113 0.1329 0.0485 0.047 0.055 0.0694 0.0834 0.0969 0.1129 0.1308 0.0638 0.0664 0.0738 0.0842 0.0934 0.1034 0.1157 0.1301 0.0592
1.000 -3.000 15 0.0395 0.0825 0.0875 0.0949 0.1024 0.1133 0.1289 0.1494 0.1725 0.0693 0.0702 0.0745 0.0828 0.0967 0.116 0.1412 0.1685 0.0545 0.049 0.0479 0.056 0.0714 0.0925 0.1186 0.1462 0.0445 0.0312 0.0235 0.0338 0.0527 0.0742 0.0992 0.1256 0.0431 0.0233 0.0 0.0239 0.0457 0.0664 0.0896 0.1146 0.0514 0.0345 0.025 0.0341 0.0503 0.0675 0.0875 0.1092 0.0658 0.0551 0.0503 0.0536 0.0625 0.0743 0.09 0.1079 0.0784 0.0735 0.0719 0.0722 0.0757 0.0826 0.0942 0.1084 0.0356
1.000 -1.000 5 0.0205 0.103 0.1028 0.1016 0.1019 0.1052 0.1165 0.1351 0.1555 0.09 0.0862 0.0813 0.0798 0.085 0.0994 0.1213 0.1465 0.0759 0.066 0.0552 0.0498 0.0559 0.0721 0.0959 0.1222 0.0674 0.0515 0.0336 0.0233 0.0323 0.0516 0.0759 0.1018 0.068 0.0478 0.0239 0.0 0.0217 0.0428 0.0664 0.0915 0.0753 0.0551 0.0342 0.0226 0.0298 0.0454 0.0654 0.0873 0.0862 0.0699 0.0539 0.0447 0.0455 0.0546 0.0698 0.0875 0.0944 0.0838 0.0722 0.0636 0.0606 0.0651 0.076 0.0898 0.0125
1.000 1.000 5 0.0201 0.123 0.1192 0.1118 0.1048 0.1045 0.1102 0.1249 0.1423 0.1118 0.1038 0.0935 0.0839 0.082 0.0893 0.1068 0.1272 0.0975 0.0854 0.0695 0.0553 0.05 0.0583 0.0775 0.1009 0.0893 0.0725 0.0519 0.0322 0.0226 0.0331 0.0553 0.0802 0.0907 0.07 0.0457 0.0217 0.0 0.0216 0.0456 0.0707 0.0969 0.0751 0.0509 0.0299 0.0201 0.0285 0.0472 0.0684 0.1046 0.085 0.0634 0.0459 0.0383 0.0423 0.0553 0.0717 0.109 0.0933 0.076 0.0609 0.0537 0.0553 0.0646 0.0767 0.0121
1.000 3.000 15 0.0378 0.1448 0.1381 0.1278 0.1167 0.1107 0.1134 0.1205 0.1303 0.1346 0.1254 0.1114 0.0978 0.089 0.0894 0.0977 0.1111 0.1199 0.1068 0.0891 0.071 0.0581 0.0546 0.0641 0.0811 0.1109 0.0938 0.0726 0.0511 0.033 0.0246 0.0368 0.0584 0.1118 0.0908 0.0664 0.0428 0.0216 0.0 0.0241 0.0488 0.117 0.0943 0.0691 0.046 0.0286 0.0211 0.0314 0.05 0.1218 0.1004 0.0765 0.0556 0.0427 0.0392 0.0457 0.058 0.1219 0.1043 0.0839 0.0661 0.0558 0.054 0.059 0.0671 0.0331
1.000 5.000 25 0.0617 0.171 0.1624 0.1495 0.1364 0.1261 0.1209 0.1205 0.1176 0.1617 0.1515 0.1364 0.1197 0.1066 0.0978 0.0951 0.0953 0.1459 0.1326 0.1142 0.0946 0.0773 0.0642 0.0584 0.0625 0.1352 0.1182 0.097 0.0752 0.0552 0.0368 0.0266 0.0361 0.1349 0.1139 0.0896 0.0664 0.0456 0.0241 0.0 0.0239 0.1389 0.1158 0.0901 0.0666 0.0475 0.0315 0.0228 0.0311 0.1411 0.1188 0.0939 0.0719 0.0561 0.046 0.042 0.0449 0.1376 0.1188 0.0971 0.0784 0.0659 0.0596 0.0574 0.0576 0.0572
1.000 7.000 35 0.0875 0.1994 0.1889 0.1738 0.1575 0.1435 0.1304 0.1174 0.1055 0.1913 0.1803 0.1638 0.1454 0.1274 0.1114 0.0955 0.0835 0.1741 0.1607 0.1419 0.1212 0.1012 0.0815 0.0628 0.0508 0.1614 0.1444 0.1232 0.1012 0.0803 0.0585 0.0362 0.0232 0.1599 0.1388 0.1146 0.0915 0.0707 0.0488 0.0239 0.0 0.1622 0.1387 0.1127 0.0889 0.069 0.05 0.031 0.02 0.1619 0.139 0.1135 0.0907 0.0731 0.0583 0.0449 0.0365 0.1551 0.1355 0.1131 0.0932 0.0786 0.0676 0.0575 0.0495 0.0826
3.000 -7.000 35 0.0918 0.0731 0.0866 0.1061 0.1281 0.1491 0.1706 0.1956 0.2215 0.0625 0.0745 0.0935 0.1163 0.1397 0.1641 0.1914 0.2195 0.0492 0.0587 0.0758 0.0977 0.1201 0.1435 0.1697 0.1969 0.036 0.0441 0.0614 0.0832 0.1048 0.1262 0.1502 0.1754 0.0199 0.0302 0.0514 0.0753 0.0969 0.117 0.1389 0.1622 0.0 0.0222 0.0475 0.0732 0.0947 0.1131 0.1323 0.1531 0.0198 0.0303 0.0515 0.0747 0.0943 0.1109 0.1281 0.1461 0.0346 0.0424 0.0587 0.0776 0.094 0.1081 0.1229 0.1385 0.088
3.000 -5.000 25 0.0736 0.085 0.0968 0.1125 0.1288 0.1446 0.1619 0.1832 0.207 0.0726 0.0812 0.0954 0.1119 0.1296 0.1498 0.1742 0.2 0.0577 0.0616 0.0727 0.0879 0.1056 0.1253 0.1494 0.1749 0.0438 0.0431 0.0522 0.0683 0.0863 0.1057 0.1284 0.1527 0.0302 0.0231 0.0345 0.0551 0.0751 0.0943 0.1158 0.1387 0.0222 0.0 0.0251 0.0502 0.0712 0.0892 0.1085 0.1292 0.0303 0.0232 0.0346 0.0544 0.0725 0.0884 0.1053 0.1232 0.0423 0.0418 0.0497 0.0634 0.0765 0.0888 0.1027 0.1178 0.0678
3.000 -3.000 15 0.0544 0.1019 0.11 0.1194 0.127 0.1359 0.149 0.1672 0.1877 0.0881 0.0924 0.0988 0.1063 0.1167 0.1321 0.1535 0.1768 0.0725 0.0709 0.0723 0.0783 0.0886 0.1048 0.1259 0.1498 0.0602 0.0516 0.0484 0.0539 0.0658 0.0824 0.1038 0.1272 0.0511 0.0344 0.025 0.0342 0.0509 0.0691 0.0901 0.1127 0.0475 0.0251 0.0 0.0244 0.0449 0.0629 0.0823 0.1031 0.0513 0.0345 0.0249 0.0335 0.0485 0.0635 0.0803 0.0982 0.0582 0.0495 0.0457 0.0489 0.0568 0.0668 0.08 0.0947 0.0459
3.000 -1.000 15 0.0404 0.1195 0.1225 0.1237 0.1244 0.1268 0.1363 0.1527 0.1704 0.1057 0.1047 0.1028 0.1018 0.1053 0.1165 0.135 0.1556 0.0901 0.0834 0.0762 0.0718 0.075 0.0863 0.1056 0.127 0.0798 0.0665 0.0531 0.0458 0.0493 0.0618 0.0816 0.1039 0.0743 0.0546 0.0341 0.0226 0.0299 0.046 0.0666 0.0889 0.0732 0.0502 0.0244 0.0 0.0205 0.0388 0.0587 0.0797 0.0743 0.0543 0.0335 0.0218 0.0278 0.0412 0.058 0.0759 0.0762 0.0627 0.0486 0.0402 0.0404 0.0478 0.0602 0.0746 0.0295
3.000 1.000 15 0.0385 0.1349 0.1342 0.1297 0.1245 0.1247 0.1306 0.1443 0.1589 0.1217 0.1174 0.1097 0.1026 0.1015 0.1084 0.1233 0.1401 0.1071 0.0967 0.0842 0.0733 0.0695 0.0761 0.0911 0.1094 0.0976 0.0819 0.0638 0.0486 0.0426 0.0488 0.065 0.085 0.0945 0.0736 0.0503 0.0298 0.0201 0.0286 0.0475 0.069 0.0947 0.0712 0.0449 0.0205 0.0 0.0189 0.0393 0.0604 0.0938 0.0724 0.0485 0.0278 0.0182 0.0251 0.0406 0.0582 0.0914 0.075 0.0562 0.0403 0.0333 0.0361 0.0466 0.0598 0.0278
3.000 3.000 15 0.0485 0.152 0.1486 0.1416 0.1336 0.1303 0.135 0.1426 0.1499 0.1391 0.1328 0.1227 0.1124 0.1073 0.1102 0.1184 0.1277 0.124 0.1127 0.0977 0.0835 0.0753 0.0751 0.0835 0.0949 0.1147 0.0982 0.0786 0.0604 0.0484 0.0456 0.0539 0.0685 0.1126 0.0914 0.0675 0.0454 0.0285 0.0211 0.0315 0.05 0.1131 0.0892 0.0629 0.0388 0.0189 0.0 0.0205 0.0414 0.1106 0.0885 0.0638 0.0414 0.0251 0.0181 0.0267 0.042 0.1045 0.0867 0.066 0.0477 0.0361 0.0329 0.038 0.0478 0.0398
3.000 5.000 25 0.0668 0.1751 0.1695 0.1604 0.151 0.1447 0.143 0.144 0.1392 0.1614 0.1542 0.1428 0.1309 0.1223 0.1184 0.1178 0.1155 0.1449 0.1333 0.1176 0.1021 0.0904 0.0835 0.0809 0.0815 0.1346 0.1181 0.0983 0.0794 0.0644 0.0538 0.0494 0.0529 0.1325 0.1113 0.0875 0.0654 0.0472 0.0314 0.0228 0.031 0.1323 0.1085 0.0823 0.0587 0.0393 0.0205 0.0 0.0202 0.1284 0.106 0.0811 0.0585 0.0409 0.0267 0.0192 0.0259 0.1191 0.1007 0.0795 0.0604 0.0469 0.0382 0.0346 0.0366 0.059
3.000 7.000 35 0.0883 0.2007 0.1941 0.1822 0.1699 0.16 0.1507 0.1397 0.1262 0.1869 0.1791 0.1663 0.1523 0.1401 0.1286 0.1163 0.1034 0.1689 0.1573 0.1411 0.1242 0.1093 0.0956 0.0821 0.0706 0.157 0.1406 0.1207 0.1014 0.0845 0.0686 0.0532 0.0433 0.154 0.1329 0.1092 0.0873 0.0684 0.05 0.0311 0.02 0.1531 0.1292 0.1031 0.0797 0.0604 0.0414 0.0202 0.0 0.1472 0.1247 0.0996 0.0769 0.0587 0.0421 0.0259 0.0165 0.135 0.1164 0.0948 0.0753 0.0604 0.0479 0.0365 0.0294 0.0808
5.000 -7.000 35 0.1055 0.0946 0.1097 0.1307 0.153 0.1727 0.1931 0.2155 0.239 0.0839 0.0972 0.117 0.1391 0.16 0.1814 0.2058 0.2307 0.0707 0.0809 0.0979 0.1178 0.1371 0.1571 0.18 0.2037 0.0573 0.0654 0.0811 0.1 0.1183 0.1363 0.1572 0.1796 0.0405 0.0485 0.0658 0.0862 0.1046 0.1218 0.1411 0.1619 0.0198 0.0303 0.0513 0.0743 0.0938 0.1106 0.1284 0.1472 0.0 0.0193 0.0421 0.0657 0.0852 0.101 0.1171 0.1341 0.0142 0.0226 0.0399 0.0594 0.0762 0.0903 0.1047 0.1196 0.0986
5.000 -5.000 25 0.0903 0.1072 0.1213 0.1385 0.1546 0.1686 0.1834 0.2029 0.2234 0.0946 0.1057 0.1207 0.1362 0.1509 0.1676 0.1886 0.2108 0.0796 0.086 0.0974 0.1105 0.1239 0.1399 0.1602 0.182 0.0651 0.0675 0.0759 0.0884 0.1016 0.1168 0.1359 0.1571 0.0486 0.047 0.0551 0.0699 0.085 0.1004 0.1188 0.139 0.0303 0.0232 0.0345 0.0543 0.0724 0.0885 0.106 0.1247 0.0193 0.0 0.0226 0.0456 0.0645 0.08 0.096 0.1129 0.0226 0.0179 0.0276 0.0444 0.0596 0.0729 0.087 0.1016 0.0814
5.000 -3.000 25 0.0737 0.1236 0.1341 0.145 0.1521 0.1589 0.1694 0.1853 0.2036 0.1096 0.1163 0.1242 0.1306 0.138 0.1498 0.1678 0.1874 0.0937 0.0948 0.0978 0.1019 0.1082 0.1194 0.1374 0.1573 0.0798 0.075 0.074 0.0765 0.0831 0.0949 0.1119 0.1319 0.0658 0.055 0.0503 0.0539 0.0634 0.0765 0.0939 0.1135 0.0515 0.0346 0.0249 0.0335 0.0485 0.0638 0.0811 0.0996 0.0421 0.0226 0.0 0.0222 0.0405 0.056 0.0721 0.089 0.0398 0.0276 0.0203 0.0276 0.0401 0.0524 0.0661 0.0805 0.0632
5.000 -1.000 25 0.0609 0.1385 0.1436 0.1462 0.1465 0.1475 0.1553 0.1699 0.185 0.1242 0.1255 0.125 0.1235 0.1251 0.1337 0.1494 0.1665 0.1086 0.1039 0.0985 0.0936 0.0941 0.1021 0.1173 0.1353 0.0959 0.0856 0.075 0.0679 0.0677 0.0757 0.0915 0.1096 0.0856 0.0694 0.0536 0.0447 0.0459 0.0556 0.0719 0.0907 0.0747 0.0544 0.0335 0.0218 0.0278 0.0414 0.0585 0.0769 0.0657 0.0456 0.0222 0.0 0.0182 0.034 0.0505 0.0677 0.0589 0.0441 0.0276 0.0179 0.0228 0.0336 0.0472 0.0615 0.0495
5.000 1.000 25 0.0566 0.1492 0.1504 0.1474 0.1428 0.143 0.1489 0.1619 0.1741 0.1354 0.1329 0.1269 0.1205 0.1194 0.1258 0.1391 0.1526 0.1204 0.1121 0.101 0.0912 0.0873 0.0929 0.1056 0.1199 0.1104 0.0956 0.0797 0.0663 0.0607 0.065 0.0777 0.0932 0.1026 0.0834 0.0625 0.0455 0.0383 0.0427 0.0561 0.0731 0.0943 0.0725 0.0485 0.0278 0.0182 0.0251 0.0409 0.0587 0.0852 0.0645 0.0405 0.0182 0.0 0.0162 0.0332 0.0505 0.0748 0.0588 0.0397 0.0227 0.0148 0.0202 0.0327 0.0466 0.0457
5.000 3.000 25 0.062 0.1618 0.1599 0.1549 0.1487 0.1472 0.1533 0.1615 0.1667 0.1473 0.1428 0.1348 0.1265 0.1235 0.1279 0.1365 0.143 0.1322 0.1222 0.109 0.097 0.0912 0.0929 0.101 0.1088 0.123 0.1072 0.0888 0.0729 0.064 0.0636 0.0707 0.0806 0.1174 0.0969 0.0743 0.0546 0.0423 0.0392 0.046 0.0583 0.1109 0.0884 0.0635 0.0412 0.0251 0.0181 0.0267 0.0421 0.101 0.08 0.056 0.034 0.0162 0.0 0.0172 0.0342 0.0879 0.0714 0.0517 0.0334 0.0202 0.0146 0.0214 0.0334 0.052
5.000 5.000 25 0.0755 0.1794 0.1771 0.1702 0.1636 0.1602 0.1614 0.1636 0.1571 0.1649 0.1592 0.1503 0.1413 0.1364 0.136 0.1368 0.1325 0.1482 0.1378 0.124 0.1111 0.1033 0.1005 0.0998 0.0981 0.1385 0.1223 0.1036 0.087 0.0759 0.0703 0.0685 0.069 0.1338 0.1129 0.09 0.0698 0.0553 0.0457 0.042 0.0449 0.1281 0.1053 0.0803 0.058 0.0406 0.0267 0.0192 0.0259 0.1171 0.096 0.0721 0.0505 0.0332 0.0172 0.0 0.0165 0.1016 0.0849 0.0651 0.0469 0.0327 0.0214 0.0153 0.0204 0.066
5.000 7.000 35 0.0923 0.201 0.1974 0.1896 0.18 0.1737 0.1677 0.1582 0.1432 0.1857 0.1801 0.1698 0.1592 0.1511 0.1438 0.1338 0.1198 0.1673 0.1569 0.1429 0.1291 0.1183 0.1093 0.0991 0.087 0.1565 0.1404 0.1217 0.1046 0.0913 0.0804 0.0694 0.0598 0.1517 0.1308 0.1079 0.0875 0.0717 0.058 0.0449 0.0365 0.1461 0.1232 0.0982 0.0759 0.0582 0.042 0.0259 0.0165 0.1341 0.1129 0.089 0.0677 0.0505 0.0342 0.0165 0.0 0.1161 0.0993 0.0795 0.0612 0.0466 0.0334 0.0204 0.0129 0.0831
7.000 -7.000 35 0.1154 0.1119 0.1283 0.1508 0.173 0.191 0.209 0.2287 0.25 0.101 0.1154 0.136 0.1572 0.1754 0.1937 0.2143 0.2354 0.0875 0.0986 0.1157 0.1338 0.1496 0.1655 0.1847 0.2047 0.0737 0.0822 0.0971 0.1134 0.1273 0.1412 0.1584 0.1772 0.0562 0.0638 0.0784 0.0944 0.109 0.1219 0.1376 0.1551 0.0346 0.0423 0.0582 0.0762 0.0914 0.1045 0.1191 0.135 0.0142 0.0226 0.0398 0.0589 0.0748 0.0879 0.1016 0.1161 0.0 0.0125 0.0287 0.0464 0.061 0.0728 0.0849 0.0977 0.1066
7.000 -5.000 35 0.1044 0.1256 0.1422 0.1605 0.1762 0.1883 0.2002 0.2171 0.2344 0.1128 0.1263 0.1421 0.1565 0.1684 0.1814 0.199 0.2174 0.0975 0.1065 0.1181 0.1295 0.1393 0.151 0.1675 0.1853 0.0822 0.0876 0.0959 0.1056 0.1145 0.125 0.1403 0.1577 0.0641 0.0664 0.0735 0.0838 0.0933 0.1043 0.1188 0.1355 0.0424 0.0418 0.0495 0.0627 0.075 0.0867 0.1007 0.1164 0.0226 0.0179 0.0276 0.0441 0.0588 0.0714 0.0849 0.0993 0.0125 0.0 0.0161 0.0333 0.0474 0.0588 0.0708 0.0835 0.0936
7.000 -3.000 35 0.0908 0.1426 0.1552 0.1677 0.1737 0.1783 0.1864 0.1998 0.2152 0.1283 0.1373 0.1466 0.1515 0.1561 0.1648 0.1795 0.1956 0.1118 0.1156 0.1201 0.1222 0.125 0.1326 0.1468 0.163 0.0964 0.0953 0.0961 0.0961 0.0984 0.1056 0.1191 0.1352 0.0791 0.0738 0.0719 0.0722 0.076 0.0839 0.0971 0.1131 0.0587 0.0497 0.0457 0.0486 0.0562 0.066 0.0795 0.0948 0.0399 0.0276 0.0203 0.0276 0.0397 0.0517 0.0651 0.0795 0.0287 0.0161 0.0 0.0165 0.03 0.0413 0.0534 0.0661 0.0794
7.000 -1.000 35 0.0786 0.156 0.1629 0.1663 0.166 0.1652 0.1713 0.1844 0.1971 0.1414 0.1445 0.145 0.1427 0.1421 0.1486 0.162 0.176 0.1251 0.1227 0.1184 0.1128 0.1106 0.1159 0.1285 0.143 0.1111 0.1034 0.0948 0.087 0.0837 0.0884 0.1006 0.1153 0.0955 0.0842 0.0722 0.0636 0.0609 0.0661 0.0784 0.0932 0.0776 0.0634 0.0489 0.0402 0.0403 0.0477 0.0604 0.0753 0.0594 0.0444 0.0276 0.0179 0.0227 0.0334 0.0469 0.0612 0.0464 0.0333 0.0165 0.0 0.0135 0.025 0.0373 0.0502 0.0669
7.000 1.000 35 0.0723 0.1631 0.1659 0.1636 0.1589 0.1586 0.1642 0.1767 0.1869 0.149 0.148 0.1428 0.1363 0.1346 0.1405 0.1528 0.1637 0.1335 0.127 0.1169 0.107 0.1026 0.1072 0.1184 0.1297 0.1216 0.1098 0.0951 0.0821 0.0761 0.079 0.0895 0.1016 0.1099 0.0934 0.0757 0.0606 0.0537 0.0558 0.0659 0.0786 0.094 0.0765 0.0568 0.0404 0.0333 0.0361 0.0469 0.0604 0.0762 0.0596 0.0401 0.0228 0.0148 0.0202 0.0327 0.0466 0.061 0.0474 0.03 0.0135 0.0 0.0119 0.0247 0.0377 0.0612
7.000 3.000 35 0.0746 0.1713 0.1708 0.1671 0.1617 0.1612 0.1684 0.1772 0.1806 0.1572 0.1533 0.1464 0.139 0.1371 0.1427 0.1515 0.1557 0.1414 0.1325 0.1205 0.1093 0.1047 0.1076 0.1156 0.1209 0.1309 0.1166 0.0997 0.0849 0.0775 0.0784 0.0851 0.0918 0.1217 0.1034 0.0826 0.0651 0.0553 0.054 0.0596 0.0676 0.1081 0.0888 0.0668 0.0478 0.0361 0.0329 0.0382 0.0479 0.0903 0.0729 0.0524 0.0336 0.0202 0.0146 0.0214 0.0334 0.0728 0.0588 0.0413 0.025 0.0119 0.0 0.0129 0.0256 0.0641
7.000 5.000 35 0.0845 0.1844 0.1837 0.1787 0.1739 0.1728 0.1763 0.1794 0.1713 0.1695 0.1655 0.1578 0.1506 0.1481 0.1503 0.1522 0.1462 0.1536 0.1436 0.1312 0.12 0.1145 0.1145 0.1152 0.1116 0.1429 0.1277 0.1102 0.0952 0.0867 0.0841 0.084 0.0823 0.1351 0.1157 0.0942 0.076 0.0646 0.059 0.0574 0.0575 0.1229 0.1027 0.08 0.0602 0.0466 0.038 0.0346 0.0365 0.1047 0.087 0.0661 0.0472 0.0327 0.0214 0.0153 0.0204 0.0849 0.0708 0.0534 0.0373 0.0247 0.0129 0.0 0.0123 0.0742
7.000 7.000 35 0.0973 0.2022 0.2001 0.1947 0.1878 0.1844 0.1813 0.173 0.1565 0.1856 0.1814 0.1736 0.1651 0.1602 0.1562 0.148 0.1328 0.1683 0.1586 0.1457 0.1341 0.1264 0.1209 0.1128 0.1 0.157 0.1416 0.124 0.1087 0.0986 0.0912 0.0828 0.0728 0.15 0.1301 0.1084 0.0898 0.0767 0.0671 0.0576 0.0495 0.1385 0.1178 0.0947 0.0746 0.0598 0.0478 0.0366 0.0294 0.1196 0.1016 0.0805 0.0615 0.0466 0.0334 0.0204 0.0129 0.0977 0.0835 0.0661 0.0502 0.0377 0.0256 0.0123 0.0 0.0873
0.500 0.000 0 0.0114 0.1094 0.1064 0.1009 0.0972 0.0984 0.1068 0.1242 0.1434 0.0982 0.0915 0.082 0.0755 0.077 0.0886 0.1099 0.134 0.0851 0.0726 0.0577 0.0459 0.0463 0.0606 0.0841 0.1105 0.0773 0.0605 0.0398 0.021 0.0207 0.0394 0.0645 0.0911 0.0792 0.0592 0.0356 0.0125 0.0121 0.0331 0.0572 0.0826 0.088 0.0678 0.0459 0.0295 0.0278 0.0398 0.059 0.0808 0.0986 0.0814 0.0632 0.0495 0.0457 0.052 0.066 0.0831 0.1066 0.0936 0.0794 0.0669 0.0612 0.0641 0.0742 0.0873 0.0