n 64
m 2
tmax 20.0
Vcpm 1.6
R 1.2
dmax 28.0
0.000 -7.000 0 0.0 0.0078 0.0092 0.0164 0.0124 0.0241 0.0264 0.0203 0.024 0.0462 0.0379 0.0309 0.0295 0.0445 0.0698 0.0514 0.0437 0.0398 0.0464 0.0735 0.0901 0.0672 0.0593 0.0539 0.0543 0.075 0.1023 0.1117 0.0849 0.0772 0.0706 0.0683 0.0781 0.1119 0.1271 0.1368 0.0965 0.0898 0.0857 0.088 0.1147 0.145 0.1529 0.1096 0.1047 0.1036 0.1166 0.1575 0.171 0.1237 0.121 0.1254 0.1578 0.1912 0.1388 0.1392 0.1554 0.2032 0.1544 0.1609 0.1991 0.1723 0.1918 0.1942
-1.000 -6.000 6 0.0078 0.0 0.0124 0.0087 0.009 0.0248 0.0187 0.0136 0.021 0.0457 0.0304 0.0232 0.0242 0.04 0.0701 0.044 0.036 0.033 0.0406 0.0678 0.0926 0.0598 0.0512 0.0462 0.0482 0.0659 0.0989 0.1164 0.0776 0.069 0.0627 0.0612 0.0702 0.1023 0.1267 0.1436 0.0883 0.0813 0.0779 0.0809 0.1025 0.1379 0.1551 0.1009 0.0962 0.0963 0.1066 0.1438 0.1683 0.115 0.1131 0.117 0.1425 0.1801 0.1297 0.1315 0.1431 0.1854 0.1462 0.1514 0.1808 0.164 0.1775 0.1835
1.000 -6.000 6 0.0092 0.0124 0.0 0.0205 0.0106 0.0154 0.0309 0.0209 0.0191 0.0375 0.0432 0.0331 0.028 0.0395 0.0596 0.0581 0.0473 0.0403 0.0451 0.0675 0.0803 0.0754 0.0646 0.0557 0.0548 0.0742 0.0946 0.1016 0.0947 0.0842 0.0745 0.0697 0.0803 0.1094 0.1177 0.1259 0.105 0.0952 0.0881 0.0905 0.1183 0.1394 0.142 0.1165 0.1085 0.1059 0.1223 0.1584 0.1627 0.1288 0.1241 0.1296 0.1657 0.188 0.1425 0.1423 0.1645 0.2077 0.1581 0.1669 0.2114 0.1765 0.2043 0.2021
-2.000 -5.000 12 0.0164 0.0087 0.0205 0.0 0.0136 0.0307 0.0101 0.0103 0.0243 0.0508 0.0218 0.0158 0.0232 0.0421 0.0752 0.0355 0.0274 0.0282 0.0402 0.0691 0.0996 0.0513 0.0423 0.039 0.0453 0.0646 0.1014 0.1249 0.0691 0.0598 0.0542 0.0559 0.0673 0.1 0.131 0.1529 0.0789 0.0721 0.0707 0.0768 0.0981 0.1367 0.1609 0.0912 0.0877 0.0902 0.1019 0.1376 0.1689 0.1052 0.1057 0.1116 0.1348 0.1756 0.1211 0.1245 0.1368 0.1753 0.1384 0.1447 0.1701 0.1562 0.1695 0.1757
0.000 -5.000 6 0.0124 0.009 0.0106 0.0136 0.0 0.0191 0.0231 0.0107 0.0124 0.0391 0.0355 0.0231 0.0175 0.0321 0.0625 0.0503 0.0379 0.0293 0.0336 0.0607 0.086 0.0677 0.0551 0.0451 0.0428 0.0605 0.0918 0.1095 0.0871 0.0748 0.0638 0.0579 0.0652 0.0968 0.1191 0.1359 0.0957 0.0845 0.0765 0.0767 0.0993 0.1316 0.1463 0.1058 0.097 0.0931 0.1034 0.1406 0.1599 0.1172 0.1113 0.1139 0.1415 0.1754 0.1302 0.1283 0.1418 0.185 0.1442 0.1491 0.1821 0.1611 0.1779 0.1821
2.000 -5.000 12 0.0241 0.0248 0.0154 0.0307 0.0191 0.0 0.0412 0.0289 0.0176 0.0213 0.0546 0.0418 0.032 0.0306 0.0424 0.0703 0.057 0.0469 0.0454 0.054 0.0617 0.0893 0.0759 0.064 0.0601 0.0703 0.077 0.0829 0.1104 0.0972 0.0845 0.0768 0.0848 0.0992 0.0986 0.1073 0.1192 0.1069 0.0971 0.0985 0.1192 0.1228 0.1222 0.1291 0.1188 0.115 0.131 0.1514 0.1436 0.1401 0.1338 0.1404 0.1714 0.1723 0.1529 0.1535 0.1774 0.2038 0.1687 0.1809 0.2217 0.1899 0.2215 0.2195
-3.000 -4.000 18 0.0264 0.0187 0.0309 0.0101 0.0231 0.0412 0.0 0.0158 0.0329 0.0602 0.0118 0.0122 0.0281 0.0498 0.0858 0.0255 0.0187 0.0274 0.0453 0.0772 0.1106 0.0415 0.0323 0.0334 0.0463 0.0692 0.1095 0.1378 0.0592 0.0492 0.0457 0.0528 0.0694 0.1039 0.1403 0.1669 0.0681 0.0621 0.0641 0.0755 0.0992 0.1412 0.1702 0.0801 0.0791 0.0854 0.101 0.1374 0.1741 0.0951 0.0981 0.1085 0.1323 0.1754 0.1122 0.1182 0.1331 0.1709 0.1298 0.14 0.1643 0.1487 0.1636 0.1696
-1.000 -4.000 12 0.0203 0.0136 0.0209 0.0103 0.0107 0.0289 0.0158 0.0 0.0175 0.0466 0.0272 0.0125 0.013 0.0344 0.0703 0.0419 0.0274 0.0199 0.0304 0.0619 0.0934 0.0592 0.0448 0.0344 0.0357 0.0561 0.0939 0.1194 0.0786 0.0644 0.0526 0.0485 0.0581 0.0913 0.1233 0.147 0.0853 0.0731 0.0659 0.0681 0.0893 0.128 0.1521 0.0942 0.0852 0.0834 0.0933 0.1294 0.1589 0.1054 0.1005 0.1037 0.1274 0.1663 0.1179 0.1182 0.1288 0.1685 0.1331 0.1375 0.1642 0.1503 0.1625 0.1692
1.000 -4.000 12 0.024 0.021 0.0191 0.0243 0.0124 0.0176 0.0329 0.0175 0.0 0.0306 0.0455 0.0295 0.0149 0.0203 0.0516 0.0614 0.0452 0.0304 0.0264 0.0488 0.073 0.0801 0.0637 0.0486 0.0401 0.0526 0.0782 0.0974 0.1009 0.0849 0.0691 0.058 0.0619 0.0874 0.106 0.1235 0.1072 0.0916 0.0787 0.0755 0.096 0.1205 0.1327 0.1142 0.1008 0.0931 0.1037 0.1347 0.1471 0.1225 0.1131 0.114 0.1428 0.1667 0.1328 0.1286 0.1455 0.1828 0.1458 0.1509 0.1878 0.1621 0.1848 0.1856
3.000 -4.000 18 0.0462 0.0457 0.0375 0.0508 0.0391 0.0213 0.0602 0.0466 0.0306 0.0 0.0745 0.0595 0.045 0.0242 0.0204 0.0922 0.0764 0.0615 0.0487 0.0349 0.0399 0.112 0.096 0.0805 0.0697 0.0616 0.0534 0.0617 0.1348 0.1188 0.1028 0.0905 0.0871 0.0797 0.0741 0.0859 0.1426 0.1266 0.113 0.1084 0.1106 0.0976 0.0977 0.1499 0.1362 0.1284 0.1342 0.1311 0.1166 0.1586 0.1491 0.1516 0.1631 0.1452 0.1696 0.1673 0.1821 0.1825 0.1841 0.1938 0.2139 0.2048 0.2281 0.2345
-4.000 -3.000 24 0.0379 0.0304 0.0432 0.0218 0.0355 0.0546 0.0118 0.0272 0.0455 0.0745 0.0 0.0187 0.0387 0.0621 0.1007 0.0138 0.0144 0.0333 0.0557 0.0896 0.1268 0.0297 0.022 0.0323 0.0527 0.0801 0.1227 0.1544 0.0474 0.0373 0.0388 0.0537 0.0762 0.1132 0.1542 0.1847 0.0553 0.0518 0.0598 0.0777 0.1053 0.1506 0.1843 0.0681 0.0706 0.0832 0.1037 0.142 0.1826 0.0846 0.0914 0.1071 0.1337 0.1794 0.1024 0.1136 0.1319 0.1703 0.1214 0.1357 0.1616 0.1421 0.1594 0.163
-2.000 -3.000 18 0.0309 0.0232 0.0331 0.0158 0.0231 0.0418 0.0122 0.0125 0.0295 0.0595 0.0187 0.0 0.0199 0.0442 0.0834 0.0322 0.0149 0.0154 0.036 0.0707 0.1072 0.0491 0.0323 0.0236 0.0344 0.0604 0.1023 0.1329 0.0682 0.0518 0.04 0.0412 0.0577 0.094 0.133 0.1621 0.0728 0.0597 0.0552 0.0632 0.0876 0.1312 0.1622 0.0806 0.0727 0.0746 0.0888 0.126 0.1628 0.0913 0.0897 0.0964 0.1205 0.1633 0.1054 0.1082 0.1215 0.1595 0.1218 0.1284 0.1533 0.1393 0.1527 0.1587
0.000 -3.000 12 0.0295 0.0242 0.028 0.0232 0.0175 0.032 0.0281 0.013 0.0149 0.045 0.0387 0.0199 0.0 0.0264 0.0657 0.0536 0.0343 0.0159 0.0179 0.0523 0.0867 0.0718 0.0526 0.0343 0.0257 0.0443 0.0827 0.1106 0.0922 0.0735 0.0552 0.0426 0.0472 0.0798 0.1129 0.1387 0.0955 0.0776 0.0632 0.0595 0.0794 0.1165 0.141 0.1002 0.0854 0.0769 0.0844 0.1195 0.1467 0.107 0.0964 0.0961 0.1196 0.1555 0.1165 0.1114 0.1219 0.1611 0.1282 0.1308 0.1589 0.1436 0.1574 0.1632
2.000 -3.000 18 0.0445 0.04 0.0395 0.0421 0.0321 0.0306 0.0498 0.0344 0.0203 0.0242 0.0621 0.0442 0.0264 0.0 0.0349 0.0791 0.0601 0.0411 0.0235 0.0277 0.0535 0.0991 0.0798 0.0602 0.0442 0.04 0.0558 0.0763 0.1207 0.1013 0.0814 0.0652 0.0599 0.0693 0.0818 0.1018 0.1246 0.105 0.0875 0.0792 0.0886 0.0973 0.1085 0.1285 0.1109 0.0993 0.1051 0.1202 0.1226 0.1335 0.1204 0.1193 0.1402 0.1447 0.1411 0.1355 0.1506 0.1717 0.1528 0.1586 0.1898 0.1704 0.1941 0.1964
4.000 -3.000 24 0.0698 0.0701 0.0596 0.0752 0.0625 0.0424 0.0858 0.0703 0.0516 0.0204 0.1007 0.0834 0.0657 0.0349 0.0 0.1193 0.1006 0.0815 0.0592 0.0239 0.02 0.1411 0.1217 0.1017 0.0825 0.0558 0.0328 0.0422 0.1648 0.1454 0.1252 0.1066 0.0881 0.061 0.0523 0.0669 0.1697 0.1496 0.1305 0.1162 0.0974 0.0742 0.0763 0.1737 0.1547 0.1397 0.1312 0.1071 0.093 0.1785 0.1625 0.1549 0.1448 0.1186 0.185 0.175 0.1754 0.1538 0.1955 0.1943 0.1915 0.2104 0.2188 0.2332
-5.000 -2.000 30 0.0514 0.044 0.0581 0.0355 0.0503 0.0703 0.0255 0.0419 0.0614 0.0922 0.0138 0.0322 0.0536 0.0791 0.1193 0.0 0.022 0.0456 0.0708 0.1061 0.1469 0.0159 0.0167 0.0388 0.0646 0.0947 0.1402 0.1752 0.0335 0.025 0.0369 0.0602 0.0878 0.1279 0.1713 0.205 0.0411 0.043 0.0596 0.0844 0.1155 0.1639 0.2013 0.0557 0.0644 0.084 0.1098 0.1505 0.1951 0.0738 0.0873 0.1083 0.1384 0.1863 0.0934 0.11 0.133 0.1729 0.1143 0.1326 0.1611 0.1353 0.1567 0.1568
-3.000 -2.000 24 0.0437 0.036 0.0473 0.0274 0.0379 0.057 0.0187 0.0274 0.0452 0.0764 0.0144 0.0149 0.0343 0.0601 0.1006 0.022 0.0 0.0236 0.0488 0.0852 0.1257 0.0373 0.0174 0.0179 0.0413 0.0716 0.1172 0.1517 0.0556 0.0368 0.027 0.0392 0.0642 0.1044 0.1469 0.1799 0.0574 0.0446 0.046 0.0631 0.0924 0.1402 0.1763 0.0644 0.0598 0.0682 0.089 0.1288 0.1714 0.0764 0.0786 0.0921 0.1191 0.1654 0.0921 0.0991 0.1169 0.156 0.1094 0.1212 0.1469 0.1285 0.1448 0.1493
-1.000 -2.000 18 0.0398 0.033 0.0403 0.0282 0.0293 0.0469 0.0274 0.0199 0.0304 0.0615 0.0333 0.0154 0.0159 0.0411 0.0815 0.0456 0.0236 0.0 0.0257 0.064 0.1038 0.0624 0.0401 0.0185 0.0191 0.0484 0.0938 0.1273 0.0817 0.0601 0.0392 0.0285 0.0426 0.0818 0.122 0.1539 0.0817 0.0614 0.0471 0.0485 0.0733 0.1183 0.1513 0.084 0.0683 0.0629 0.0738 0.1115 0.1492 0.0898 0.0805 0.0828 0.1062 0.1486 0.099 0.0969 0.1073 0.1456 0.1122 0.1157 0.1404 0.1284 0.1398 0.1468
1.000 -2.000 18 0.0464 0.0406 0.0451 0.0402 0.0336 0.0454 0.0453 0.0304 0.0264 0.0487 0.0557 0.036 0.0179 0.0235 0.0592 0.0708 0.0488 0.0257 0.0 0.04 0.0765 0.0894 0.0668 0.043 0.0211 0.0269 0.067 0.0976 0.1102 0.0877 0.0641 0.0426 0.0354 0.0621 0.0941 0.123 0.1099 0.087 0.0656 0.0532 0.0662 0.0966 0.1227 0.1098 0.0891 0.0738 0.0766 0.104 0.1273 0.1117 0.0956 0.0904 0.1113 0.1385 0.1167 0.1073 0.1175 0.1496 0.1259 0.1263 0.1553 0.1396 0.1562 0.1604
3.000 -2.000 24 0.0735 0.0678 0.0675 0.0691 0.0607 0.054 0.0772 0.0619 0.0488 0.0349 0.0896 0.0707 0.0523 0.0277 0.0239 0.1061 0.0852 0.064 0.04 0.0 0.0328 0.1271 0.1051 0.0823 0.0598 0.0312 0.0274 0.0533 0.1497 0.1276 0.1042 0.0817 0.0621 0.0446 0.0532 0.0782 0.15 0.127 0.1048 0.0878 0.0756 0.0673 0.0801 0.1504 0.1287 0.1113 0.1039 0.0953 0.0909 0.1515 0.1339 0.1262 0.1265 0.1134 0.1555 0.1453 0.1494 0.1458 0.1644 0.1656 0.1763 0.18 0.1941 0.2046
5.000 -2.000 30 0.0901 0.0926 0.0803 0.0996 0.086 0.0617 0.1106 0.0934 0.073 0.0399 0.1268 0.1072 0.0867 0.0535 0.02 0.1469 0.1257 0.1038 0.0765 0.0328 0.0 0.1694 0.1471 0.1235 0.0989 0.0613 0.0234 0.0224 0.1933 0.1707 0.1465 0.1218 0.0942 0.0533 0.0344 0.0471 0.1952 0.1713 0.1471 0.1242 0.0903 0.0586 0.0563 0.1947 0.171 0.1489 0.1273 0.0909 0.0747 0.1938 0.1724 0.155 0.1299 0.0993 0.1957 0.1778 0.1643 0.1319 0.2003 0.1886 0.1707 0.2099 0.2025 0.2232
-6.000 -1.000 36 0.0672 0.0598 0.0754 0.0513 0.0677 0.0893 0.0415 0.0592 0.0801 0.112 0.0297 0.0491 0.0718 0.0991 0.1411 0.0159 0.0373 0.0624 0.0894 0.1271 0.1694 0.0 0.025 0.0521 0.0808 0.1127 0.1606 0.1984 0.0175 0.0185 0.0432 0.0721 0.103 0.1448 0.1913 0.2276 0.0269 0.0398 0.0652 0.0949 0.1295 0.1796 0.2195 0.0449 0.0625 0.0888 0.119 0.1615 0.2093 0.0654 0.0858 0.1123 0.1455 0.1957 0.0868 0.1085 0.1359 0.178 0.108 0.1311 0.1622 0.1294 0.1544 0.1514
-4.000 -1.000 30 0.0593 0.0512 0.0646 0.0423 0.0551 0.0759 0.0323 0.0448 0.0637 0.096 0.022 0.0323 0.0526 0.0798 0.1217 0.0167 0.0174 0.0401 0.0668 0.1051 0.1471 0.025 0.0 0.027 0.0556 0.0879 0.1363 0.1738 0.0413 0.0194 0.0201 0.0462 0.0766 0.119 0.1652 0.2012 0.0398 0.0294 0.0427 0.0691 0.1033 0.1532 0.1925 0.0468 0.0485 0.0666 0.094 0.1363 0.1831 0.0611 0.0701 0.0909 0.122 0.1713 0.0787 0.0927 0.1154 0.1564 0.098 0.1151 0.1437 0.1188 0.1388 0.14
-2.000 -1.000 24 0.0539 0.0462 0.0557 0.039 0.0451 0.064 0.0334 0.0344 0.0486 0.0805 0.0323 0.0236 0.0343 0.0602 0.1017 0.0388 0.0179 0.0185 0.043 0.0823 0.1235 0.0521 0.027 0.0 0.0285 0.0617 0.1108 0.1477 0.0694 0.0448 0.0207 0.0212 0.0491 0.0924 0.1378 0.1732 0.0652 0.0427 0.0311 0.0449 0.077 0.1262 0.1643 0.0647 0.0498 0.051 0.0707 0.112 0.1566 0.07 0.0647 0.0737 0.1008 0.1482 0.081 0.0831 0.0986 0.1379 0.096 0.1036 0.129 0.1133 0.1274 0.1328
0.000 -1.000 18 0.0543 0.0482 0.0548 0.0453 0.0428 0.0601 0.0463 0.0357 0.0401 0.0697 0.0527 0.0344 0.0257 0.0442 0.0825 0.0646 0.0413 0.0191 0.0211 0.0598 0.0989 0.0808 0.0556 0.0285 0.0 0.0354 0.0846 0.1201 0.0995 0.0743 0.0474 0.0218 0.0238 0.0662 0.1093 0.1436 0.0949 0.0691 0.0449 0.0332 0.055 0.1001 0.1352 0.0914 0.0682 0.0524 0.057 0.0931 0.1315 0.0909 0.0736 0.0689 0.0899 0.1303 0.0949 0.0854 0.0929 0.1295 0.1034 0.1028 0.127 0.1167 0.1275 0.1348
2.000 -1.000 24 0.075 0.0659 0.0742 0.0646 0.0605 0.0703 0.0692 0.0561 0.0526 0.0616 0.0801 0.0604 0.0443 0.04 0.0558 0.0947 0.0716 0.0484 0.0269 0.0312 0.0613 0.1127 0.0879 0.0617 0.0354 0.0 0.0446 0.0771 0.1333 0.1082 0.0815 0.0545 0.0297 0.0341 0.0678 0.0998 0.1295 0.1033 0.077 0.055 0.048 0.0671 0.094 0.1246 0.0995 0.0784 0.07 0.0797 0.0956 0.1218 0.1008 0.0899 0.0986 0.1085 0.1226 0.1091 0.1139 0.1293 0.1287 0.1269 0.1474 0.1416 0.1565 0.1635
4.000 -1.000 30 0.1023 0.0989 0.0946 0.1014 0.0918 0.077 0.1095 0.0939 0.0782 0.0534 0.1227 0.1023 0.0827 0.0558 0.0328 0.1402 0.1172 0.0938 0.067 0.0274 0.0234 0.1606 0.1363 0.1108 0.0846 0.0446 0.0 0.0344 0.1825 0.1577 0.1311 0.1039 0.0735 0.0303 0.0263 0.0565 0.1795 0.1532 0.1261 0.1 0.0671 0.0408 0.0534 0.1751 0.1493 0.1252 0.1019 0.0713 0.0626 0.171 0.148 0.1301 0.1085 0.0842 0.1696 0.1521 0.1416 0.1162 0.1729 0.1639 0.1527 0.1827 0.1819 0.1998
6.000 -1.000 36 0.1117 0.1164 0.1016 0.1249 0.1095 0.0829 0.1378 0.1194 0.0974 0.0617 0.1544 0.1329 0.1106 0.0763 0.0422 0.1752 0.1517 0.1273 0.0976 0.0533 0.0224 0.1984 0.1738 0.1477 0.1201 0.0771 0.0344 0.0 0.2218 0.1966 0.1696 0.1414 0.108 0.0597 0.0253 0.0243 0.2193 0.1924 0.1641 0.1352 0.094 0.0534 0.0368 0.2148 0.1876 0.1605 0.1301 0.0853 0.0604 0.2089 0.1831 0.1585 0.1226 0.0875 0.2044 0.1817 0.1583 0.1191 0.2044 0.1849 0.1564 0.2078 0.1902 0.2156
-7.000 0.000 42 0.0849 0.0776 0.0947 0.0691 0.0871 0.1104 0.0592 0.0786 0.1009 0.1348 0.0474 0.0682 0.0922 0.1207 0.1648 0.0335 0.0556 0.0817 0.1102 0.1497 0.1933 0.0175 0.0413 0.0694 0.0995 0.1333 0.1825 0.2218 0.0 0.0269 0.0564 0.0877 0.1204 0.163 0.212 0.25 0.0192 0.0452 0.0757 0.1083 0.1444 0.1963 0.2381 0.0401 0.0662 0.0969 0.13 0.1744 0.2233 0.0615 0.088 0.1185 0.1537 0.2055 0.0828 0.1095 0.1402 0.1834 0.1037 0.1309 0.1646 0.1248 0.153 0.1462
-5.000 0.000 36 0.0772 0.069 0.0842 0.0598 0.0748 0.0972 0.0492 0.0644 0.0849 0.1188 0.0373 0.0518 0.0735 0.1013 0.1454 0.025 0.0368 0.0601 0.0877 0.1276 0.1707 0.0185 0.0194 0.0448 0.0743 0.1082 0.1577 0.1966 0.0269 0.0 0.0294 0.0605 0.0932 0.1365 0.1853 0.2232 0.0202 0.0211 0.0487 0.0807 0.1169 0.1689 0.2105 0.0298 0.0436 0.0709 0.103 0.1476 0.1959 0.048 0.0664 0.0938 0.128 0.1796 0.0682 0.0892 0.1169 0.1596 0.0892 0.1116 0.1432 0.1104 0.1347 0.1321
-3.000 0.000 30 0.0706 0.0627 0.0745 0.0542 0.0638 0.0845 0.0457 0.0526 0.0691 0.1028 0.0388 0.04 0.0552 0.0814 0.1252 0.0369 0.027 0.0392 0.0641 0.1042 0.1465 0.0432 0.0201 0.0207 0.0474 0.0815 0.1311 0.1696 0.0564 0.0294 0.0 0.0311 0.0639 0.1082 0.1568 0.1943 0.0471 0.0218 0.0224 0.0513 0.0877 0.1399 0.1809 0.0436 0.0319 0.0461 0.0749 0.1196 0.1669 0.0497 0.0511 0.07 0.102 0.1529 0.0633 0.0725 0.0946 0.1361 0.0805 0.0948 0.1229 0.0999 0.1184 0.1208
-1.000 0.000 24 0.0683 0.0612 0.0697 0.0559 0.0579 0.0768 0.0528 0.0485 0.058 0.0905 0.0537 0.0412 0.0426 0.0652 0.1066 0.0602 0.0392 0.0285 0.0426 0.0817 0.1218 0.0721 0.0462 0.0212 0.0218 0.0545 0.1039 0.1414 0.0877 0.0605 0.0311 0.0 0.0332 0.0795 0.1274 0.1643 0.0784 0.0501 0.023 0.0236 0.0584 0.1103 0.1503 0.0709 0.0461 0.0334 0.0494 0.0927 0.1376 0.0683 0.0523 0.0537 0.0803 0.128 0.0723 0.0665 0.0782 0.1171 0.0826 0.0852 0.1091 0.0975 0.1087 0.1156
1.000 0.000 24 0.0781 0.0702 0.0803 0.0673 0.0652 0.0848 0.0694 0.0581 0.0619 0.0871 0.0762 0.0577 0.0472 0.0599 0.0881 0.0878 0.0642 0.0426 0.0354 0.0621 0.0942 0.103 0.0766 0.0491 0.0238 0.0297 0.0735 0.108 0.1204 0.0932 0.0639 0.0332 0.0 0.048 0.0925 0.1278 0.1118 0.0829 0.053 0.0256 0.0315 0.0775 0.1145 0.1029 0.0749 0.0494 0.0403 0.0692 0.1054 0.0964 0.0725 0.0583 0.0714 0.1039 0.0943 0.0781 0.0803 0.1087 0.0982 0.0928 0.1139 0.1085 0.1185 0.1263
3.000 0.000 30 0.1119 0.1023 0.1094 0.1 0.0968 0.0992 0.1039 0.0913 0.0874 0.0797 0.1132 0.094 0.0798 0.0693 0.061 0.1279 0.1044 0.0818 0.0621 0.0446 0.0533 0.1448 0.119 0.0924 0.0662 0.0341 0.0303 0.0597 0.163 0.1365 0.1082 0.0795 0.048 0.0 0.0408 0.0763 0.1559 0.1278 0.0987 0.0701 0.0359 0.032 0.0637 0.1475 0.1196 0.0926 0.0692 0.0497 0.0603 0.1395 0.1145 0.0949 0.0811 0.0728 0.1358 0.117 0.1086 0.0994 0.1377 0.1293 0.1293 0.1471 0.151 0.1658
5.000 0.000 36 0.1271 0.1267 0.1177 0.131 0.1191 0.0986 0.1403 0.1233 0.106 0.0741 0.1542 0.133 0.1129 0.0818 0.0523 0.1713 0.1469 0.122 0.0941 0.0532 0.0344 0.1913 0.1652 0.1378 0.1093 0.0678 0.0263 0.0253 0.212 0.1853 0.1568 0.1274 0.0925 0.0408 0.0 0.0368 0.2049 0.1764 0.1465 0.1157 0.0718 0.0281 0.0271 0.1957 0.1668 0.1374 0.1053 0.0603 0.0395 0.187 0.1599 0.1341 0.0976 0.0641 0.1802 0.1565 0.1332 0.0958 0.1775 0.1592 0.1332 0.1804 0.1662 0.1892
7.000 0.000 42 0.1368 0.1436 0.1259 0.1529 0.1359 0.1073 0.1669 0.147 0.1235 0.0859 0.1847 0.1621 0.1387 0.1018 0.0669 0.205 0.1799 0.1539 0.123 0.0782 0.0471 0.2276 0.2012 0.1732 0.1436 0.0998 0.0565 0.0243 0.25 0.2232 0.1943 0.1643 0.1278 0.0763 0.0368 0.0 0.2437 0.2149 0.1845 0.1525 0.1062 0.0606 0.0261 0.2342 0.2047 0.1741 0.1388 0.0894 0.0543 0.2245 0.1958 0.1665 0.1236 0.0829 0.2154 0.1886 0.1584 0.1136 0.2093 0.1852 0.1492 0.2083 0.1833 0.2098
-6.000 1.000 36 0.0965 0.0883 0.105 0.0789 0.0957 0.1192 0.0681 0.0853 0.1072 0.1426 0.0553 0.0728 0.0955 0.1246 0.1697 0.0411 0.0574 0.0817 0.1099 0.15 0.1952 0.0269 0.0398 0.0652 0.0949 0.1295 0.1795 0.2193 0.0192 0.0202 0.0471 0.0784 0.1118 0.1559 0.2049 0.2437 0.0 0.0298 0.0618 0.0954 0.1321 0.1851 0.2279 0.0207 0.0482 0.0803 0.1144 0.1594 0.2094 0.0419 0.0687 0.1001 0.1366 0.1887 0.0629 0.0897 0.1209 0.1644 0.0838 0.1108 0.1446 0.1048 0.1327 0.126
-4.000 1.000 30 0.0898 0.0813 0.0952 0.0721 0.0845 0.1069 0.0621 0.0731 0.0916 0.1266 0.0518 0.0597 0.0776 0.105 0.1496 0.043 0.0446 0.0614 0.087 0.127 0.1713 0.0398 0.0294 0.0427 0.0691 0.1033 0.1532 0.1924 0.0452 0.0211 0.0218 0.0501 0.0829 0.1278 0.1764 0.2149 0.0298 0.0 0.0319 0.0654 0.1025 0.156 0.1985 0.0216 0.0223 0.0513 0.0849 0.1305 0.1801 0.0309 0.045 0.0729 0.1088 0.1607 0.0487 0.0674 0.0955 0.1387 0.0688 0.0898 0.1214 0.0897 0.113 0.1112
-2.000 1.000 24 0.0857 0.0779 0.0881 0.0707 0.0765 0.0971 0.0641 0.0659 0.0787 0.113 0.0598 0.0552 0.0632 0.0875 0.1305 0.0596 0.046 0.0471 0.0656 0.1048 0.1471 0.0652 0.0427 0.0311 0.0449 0.077 0.1261 0.1641 0.0757 0.0487 0.0224 0.023 0.053 0.0987 0.1465 0.1845 0.0618 0.0319 0.0 0.0334 0.0714 0.1256 0.1675 0.0499 0.023 0.0235 0.0542 0.1007 0.1495 0.0449 0.0327 0.0473 0.0809 0.1319 0.0502 0.0516 0.0719 0.1138 0.0635 0.073 0.1003 0.0809 0.0966 0.1006
0.000 1.000 18 0.088 0.0809 0.0905 0.0768 0.0767 0.0985 0.0755 0.0681 0.0755 0.1084 0.0777 0.0632 0.0595 0.0792 0.1162 0.0844 0.0631 0.0485 0.0532 0.0878 0.1242 0.0949 0.0691 0.0449 0.0332 0.055 0.1 0.1352 0.1083 0.0807 0.0513 0.0236 0.0256 0.0701 0.1157 0.1525 0.0954 0.0654 0.0334 0.0 0.0403 0.0946 0.1351 0.0825 0.0525 0.0241 0.0261 0.0713 0.1178 0.0728 0.0473 0.0349 0.0574 0.1042 0.0691 0.0531 0.0578 0.0944 0.0729 0.0682 0.0895 0.0835 0.0913 0.0999
2.000 1.000 24 0.1147 0.1025 0.1183 0.0981 0.0993 0.1192 0.0992 0.0893 0.096 0.1106 0.1053 0.0876 0.0794 0.0886 0.0974 0.1155 0.0924 0.0733 0.0662 0.0756 0.0903 0.1295 0.1033 0.077 0.055 0.048 0.0671 0.094 0.1444 0.1169 0.0877 0.0584 0.0315 0.0359 0.0718 0.1062 0.1321 0.1025 0.0714 0.0403 0.0 0.0497 0.0872 0.1196 0.0897 0.0596 0.032 0.0365 0.0732 0.1086 0.0808 0.0574 0.0497 0.0698 0.1008 0.0796 0.0709 0.0807 0.1001 0.0895 0.098 0.1072 0.1123 0.1243
4.000 1.000 30 0.145 0.1379 0.1394 0.1367 0.1316 0.1228 0.1412 0.128 0.1205 0.0976 0.1506 0.1312 0.1165 0.0973 0.0742 0.1639 0.1402 0.1183 0.0966 0.0673 0.0586 0.1796 0.1532 0.1262 0.1001 0.0671 0.0408 0.0534 0.1963 0.1689 0.1399 0.1103 0.0775 0.032 0.0281 0.0606 0.1851 0.156 0.1256 0.0946 0.0497 0.0 0.0395 0.1724 0.1427 0.1123 0.0788 0.0326 0.0287 0.1603 0.1318 0.1041 0.0698 0.0426 0.1515 0.1271 0.1034 0.0725 0.1477 0.1298 0.1083 0.1505 0.1398 0.161
6.000 1.000 36 0.1529 0.1551 0.142 0.1609 0.1463 0.1222 0.1702 0.1521 0.1327 0.0977 0.1843 0.1622 0.141 0.1085 0.0763 0.2013 0.1763 0.1513 0.1227 0.0801 0.0563 0.2195 0.1925 0.1643 0.1352 0.094 0.0534 0.0368 0.2381 0.2105 0.1809 0.1503 0.1145 0.0637 0.0271 0.0261 0.2279 0.1985 0.1675 0.1351 0.0872 0.0395 0.0 0.2148 0.1845 0.1532 0.1167 0.0651 0.0279 0.2014 0.1718 0.1412 0.0984 0.0564 0.1909 0.1634 0.1324 0.0874 0.1833 0.1587 0.1229 0.1803 0.1569 0.1819
-5.000 2.000 30 0.1096 0.1009 0.1165 0.0912 0.1058 0.1291 0.0801 0.0942 0.1142 0.1499 0.0681 0.0806 0.1002 0.1285 0.1737 0.0557 0.0644 0.084 0.1098 0.1504 0.1947 0.0449 0.0468 0.0647 0.0914 0.1246 0.1751 0.2148 0.0401 0.0298 0.0436 0.0709 0.1029 0.1475 0.1957 0.2342 0.0207 0.0216 0.0499 0.0825 0.1196 0.1724 0.2148 0.0 0.0309 0.0636 0.098 0.1429 0.1937 0.021 0.0488 0.0811 0.1179 0.1705 0.042 0.0688 0.1007 0.1451 0.0628 0.0896 0.1234 0.0838 0.1113 0.105
-3.000 2.000 24 0.1047 0.0962 0.1085 0.0877 0.097 0.1188 0.0791 0.0852 0.1008 0.1362 0.0706 0.0727 0.0854 0.1109 0.1547 0.0644 0.0598 0.0683 0.0891 0.1287 0.171 0.0625 0.0485 0.0498 0.0682 0.0995 0.1493 0.1876 0.0662 0.0436 0.0319 0.0461 0.0749 0.1196 0.1668 0.2047 0.0482 0.0223 0.023 0.0525 0.0897 0.1427 0.1845 0.0309 0.0 0.0327 0.0671 0.1132 0.1637 0.0218 0.0225 0.0517 0.0885 0.1413 0.0308 0.0449 0.0735 0.1179 0.0486 0.0673 0.0987 0.0687 0.0905 0.0899
-1.000 2.000 18 0.1036 0.0963 0.1059 0.0902 0.0931 0.115 0.0854 0.0834 0.0931 0.1284 0.0832 0.0746 0.0769 0.0993 0.1397 0.084 0.0682 0.0629 0.0738 0.1113 0.1489 0.0888 0.0666 0.051 0.0524 0.0784 0.1252 0.1605 0.0969 0.0709 0.0461 0.0334 0.0494 0.0926 0.1374 0.1741 0.0803 0.0513 0.0235 0.0241 0.0596 0.1123 0.1532 0.0636 0.0327 0.0 0.0349 0.0829 0.1327 0.0503 0.0231 0.0238 0.059 0.1114 0.0449 0.0326 0.0486 0.0915 0.0501 0.0518 0.0781 0.0634 0.0752 0.0814
1.000 2.000 18 0.1166 0.1066 0.1223 0.1019 0.1034 0.131 0.101 0.0933 0.1037 0.1342 0.1037 0.0888 0.0844 0.1051 0.1312 0.1098 0.089 0.0738 0.0766 0.1039 0.1273 0.119 0.094 0.0707 0.057 0.07 0.1019 0.1301 0.13 0.103 0.0749 0.0494 0.0403 0.0692 0.1053 0.1388 0.1144 0.0849 0.0542 0.0261 0.032 0.0788 0.1167 0.098 0.0671 0.0349 0.0 0.0497 0.0962 0.0835 0.0535 0.0258 0.0318 0.0783 0.0733 0.0486 0.0396 0.0685 0.0701 0.0565 0.0697 0.0752 0.0776 0.0892
3.000 2.000 24 0.1575 0.1438 0.1584 0.1376 0.1406 0.1514 0.1374 0.1294 0.1347 0.1311 0.142 0.126 0.1195 0.1202 0.1071 0.1505 0.1288 0.1115 0.104 0.0953 0.0909 0.1615 0.1363 0.112 0.0931 0.0797 0.0713 0.0853 0.1744 0.1476 0.1196 0.0927 0.0692 0.0497 0.0603 0.0894 0.1594 0.1305 0.1007 0.0713 0.0365 0.0326 0.0651 0.1429 0.1132 0.0829 0.0497 0.0 0.0426 0.1287 0.0996 0.0707 0.0363 0.0324 0.1177 0.0915 0.0685 0.0492 0.1114 0.0929 0.0794 0.1135 0.1057 0.1251
5.000 2.000 30 0.171 0.1683 0.1627 0.1689 0.1599 0.1436 0.1741 0.1589 0.1471 0.1166 0.1826 0.1628 0.1467 0.1226 0.093 0.1951 0.1714 0.1492 0.1273 0.0909 0.0747 0.2093 0.1831 0.1566 0.1315 0.0956 0.0626 0.0604 0.2233 0.1959 0.1669 0.1376 0.1054 0.0603 0.0395 0.0543 0.2094 0.1801 0.1495 0.1178 0.0732 0.0287 0.0279 0.1937 0.1637 0.1327 0.0962 0.0426 0.0 0.178 0.1481 0.117 0.0727 0.0286 0.1647 0.1362 0.1046 0.06 0.1564 0.1314 0.0959 0.1524 0.1298 0.1543
-4.000 3.000 24 0.1237 0.115 0.1288 0.1052 0.1172 0.1401 0.0951 0.1054 0.1225 0.1586 0.0846 0.0913 0.107 0.1335 0.1785 0.0738 0.0764 0.0898 0.1117 0.1515 0.1938 0.0654 0.0611 0.07 0.0909 0.1218 0.171 0.2089 0.0615 0.048 0.0497 0.0683 0.0964 0.1395 0.187 0.2245 0.0419 0.0309 0.0449 0.0728 0.1086 0.1603 0.2014 0.021 0.0218 0.0503 0.0835 0.1287 0.178 0.0 0.0308 0.0635 0.1 0.1531 0.0209 0.0485 0.081 0.1256 0.0418 0.0686 0.1034 0.0628 0.0899 0.0841
-2.000 3.000 18 0.121 0.1131 0.1241 0.1057 0.1113 0.1338 0.0981 0.1005 0.1131 0.1491 0.0914 0.0897 0.0964 0.1204 0.1625 0.0873 0.0786 0.0805 0.0956 0.1339 0.1724 0.0858 0.0701 0.0647 0.0736 0.1008 0.148 0.1831 0.088 0.0664 0.0511 0.0523 0.0725 0.1145 0.1599 0.1958 0.0687 0.045 0.0327 0.0473 0.0808 0.1318 0.1718 0.0488 0.0225 0.0231 0.0535 0.0996 0.1481 0.0308 0.0 0.0326 0.0701 0.1237 0.0217 0.0224 0.0521 0.0974 0.0307 0.0449 0.0774 0.0486 0.0684 0.069
0.000 3.000 12 0.1254 0.117 0.1296 0.1116 0.1139 0.1404 0.1085 0.1037 0.114 0.1516 0.1071 0.0964 0.0961 0.1193 0.1549 0.1083 0.0921 0.0828 0.0904 0.1262 0.155 0.1123 0.0909 0.0737 0.0689 0.0899 0.1301 0.1585 0.1185 0.0938 0.07 0.0537 0.0583 0.0949 0.1341 0.1665 0.1001 0.0729 0.0473 0.0349 0.0574 0.1041 0.1412 0.0811 0.0517 0.0238 0.0258 0.0707 0.117 0.0635 0.0326 0.0 0.0396 0.0935 0.0501 0.0231 0.0252 0.0694 0.0448 0.0333 0.0553 0.0504 0.0553 0.065
2.000 3.000 18 0.1578 0.1425 0.1657 0.1348 0.1415 0.1714 0.1323 0.1274 0.1428 0.1631 0.1337 0.1205 0.1196 0.1402 0.1448 0.1384 0.1191 0.1062 0.1113 0.1265 0.1299 0.1455 0.122 0.1008 0.0899 0.0986 0.1085 0.1226 0.1537 0.128 0.102 0.0803 0.0714 0.0811 0.0976 0.1236 0.1366 0.1088 0.0809 0.0574 0.0497 0.0698 0.0984 0.1179 0.0885 0.059 0.0318 0.0363 0.0727 0.1 0.0701 0.0396 0.0 0.0492 0.0861 0.0576 0.0312 0.0357 0.0773 0.0553 0.0482 0.0763 0.0683 0.0858
4.000 3.000 24 0.1912 0.1801 0.188 0.1756 0.1754 0.1723 0.1754 0.1663 0.1667 0.1452 0.1794 0.1633 0.1555 0.1447 0.1186 0.1863 0.1654 0.1486 0.1385 0.1134 0.0993 0.1957 0.1713 0.1482 0.1303 0.1085 0.0842 0.0875 0.2055 0.1796 0.1529 0.128 0.1039 0.0728 0.0641 0.0829 0.1887 0.1607 0.1319 0.1042 0.0698 0.0426 0.0564 0.1705 0.1413 0.1114 0.0783 0.0324 0.0286 0.1531 0.1237 0.0935 0.0492 0.0 0.1381 0.1093 0.077 0.0319 0.1271 0.1009 0.0677 0.1226 0.0999 0.1249
-3.000 4.000 18 0.1388 0.1297 0.1425 0.1211 0.1302 0.1529 0.1122 0.1179 0.1328 0.1696 0.1024 0.1054 0.1165 0.1411 0.185 0.0934 0.0921 0.099 0.1167 0.1555 0.1957 0.0868 0.0787 0.081 0.0949 0.1226 0.1696 0.2044 0.0828 0.0682 0.0633 0.0723 0.0943 0.1358 0.1802 0.2154 0.0629 0.0487 0.0502 0.0691 0.1008 0.1515 0.1909 0.042 0.0308 0.0449 0.0733 0.1177 0.1647 0.0209 0.0217 0.0501 0.0861 0.1381 0.0 0.0307 0.0636 0.1081 0.0209 0.0486 0.0839 0.042 0.0694 0.0633
-1.000 4.000 12 0.1392 0.1315 0.1423 0.1245 0.1283 0.1535 0.1182 0.1182 0.1286 0.1673 0.1136 0.1082 0.1114 0.1355 0.175 0.11 0.0991 0.0969 0.1073 0.1453 0.1778 0.1085 0.0927 0.0831 0.0854 0.1091 0.1521 0.1817 0.1095 0.0892 0.0725 0.0665 0.0781 0.117 0.1565 0.1886 0.0897 0.0674 0.0516 0.0531 0.0796 0.1271 0.1634 0.0688 0.0449 0.0326 0.0486 0.0915 0.1362 0.0485 0.0224 0.0231 0.0576 0.1093 0.0307 0.0 0.0333 0.0798 0.0217 0.0225 0.0563 0.0309 0.0463 0.0491
1.000 4.000 12 0.1554 0.1431 0.1645 0.1368 0.1418 0.1774 0.1331 0.1288 0.1455 0.1821 0.1319 0.1215 0.1219 0.1506 0.1754 0.133 0.1169 0.1073 0.1175 0.1494 0.1643 0.1359 0.1154 0.0986 0.0929 0.1139 0.1416 0.1583 0.1402 0.1169 0.0946 0.0782 0.0803 0.1086 0.1332 0.1584 0.1209 0.0955 0.0719 0.0578 0.0709 0.1034 0.1324 0.1007 0.0735 0.0486 0.0396 0.0685 0.1046 0.081 0.0521 0.0252 0.0312 0.077 0.0636 0.0333 0.0 0.0482 0.0507 0.0247 0.0306 0.0463 0.038 0.0539
3.000 4.000 18 0.2032 0.1854 0.2077 0.1753 0.185 0.2038 0.1709 0.1685 0.1828 0.1825 0.1703 0.1595 0.1611 0.1717 0.1538 0.1729 0.156 0.1456 0.1496 0.1458 0.1319 0.178 0.1564 0.1379 0.1295 0.1293 0.1162 0.1191 0.1834 0.1596 0.1361 0.1171 0.1087 0.0994 0.0958 0.1136 0.1644 0.1387 0.1138 0.0944 0.0807 0.0725 0.0874 0.1451 0.1179 0.0915 0.0685 0.0492 0.06 0.1256 0.0974 0.0694 0.0357 0.0319 0.1081 0.0798 0.0482 0.0 0.0953 0.0681 0.035 0.0878 0.0659 0.0889
-2.000 5.000 12 0.1544 0.1462 0.1581 0.1384 0.1442 0.1687 0.1298 0.1331 0.1458 0.1841 0.1214 0.1218 0.1282 0.1528 0.1955 0.1143 0.1094 0.1122 0.1259 0.1644 0.2003 0.108 0.098 0.096 0.1034 0.1287 0.1729 0.2044 0.1037 0.0892 0.0805 0.0826 0.0982 0.1377 0.1775 0.2093 0.0838 0.0688 0.0635 0.0729 0.1001 0.1477 0.1833 0.0628 0.0486 0.0501 0.0701 0.1114 0.1564 0.0418 0.0307 0.0448 0.0773 0.1271 0.0209 0.0217 0.0507 0.0953 0.0 0.0309 0.0667 0.0211 0.0494 0.0424
0.000 5.000 6 0.1609 0.1514 0.1669 0.1447 0.1491 0.1809 0.14 0.1375 0.1509 0.1938 0.1357 0.1284 0.1308 0.1586 0.1943 0.1326 0.1212 0.1157 0.1263 0.1656 0.1886 0.1311 0.1151 0.1036 0.1028 0.1269 0.1639 0.1849 0.1309 0.1116 0.0948 0.0852 0.0928 0.1293 0.1592 0.1852 0.1108 0.0898 0.073 0.0682 0.0895 0.1298 0.1587 0.0896 0.0673 0.0518 0.0565 0.0929 0.1314 0.0686 0.0449 0.0333 0.0553 0.1009 0.0486 0.0225 0.0247 0.0681 0.0309 0.0 0.038 0.022 0.0241 0.0316
2.000 5.000 12 0.1991 0.1808 0.2114 0.1701 0.1821 0.2217 0.1643 0.1642 0.1878 0.2139 0.1616 0.1533 0.1589 0.1898 0.1915 0.1611 0.1469 0.1404 0.1553 0.1763 0.1707 0.1622 0.1437 0.129 0.127 0.1474 0.1527 0.1564 0.1646 0.1432 0.1229 0.1091 0.1139 0.1293 0.1332 0.1492 0.1446 0.1214 0.1003 0.0895 0.098 0.1083 0.1229 0.1234 0.0987 0.0781 0.0697 0.0794 0.0959 0.1034 0.0774 0.0553 0.0482 0.0677 0.0839 0.0563 0.0306 0.035 0.0667 0.038 0.0 0.055 0.0298 0.0526
-1.000 6.000 6 0.1723 0.164 0.1765 0.1562 0.1611 0.1899 0.1487 0.1503 0.1621 0.2048 0.1421 0.1393 0.1436 0.1704 0.2104 0.1353 0.1285 0.1284 0.1396 0.18 0.2099 0.1294 0.1188 0.1133 0.1167 0.1416 0.1827 0.2078 0.1248 0.1104 0.0999 0.0975 0.1085 0.1471 0.1804 0.2083 0.1048 0.0897 0.0809 0.0835 0.1072 0.1505 0.1803 0.0838 0.0687 0.0634 0.0752 0.1135 0.1524 0.0628 0.0486 0.0504 0.0763 0.1226 0.042 0.0309 0.0463 0.0878 0.0211 0.022 0.055 0.0 0.0316 0.0212
1.000 6.000 6 0.1918 0.1775 0.2043 0.1695 0.1779 0.2215 0.1636 0.1625 0.1848 0.2281 0.1594 0.1527 0.1574 0.1941 0.2188 0.1567 0.1448 0.1398 0.1562 0.1941 0.2025 0.1544 0.1388 0.1274 0.1275 0.1565 0.1819 0.1902 0.153 0.1347 0.1184 0.1087 0.1185 0.151 0.1662 0.1833 0.1327 0.113 0.0966 0.0913 0.1123 0.1398 0.1569 0.1113 0.0905 0.0752 0.0776 0.1057 0.1298 0.0899 0.0684 0.0553 0.0683 0.0999 0.0694 0.0463 0.038 0.0659 0.0494 0.0241 0.0298 0.0316 0.0 0.0232
0.000 7.000 0 0.1942 0.1835 0.2021 0.1757 0.1821 0.2195 0.1696 0.1692 0.1856 0.2345 0.163 0.1587 0.1632 0.1964 0.2332 0.1568 0.1493 0.1468 0.1604 0.2046 0.2232 0.1514 0.14 0.1328 0.1348 0.1635 0.1998 0.2156 0.1462 0.1321 0.1208 0.1156 0.1263 0.1658 0.1892 0.2098 0.126 0.1112 0.1006 0.0999 0.1243 0.161 0.1819 0.105 0.0899 0.0814 0.0892 0.1251 0.1543 0.0841 0.069 0.065 0.0858 0.1249 0.0633 0.0491 0.0539 0.0889 0.0424 0.0316 0.0526 0.0212 0.0232 0.0