n 64
m 2
tmax 35.0
Vcpm 1.4
R 1
dmax 56.0
0.000 -7.000 0 0.0 0.021 0.0198 0.05 0.0337 0.0444 0.084 0.0609 0.0577 0.0717 0.1194 0.0924 0.0805 0.0843 0.0998 0.1511 0.1246 0.106 0.1018 0.1107 0.1251 0.1791 0.153 0.1315 0.1225 0.1226 0.1335 0.1473 0.2051 0.1792 0.158 0.1429 0.1382 0.1434 0.1539 0.1677 0.2047 0.1824 0.1648 0.1564 0.1547 0.162 0.1739 0.2058 0.1886 0.1755 0.1702 0.173 0.1808 0.2109 0.1962 0.1884 0.1861 0.1915 0.2182 0.2073 0.2026 0.2047 0.2267 0.2206 0.2191 0.2379 0.2347 0.25
-1.000 -6.000 6 0.021 0.0 0.0337 0.0287 0.0276 0.0582 0.0621 0.0432 0.0581 0.0866 0.0958 0.071 0.069 0.0882 0.1149 0.1277 0.1004 0.089 0.0954 0.116 0.1401 0.1552 0.1291 0.1113 0.1086 0.1204 0.1398 0.162 0.1793 0.1548 0.1348 0.1261 0.1284 0.142 0.1609 0.1816 0.1786 0.1591 0.1455 0.1418 0.1485 0.1624 0.1809 0.1818 0.1666 0.1588 0.1589 0.168 0.183 0.1884 0.1776 0.1737 0.1777 0.1885 0.1973 0.1908 0.1907 0.1977 0.2086 0.2058 0.2094 0.2215 0.2221 0.2348
1.000 -6.000 6 0.0198 0.0337 0.0 0.0615 0.0261 0.0244 0.0949 0.0581 0.0391 0.0514 0.1288 0.0914 0.066 0.0626 0.0783 0.1589 0.1235 0.0948 0.0825 0.0869 0.1038 0.1853 0.1519 0.1234 0.1045 0.1006 0.1101 0.1256 0.2097 0.1779 0.1494 0.1274 0.1179 0.1189 0.1302 0.1448 0.2027 0.1747 0.1518 0.1366 0.1323 0.1379 0.1491 0.1995 0.1757 0.1576 0.1489 0.1487 0.1564 0.1991 0.1804 0.1676 0.1634 0.167 0.2027 0.1881 0.1808 0.1806 0.2091 0.1993 0.1962 0.2177 0.2127 0.2282
-2.000 -5.000 12 0.05 0.0287 0.0615 0.0 0.0432 0.0826 0.0328 0.0323 0.0699 0.1077 0.0658 0.0465 0.064 0.0978 0.1325 0.0962 0.072 0.071 0.0926 0.1234 0.1549 0.1237 0.0984 0.0876 0.0956 0.1179 0.1456 0.1741 0.1476 0.1239 0.108 0.1063 0.1187 0.14 0.1655 0.1912 0.1473 0.1302 0.1222 0.126 0.14 0.1607 0.1844 0.1521 0.1411 0.1387 0.1458 0.1611 0.1812 0.1609 0.1547 0.1567 0.1664 0.1824 0.1725 0.1707 0.1758 0.1881 0.186 0.1881 0.1963 0.201 0.206 0.2163
0.000 -5.000 6 0.0337 0.0276 0.0261 0.0432 0.0 0.0391 0.0719 0.0313 0.03 0.0635 0.1025 0.064 0.0441 0.0595 0.0893 0.1314 0.0946 0.0692 0.0671 0.0863 0.1133 0.1569 0.123 0.0955 0.0836 0.0901 0.1101 0.1342 0.1796 0.1487 0.1214 0.1036 0.1007 0.1117 0.131 0.1527 0.1725 0.1463 0.1259 0.1162 0.119 0.132 0.1505 0.1701 0.1491 0.1351 0.1315 0.138 0.1523 0.172 0.1561 0.1476 0.149 0.1583 0.1774 0.1665 0.1633 0.1682 0.1859 0.1796 0.1811 0.1967 0.1949 0.2087
2.000 -5.000 12 0.0444 0.0582 0.0244 0.0826 0.0391 0.0 0.1118 0.0669 0.0284 0.0266 0.1406 0.0971 0.0593 0.0402 0.0532 0.1671 0.1261 0.089 0.0643 0.0614 0.0776 0.1903 0.152 0.1168 0.0894 0.0777 0.0828 0.0996 0.2111 0.1763 0.1425 0.1145 0.0969 0.0937 0.1031 0.1185 0.1994 0.1673 0.1388 0.118 0.1088 0.111 0.1218 0.1913 0.1632 0.1406 0.1269 0.1235 0.1292 0.1872 0.1639 0.1473 0.1395 0.1408 0.187 0.169 0.1582 0.1555 0.1907 0.178 0.1722 0.1975 0.1897 0.2062
-3.000 -4.000 18 0.084 0.0621 0.0949 0.0328 0.0719 0.1118 0.0 0.0465 0.0909 0.1315 0.0325 0.0325 0.0715 0.1123 0.1505 0.0625 0.0445 0.0622 0.0964 0.1327 0.1677 0.0895 0.0674 0.0671 0.0885 0.1189 0.1513 0.183 0.1133 0.0915 0.0819 0.0905 0.112 0.1394 0.1688 0.1974 0.1143 0.1013 0.1006 0.1128 0.1338 0.1592 0.1862 0.1216 0.1157 0.1207 0.1346 0.1553 0.1791 0.1333 0.133 0.141 0.1566 0.1769 0.1476 0.1517 0.1623 0.1787 0.164 0.1709 0.1841 0.1812 0.1907 0.198
-1.000 -4.000 12 0.0609 0.0432 0.0581 0.0323 0.0313 0.0669 0.0465 0.0 0.0441 0.0845 0.0724 0.032 0.0313 0.0677 0.1048 0.0989 0.0622 0.0433 0.0595 0.0912 0.1243 0.1237 0.09 0.0661 0.0646 0.0843 0.1125 0.142 0.146 0.1157 0.0906 0.0792 0.0864 0.1063 0.132 0.1584 0.1394 0.115 0.0989 0.0964 0.1072 0.1272 0.1509 0.1385 0.1207 0.1117 0.1151 0.1282 0.148 0.1425 0.1307 0.1279 0.1347 0.1499 0.1507 0.1438 0.1462 0.1561 0.1615 0.1598 0.1655 0.1745 0.1771 0.1886
1.000 -4.000 12 0.0577 0.0581 0.0391 0.0699 0.03 0.0284 0.0909 0.0441 0.0 0.0402 0.1147 0.0698 0.0303 0.0291 0.062 0.1378 0.0962 0.0594 0.0409 0.0556 0.0841 0.1597 0.1214 0.0865 0.0627 0.0608 0.0789 0.1042 0.1798 0.1452 0.1121 0.0863 0.0749 0.0814 0.0998 0.1222 0.1677 0.1368 0.1101 0.0936 0.091 0.1013 0.1194 0.1605 0.1344 0.1148 0.1056 0.1092 0.1215 0.158 0.1371 0.1243 0.1216 0.1285 0.1597 0.1448 0.1375 0.1403 0.1653 0.1559 0.1542 0.1742 0.1694 0.1847
3.000 -4.000 18 0.0717 0.0866 0.0514 0.1077 0.0635 0.0266 0.1315 0.0845 0.0402 0.0 0.1542 0.1084 0.0649 0.0278 0.0262 0.1748 0.1316 0.0905 0.0554 0.0377 0.0504 0.1944 0.154 0.115 0.0811 0.0586 0.0563 0.0718 0.2123 0.1754 0.1385 0.1056 0.0809 0.0701 0.0755 0.0908 0.1961 0.1618 0.1295 0.1035 0.088 0.0854 0.094 0.1845 0.1535 0.1267 0.1082 0.0999 0.1026 0.1769 0.1505 0.1298 0.1181 0.1156 0.1736 0.1526 0.1385 0.1318 0.1749 0.1592 0.1505 0.1797 0.1692 0.1867
-4.000 -3.000 24 0.1194 0.0958 0.1288 0.0658 0.1025 0.1406 0.0325 0.0724 0.1147 0.1542 0.0 0.0445 0.088 0.1292 0.1672 0.0299 0.0302 0.067 0.1062 0.1438 0.1791 0.0568 0.0408 0.0577 0.0899 0.1244 0.1582 0.1905 0.0805 0.0617 0.0622 0.0828 0.1115 0.1423 0.1731 0.2024 0.0835 0.0761 0.0853 0.1061 0.1323 0.1606 0.1891 0.0938 0.095 0.1078 0.1286 0.1534 0.1802 0.1087 0.1155 0.1303 0.151 0.175 0.1263 0.1363 0.1528 0.1737 0.1451 0.1576 0.1752 0.164 0.1785 0.1824
-2.000 -3.000 18 0.0924 0.071 0.0914 0.0465 0.064 0.0971 0.0325 0.032 0.0698 0.1084 0.0445 0.0 0.0433 0.0843 0.1222 0.0673 0.03 0.0296 0.0646 0.1013 0.1362 0.0909 0.0577 0.0403 0.0558 0.086 0.1185 0.1499 0.1129 0.0834 0.0618 0.0606 0.0794 0.1062 0.1354 0.1637 0.1071 0.0853 0.0751 0.0822 0.1011 0.1261 0.1528 0.1081 0.0944 0.0927 0.1033 0.1228 0.1466 0.115 0.108 0.1121 0.1251 0.1451 0.1259 0.1247 0.1323 0.1478 0.1395 0.1431 0.1538 0.1551 0.1619 0.171
0.000 -3.000 12 0.0805 0.069 0.066 0.064 0.0441 0.0593 0.0715 0.0313 0.0303 0.0649 0.088 0.0433 0.0 0.0409 0.0786 0.1077 0.0661 0.0289 0.0281 0.061 0.0949 0.1279 0.09 0.0558 0.0384 0.0529 0.0813 0.1112 0.1476 0.1136 0.0815 0.0591 0.0574 0.0751 0.1004 0.1269 0.136 0.1062 0.0822 0.0712 0.0777 0.0959 0.1193 0.1299 0.1058 0.0902 0.0878 0.098 0.1168 0.1292 0.1116 0.103 0.1069 0.1197 0.1331 0.1217 0.1198 0.1272 0.1412 0.1354 0.1386 0.1521 0.1514 0.1646
2.000 -3.000 18 0.0843 0.0882 0.0626 0.0978 0.0595 0.0402 0.1123 0.0677 0.0291 0.0278 0.1292 0.0843 0.0409 0.0 0.0377 0.1465 0.1039 0.0628 0.0273 0.0263 0.0565 0.164 0.1244 0.0859 0.0528 0.0362 0.0497 0.0755 0.1815 0.1454 0.1091 0.0771 0.0557 0.0542 0.0707 0.0932 0.1659 0.1323 0.101 0.0775 0.0672 0.0736 0.0902 0.1549 0.1251 0.1002 0.0853 0.0835 0.0932 0.1486 0.1237 0.1061 0.0983 0.1023 0.1469 0.1278 0.1169 0.1155 0.1496 0.1368 0.1313 0.1561 0.1485 0.1649
4.000 -3.000 24 0.0998 0.1149 0.0783 0.1325 0.0893 0.0532 0.1505 0.1048 0.062 0.0262 0.1672 0.1222 0.0786 0.0377 0.0 0.1827 0.1397 0.0979 0.0587 0.0253 0.024 0.198 0.1576 0.1177 0.0808 0.0495 0.0337 0.0454 0.2135 0.1763 0.1383 0.1027 0.0725 0.0524 0.0505 0.0643 0.195 0.1595 0.1251 0.0951 0.0732 0.0634 0.0683 0.1806 0.1479 0.1183 0.0949 0.0811 0.0786 0.1705 0.1418 0.1178 0.1015 0.0938 0.1648 0.1411 0.1231 0.1127 0.1636 0.1454 0.133 0.1664 0.1529 0.1714
-5.000 -2.000 30 0.1511 0.1277 0.1589 0.0962 0.1314 0.1671 0.0625 0.0989 0.1378 0.1748 0.0299 0.0673 0.1077 0.1465 0.1827 0.0 0.0408 0.0813 0.1201 0.1565 0.1905 0.0269 0.0275 0.0619 0.0987 0.134 0.1675 0.1991 0.0506 0.0372 0.0535 0.0844 0.1172 0.1493 0.1803 0.2094 0.056 0.0578 0.0783 0.1065 0.1362 0.1661 0.1952 0.0702 0.0805 0.102 0.1282 0.1563 0.1849 0.0888 0.1033 0.125 0.1504 0.1778 0.1091 0.1259 0.148 0.1731 0.1298 0.1482 0.1707 0.1503 0.1697 0.1696
-3.000 -2.000 24 0.1246 0.1004 0.1235 0.072 0.0946 0.1261 0.0445 0.0622 0.0962 0.1316 0.0302 0.03 0.0661 0.1039 0.1397 0.0408 0.0 0.0403 0.0788 0.1151 0.149 0.0615 0.0277 0.0275 0.0604 0.0948 0.128 0.1594 0.0826 0.0535 0.0378 0.0528 0.0814 0.1121 0.1425 0.1711 0.0772 0.0584 0.058 0.0763 0.1021 0.1302 0.1585 0.0803 0.0722 0.0798 0.0987 0.1232 0.15 0.0902 0.0902 0.1016 0.1213 0.1455 0.1044 0.11 0.124 0.1446 0.1212 0.1304 0.1466 0.139 0.1509 0.1565
-1.000 -2.000 18 0.106 0.089 0.0948 0.071 0.0692 0.089 0.0622 0.0433 0.0594 0.0905 0.067 0.0296 0.0289 0.0628 0.0979 0.0813 0.0403 0.0 0.0384 0.0746 0.1085 0.0993 0.0615 0.027 0.0263 0.0572 0.0897 0.1208 0.1179 0.0844 0.0528 0.0363 0.05 0.077 0.1061 0.1341 0.1067 0.0777 0.0568 0.0552 0.0722 0.0967 0.1235 0.1014 0.0797 0.0695 0.0759 0.0938 0.1174 0.1024 0.0886 0.0867 0.0971 0.1163 0.1089 0.1021 0.1063 0.1197 0.1196 0.1188 0.127 0.133 0.1368 0.1475
1.000 -2.000 18 0.1018 0.0954 0.0825 0.0926 0.0671 0.0643 0.0964 0.0595 0.0409 0.0554 0.1062 0.0646 0.0281 0.0273 0.0587 0.1201 0.0788 0.0384 0.0 0.0362 0.0701 0.136 0.0972 0.0589 0.0256 0.0248 0.054 0.0843 0.1525 0.1172 0.0814 0.05 0.0342 0.0472 0.0728 0.0995 0.1376 0.1045 0.0742 0.0536 0.0521 0.0685 0.0916 0.1271 0.0982 0.0757 0.0657 0.0722 0.0894 0.1218 0.0986 0.0844 0.0829 0.0933 0.1216 0.1052 0.0982 0.1028 0.1262 0.1163 0.1156 0.1346 0.1304 0.1452
3.000 -2.000 24 0.1107 0.116 0.0869 0.1234 0.0863 0.0614 0.1327 0.0912 0.0556 0.0377 0.1438 0.1013 0.061 0.0263 0.0253 0.1565 0.1151 0.0746 0.0362 0.0 0.0337 0.1705 0.1313 0.0922 0.0555 0.0241 0.0234 0.0503 0.1853 0.1492 0.112 0.0768 0.0472 0.0324 0.0446 0.0675 0.1678 0.1329 0.099 0.07 0.0508 0.0495 0.0645 0.154 0.1219 0.0931 0.0719 0.0628 0.0688 0.1445 0.1167 0.0942 0.0811 0.0797 0.1398 0.1173 0.1019 0.0953 0.1398 0.1232 0.1138 0.1438 0.1325 0.1503
5.000 -2.000 30 0.1251 0.1401 0.1038 0.1549 0.1133 0.0776 0.1677 0.1243 0.0841 0.0504 0.1791 0.1362 0.0949 0.0565 0.024 0.1905 0.149 0.1085 0.0701 0.0337 0.0 0.2029 0.1634 0.1241 0.0869 0.0522 0.0225 0.0214 0.2161 0.1796 0.1418 0.1055 0.0725 0.0445 0.0302 0.0403 0.1967 0.161 0.1258 0.0936 0.0664 0.0479 0.0458 0.1808 0.1472 0.1158 0.0887 0.0686 0.059 0.1688 0.1387 0.112 0.0907 0.0773 0.1613 0.1355 0.1139 0.0983 0.1581 0.1369 0.1202 0.1586 0.1415 0.1607
-6.000 -1.000 36 0.1791 0.1552 0.1853 0.1237 0.1569 0.1903 0.0895 0.1237 0.1597 0.1944 0.0568 0.0909 0.1279 0.164 0.198 0.0269 0.0615 0.0993 0.136 0.1705 0.2029 0.0 0.0372 0.0754 0.1123 0.1468 0.1793 0.2098 0.0237 0.025 0.0576 0.0932 0.1274 0.1597 0.1905 0.2192 0.0334 0.0495 0.0799 0.1125 0.1443 0.1751 0.2046 0.0528 0.0736 0.1023 0.1327 0.163 0.1931 0.0745 0.097 0.1246 0.1538 0.1837 0.0965 0.1199 0.1469 0.1758 0.1183 0.1422 0.1691 0.1394 0.1636 0.159
-4.000 -1.000 30 0.153 0.1291 0.1519 0.0984 0.123 0.152 0.0674 0.09 0.1214 0.154 0.0408 0.0577 0.09 0.1244 0.1576 0.0275 0.0277 0.0615 0.0972 0.1313 0.1634 0.0372 0.0 0.0378 0.0744 0.1087 0.1411 0.1715 0.0557 0.0258 0.0261 0.0577 0.091 0.1229 0.1534 0.1819 0.0495 0.0359 0.0509 0.0792 0.1094 0.1394 0.1685 0.0549 0.0558 0.0746 0.1008 0.1292 0.1581 0.0687 0.0778 0.0977 0.123 0.1507 0.0867 0.0999 0.1207 0.146 0.1061 0.122 0.1436 0.1259 0.1434 0.1447
-2.000 -1.000 24 0.1315 0.1113 0.1234 0.0876 0.0955 0.1168 0.0671 0.0661 0.0865 0.115 0.0577 0.0403 0.0558 0.0859 0.1177 0.0619 0.0275 0.027 0.0589 0.0922 0.1241 0.0754 0.0378 0.0 0.0363 0.0706 0.1029 0.1333 0.092 0.0581 0.0259 0.0253 0.055 0.0862 0.1165 0.1448 0.0796 0.0508 0.0354 0.0489 0.0753 0.1041 0.1325 0.0745 0.0556 0.0546 0.0717 0.0963 0.1236 0.0773 0.0689 0.0759 0.0943 0.1187 0.0868 0.0864 0.0978 0.1176 0.1006 0.1059 0.1203 0.1166 0.1259 0.133
0.000 -1.000 18 0.1225 0.1086 0.1045 0.0956 0.0836 0.0894 0.0885 0.0646 0.0627 0.0811 0.0899 0.0558 0.0384 0.0528 0.0808 0.0987 0.0604 0.0263 0.0256 0.0555 0.0869 0.1123 0.0744 0.0363 0.0 0.0342 0.0666 0.097 0.1275 0.0926 0.0566 0.0246 0.0238 0.0519 0.0816 0.1096 0.1119 0.079 0.0489 0.0335 0.0462 0.0715 0.0987 0.1015 0.0731 0.0532 0.0518 0.0683 0.0921 0.0966 0.0754 0.066 0.0728 0.0908 0.0978 0.0847 0.0837 0.0949 0.1044 0.0987 0.1037 0.1151 0.1153 0.128
2.000 -1.000 24 0.1226 0.1204 0.1006 0.1179 0.0901 0.0777 0.1189 0.0843 0.0608 0.0586 0.1244 0.086 0.0529 0.0362 0.0495 0.134 0.0948 0.0572 0.0248 0.0241 0.0522 0.1468 0.1087 0.0706 0.0342 0.0 0.0324 0.0627 0.1608 0.1255 0.0886 0.0533 0.0232 0.0226 0.0492 0.0765 0.1433 0.1089 0.0751 0.0461 0.0318 0.0441 0.0678 0.1297 0.0978 0.0695 0.0506 0.0497 0.0655 0.1204 0.0931 0.0723 0.0636 0.0704 0.1162 0.0949 0.0823 0.0817 0.1171 0.1025 0.0971 0.1225 0.114 0.1303
4.000 -1.000 30 0.1335 0.1398 0.1101 0.1456 0.1101 0.0828 0.1513 0.1125 0.0789 0.0563 0.1582 0.1185 0.0813 0.0497 0.0337 0.1675 0.128 0.0897 0.054 0.0234 0.0225 0.1793 0.1411 0.1029 0.0666 0.0324 0.0 0.0302 0.1923 0.1566 0.1195 0.0837 0.0505 0.022 0.0213 0.0455 0.1733 0.1383 0.1034 0.0712 0.044 0.0303 0.0414 0.1579 0.1246 0.0933 0.0666 0.0486 0.0473 0.1461 0.1162 0.0898 0.0701 0.0614 0.1387 0.1133 0.0929 0.0803 0.1359 0.1156 0.101 0.1369 0.1216 0.1403
6.000 -1.000 36 0.1473 0.162 0.1256 0.1741 0.1342 0.0996 0.183 0.142 0.1042 0.0718 0.1905 0.1499 0.1112 0.0755 0.0454 0.1991 0.1594 0.1208 0.0843 0.0503 0.0214 0.2098 0.1715 0.1333 0.097 0.0627 0.0302 0.0 0.2219 0.1861 0.1488 0.1128 0.0791 0.0476 0.0204 0.019 0.2018 0.1666 0.1312 0.0981 0.0677 0.0414 0.0276 0.1853 0.1515 0.119 0.0893 0.0634 0.0452 0.1722 0.1411 0.1122 0.0866 0.0663 0.1631 0.1355 0.1104 0.0892 0.1581 0.1338 0.1125 0.1557 0.1345 0.1546
-7.000 0.000 42 0.2051 0.1793 0.2097 0.1476 0.1796 0.2111 0.1133 0.146 0.1798 0.2123 0.0805 0.1129 0.1476 0.1815 0.2135 0.0506 0.0826 0.1179 0.1525 0.1853 0.2161 0.0237 0.0557 0.092 0.1275 0.1608 0.1923 0.2219 0.0 0.0334 0.0697 0.1059 0.1401 0.1721 0.2025 0.2309 0.0221 0.0526 0.0876 0.1221 0.1547 0.186 0.2158 0.0444 0.074 0.1071 0.1398 0.1717 0.2029 0.0667 0.0959 0.1275 0.1594 0.1912 0.0888 0.1175 0.1482 0.1799 0.1102 0.1386 0.169 0.1307 0.1589 0.1497
-5.000 0.000 36 0.1792 0.1548 0.1779 0.1239 0.1487 0.1763 0.0915 0.1157 0.1452 0.1754 0.0617 0.0834 0.1136 0.1454 0.1763 0.0372 0.0535 0.0844 0.1172 0.1492 0.1796 0.025 0.0258 0.0581 0.0926 0.1255 0.1566 0.1861 0.0334 0.0 0.0359 0.0716 0.1055 0.1372 0.1675 0.1958 0.0236 0.0245 0.0557 0.089 0.1211 0.1519 0.1816 0.0333 0.0486 0.0773 0.1083 0.1392 0.1697 0.0524 0.072 0.0994 0.129 0.1595 0.0735 0.0949 0.1216 0.1508 0.0949 0.1172 0.1438 0.1157 0.1385 0.135
-3.000 0.000 30 0.158 0.1348 0.1494 0.108 0.1214 0.1425 0.0819 0.0906 0.1121 0.1385 0.0622 0.0618 0.0815 0.1091 0.1383 0.0535 0.0378 0.0528 0.0814 0.112 0.1418 0.0576 0.0261 0.0259 0.0566 0.0886 0.1195 0.1488 0.0697 0.0359 0.0 0.0354 0.069 0.1007 0.1309 0.1591 0.0547 0.0249 0.0248 0.0545 0.0857 0.1162 0.1456 0.0485 0.0347 0.0486 0.0755 0.105 0.1347 0.0537 0.054 0.0719 0.0975 0.1261 0.067 0.0753 0.0949 0.1204 0.0843 0.097 0.1178 0.1028 0.1183 0.1212
-1.000 0.000 24 0.1429 0.1261 0.1274 0.1063 0.1036 0.1145 0.0905 0.0792 0.0863 0.1056 0.0828 0.0606 0.0591 0.0771 0.1027 0.0844 0.0528 0.0363 0.05 0.0768 0.1055 0.0932 0.0577 0.0253 0.0246 0.0533 0.0837 0.1128 0.1059 0.0716 0.0354 0.0 0.0335 0.0652 0.0955 0.1236 0.0889 0.0554 0.0244 0.0237 0.0517 0.0816 0.1107 0.0769 0.0486 0.0337 0.0466 0.0724 0.1009 0.0719 0.0533 0.0525 0.0696 0.0946 0.0747 0.0666 0.0739 0.0929 0.084 0.0841 0.0961 0.0975 0.103 0.1123
1.000 0.000 24 0.1382 0.1284 0.1179 0.1187 0.1007 0.0969 0.112 0.0864 0.0749 0.0809 0.1115 0.0794 0.0574 0.0557 0.0725 0.1172 0.0814 0.05 0.0342 0.0472 0.0725 0.1274 0.091 0.055 0.0238 0.0232 0.0505 0.0791 0.1401 0.1055 0.069 0.0335 0.0 0.0318 0.0621 0.0902 0.1218 0.0875 0.053 0.0231 0.0225 0.0495 0.0779 0.1072 0.0751 0.0465 0.0322 0.0448 0.0698 0.0974 0.0701 0.0515 0.0509 0.0677 0.0932 0.0733 0.0652 0.0725 0.0951 0.0832 0.0833 0.1018 0.0974 0.1118
3.000 0.000 30 0.1434 0.142 0.1189 0.14 0.1117 0.0937 0.1394 0.1063 0.0814 0.0701 0.1423 0.1062 0.0751 0.0542 0.0524 0.1493 0.1121 0.077 0.0472 0.0324 0.0445 0.1597 0.1229 0.0862 0.0519 0.0226 0.022 0.0476 0.1721 0.1372 0.1007 0.0652 0.0318 0.0 0.0303 0.0582 0.153 0.1183 0.0833 0.0504 0.0221 0.0217 0.047 0.1369 0.1037 0.0719 0.0448 0.0311 0.0432 0.1248 0.0946 0.0681 0.0503 0.0496 0.117 0.0916 0.0722 0.0642 0.1141 0.0946 0.0827 0.1156 0.1018 0.1202
5.000 0.000 36 0.1539 0.1609 0.1302 0.1655 0.131 0.1031 0.1688 0.132 0.0998 0.0755 0.1731 0.1354 0.1004 0.0707 0.0505 0.1803 0.1425 0.1061 0.0728 0.0446 0.0302 0.1905 0.1534 0.1165 0.0816 0.0492 0.0213 0.0204 0.2025 0.1675 0.1309 0.0955 0.0621 0.0303 0.0 0.0276 0.1829 0.148 0.1129 0.0796 0.0484 0.0211 0.0201 0.1661 0.1326 0.0999 0.0696 0.0432 0.0295 0.1529 0.1217 0.0923 0.0664 0.0483 0.1434 0.1154 0.0903 0.0703 0.1376 0.1135 0.0932 0.1349 0.1149 0.1342
7.000 0.000 42 0.1677 0.1816 0.1448 0.1912 0.1527 0.1185 0.1974 0.1584 0.1222 0.0908 0.2024 0.1637 0.1269 0.0932 0.0643 0.2094 0.1711 0.1341 0.0995 0.0675 0.0403 0.2192 0.1819 0.1448 0.1096 0.0765 0.0455 0.019 0.2309 0.1958 0.1591 0.1236 0.0902 0.0582 0.0276 0.0 0.2108 0.1759 0.1408 0.1072 0.0754 0.0449 0.0188 0.1937 0.16 0.1269 0.0955 0.0656 0.0393 0.1801 0.1483 0.1176 0.0884 0.0616 0.1695 0.1402 0.1119 0.0853 0.1617 0.1348 0.1088 0.1562 0.1307 0.1505
-6.000 1.000 36 0.2047 0.1786 0.2027 0.1473 0.1725 0.1994 0.1143 0.1394 0.1677 0.1961 0.0835 0.1071 0.136 0.1659 0.195 0.056 0.0772 0.1067 0.1376 0.1678 0.1967 0.0334 0.0495 0.0796 0.1119 0.1433 0.1733 0.2018 0.0221 0.0236 0.0547 0.0889 0.1218 0.153 0.1829 0.2108 0.0 0.0333 0.0684 0.1027 0.1351 0.1662 0.1962 0.0223 0.0523 0.0859 0.1189 0.1511 0.1826 0.0445 0.0732 0.1051 0.1374 0.1697 0.0665 0.0946 0.1254 0.1574 0.0879 0.1156 0.1458 0.1084 0.1355 0.127
-4.000 1.000 30 0.1824 0.1591 0.1747 0.1302 0.1463 0.1673 0.1013 0.115 0.1368 0.1618 0.0761 0.0853 0.1062 0.1323 0.1595 0.0578 0.0584 0.0777 0.1045 0.1329 0.161 0.0495 0.0359 0.0508 0.079 0.1089 0.1383 0.1666 0.0526 0.0245 0.0249 0.0554 0.0875 0.1183 0.148 0.1759 0.0333 0.0 0.0347 0.0686 0.1008 0.1318 0.1616 0.0234 0.024 0.0539 0.0859 0.1176 0.1487 0.0329 0.0475 0.0752 0.1058 0.1372 0.0515 0.0703 0.0971 0.127 0.072 0.0926 0.1191 0.0924 0.1138 0.1115
-2.000 1.000 24 0.1648 0.1455 0.1518 0.1222 0.1259 0.1388 0.1006 0.0989 0.1101 0.1295 0.0853 0.0751 0.0822 0.101 0.1251 0.0783 0.058 0.0568 0.0742 0.099 0.1258 0.0799 0.0509 0.0354 0.0489 0.0751 0.1034 0.1312 0.0876 0.0557 0.0248 0.0244 0.053 0.0833 0.1129 0.1408 0.0684 0.0347 0.0 0.0337 0.0658 0.0968 0.1266 0.0535 0.0241 0.0239 0.0525 0.0834 0.1142 0.0473 0.0336 0.0471 0.0739 0.1039 0.0523 0.0525 0.0703 0.0965 0.0653 0.0734 0.0933 0.0818 0.0944 0.0988
0.000 1.000 18 0.1564 0.1418 0.1366 0.126 0.1162 0.118 0.1128 0.0964 0.0936 0.1035 0.1061 0.0822 0.0712 0.0775 0.0951 0.1065 0.0763 0.0552 0.0536 0.07 0.0936 0.1125 0.0792 0.0489 0.0335 0.0461 0.0712 0.0981 0.1221 0.089 0.0545 0.0237 0.0231 0.0504 0.0796 0.1072 0.1027 0.0686 0.0337 0.0 0.0322 0.0633 0.0931 0.0861 0.0533 0.0234 0.023 0.0508 0.081 0.0745 0.047 0.0329 0.0461 0.0725 0.0698 0.0521 0.052 0.0697 0.0728 0.0656 0.0735 0.0819 0.0826 0.0945
2.000 1.000 24 0.1547 0.1485 0.1323 0.14 0.119 0.1088 0.1338 0.1072 0.091 0.088 0.1323 0.1011 0.0777 0.0672 0.0732 0.1362 0.1021 0.0722 0.0521 0.0508 0.0664 0.1443 0.1094 0.0753 0.0462 0.0318 0.044 0.0677 0.1547 0.1211 0.0857 0.0517 0.0225 0.0221 0.0484 0.0754 0.1351 0.1008 0.0658 0.0322 0.0 0.0311 0.0608 0.1178 0.0843 0.0514 0.0227 0.0225 0.0495 0.1041 0.0733 0.046 0.0324 0.0454 0.0953 0.0694 0.0518 0.0517 0.0919 0.0731 0.0658 0.0939 0.0827 0.0994
4.000 1.000 30 0.162 0.1624 0.1379 0.1607 0.132 0.111 0.1592 0.1272 0.1013 0.0854 0.1606 0.1261 0.0959 0.0736 0.0634 0.1661 0.1302 0.0967 0.0685 0.0495 0.0479 0.1751 0.1394 0.1041 0.0715 0.0441 0.0303 0.0414 0.186 0.1519 0.1162 0.0816 0.0495 0.0217 0.0211 0.0449 0.1662 0.1318 0.0968 0.0633 0.0311 0.0 0.0295 0.1487 0.1151 0.0818 0.0502 0.0221 0.0216 0.1343 0.1025 0.0721 0.0454 0.0315 0.1236 0.0949 0.0691 0.0511 0.1168 0.0923 0.0728 0.1136 0.0943 0.1133
6.000 1.000 36 0.1739 0.1809 0.1491 0.1844 0.1505 0.1218 0.1862 0.1509 0.1194 0.094 0.1891 0.1528 0.1193 0.0902 0.0683 0.1952 0.1585 0.1235 0.0916 0.0645 0.0458 0.2046 0.1685 0.1325 0.0987 0.0678 0.0414 0.0276 0.2158 0.1816 0.1456 0.1107 0.0779 0.047 0.0201 0.0188 0.1962 0.1616 0.1266 0.0931 0.0608 0.0295 0.0 0.1787 0.145 0.1116 0.0794 0.0481 0.0206 0.164 0.1319 0.1004 0.0701 0.0429 0.1525 0.1225 0.0933 0.0663 0.1435 0.1159 0.0899 0.1364 0.1116 0.1305
-5.000 2.000 30 0.2058 0.1818 0.1995 0.1521 0.1701 0.1913 0.1216 0.1385 0.1605 0.1845 0.0938 0.1081 0.1299 0.1549 0.1806 0.0702 0.0803 0.1014 0.1271 0.154 0.1808 0.0528 0.0549 0.0745 0.1015 0.1297 0.1579 0.1853 0.0444 0.0333 0.0485 0.0769 0.1072 0.1369 0.1661 0.1937 0.0223 0.0234 0.0535 0.0861 0.1178 0.1487 0.1787 0.0 0.0329 0.0668 0.1 0.1324 0.1642 0.0222 0.0515 0.0841 0.1169 0.1498 0.0441 0.0719 0.1032 0.1357 0.0654 0.0926 0.1229 0.0859 0.1122 0.1044
-3.000 2.000 24 0.1886 0.1666 0.1757 0.1411 0.1491 0.1632 0.1157 0.1207 0.1344 0.1535 0.095 0.0944 0.1058 0.1251 0.1479 0.0805 0.0722 0.0797 0.0982 0.1219 0.1472 0.0736 0.0558 0.0556 0.0731 0.0978 0.1246 0.1515 0.074 0.0486 0.0347 0.0486 0.0751 0.1037 0.1326 0.16 0.0523 0.024 0.0241 0.0533 0.0843 0.1151 0.145 0.0329 0.0 0.0336 0.0665 0.0988 0.1306 0.0231 0.0234 0.0525 0.0844 0.1169 0.0323 0.0463 0.0737 0.1047 0.0503 0.0686 0.0952 0.0698 0.0898 0.0886
-1.000 2.000 18 0.1755 0.1588 0.1576 0.1387 0.1351 0.1406 0.1207 0.1117 0.1148 0.1267 0.1078 0.0927 0.0902 0.1002 0.1183 0.102 0.0798 0.0695 0.0757 0.0931 0.1158 0.1023 0.0746 0.0546 0.0532 0.0695 0.0933 0.119 0.1071 0.0773 0.0486 0.0337 0.0465 0.0719 0.0999 0.1269 0.0859 0.0539 0.0239 0.0234 0.0514 0.0818 0.1116 0.0668 0.0336 0.0 0.0329 0.0652 0.097 0.0522 0.0235 0.0234 0.0521 0.0838 0.0462 0.0329 0.0466 0.0739 0.051 0.0515 0.0695 0.0635 0.0716 0.0785
1.000 2.000 18 0.1702 0.1589 0.1489 0.1458 0.1315 0.1269 0.1346 0.1151 0.1056 0.1082 0.1286 0.1033 0.0878 0.0853 0.0949 0.1282 0.0987 0.0759 0.0657 0.0719 0.0887 0.1327 0.1008 0.0717 0.0518 0.0506 0.0666 0.0893 0.1398 0.1083 0.0755 0.0466 0.0322 0.0448 0.0696 0.0955 0.1189 0.0859 0.0525 0.023 0.0227 0.0502 0.0794 0.1 0.0665 0.0329 0.0 0.0324 0.0641 0.0841 0.0522 0.0233 0.0232 0.0517 0.073 0.0465 0.033 0.0468 0.0686 0.0518 0.0521 0.0713 0.0647 0.0793
3.000 2.000 24 0.173 0.168 0.1487 0.1611 0.138 0.1235 0.1553 0.1282 0.1092 0.0999 0.1534 0.1228 0.098 0.0835 0.0811 0.1563 0.1232 0.0938 0.0722 0.0628 0.0686 0.163 0.1292 0.0963 0.0683 0.0497 0.0486 0.0634 0.1717 0.1392 0.105 0.0724 0.0448 0.0311 0.0432 0.0656 0.1511 0.1176 0.0834 0.0508 0.0225 0.0221 0.0481 0.1324 0.0988 0.0652 0.0324 0.0 0.0315 0.1161 0.0837 0.0519 0.0232 0.0229 0.1033 0.0735 0.0467 0.033 0.0948 0.0696 0.0521 0.0909 0.0723 0.0911
5.000 2.000 30 0.1808 0.183 0.1564 0.1812 0.1523 0.1292 0.1791 0.148 0.1215 0.1026 0.1802 0.1466 0.1168 0.0932 0.0786 0.1849 0.15 0.1174 0.0894 0.0688 0.059 0.1931 0.1581 0.1236 0.0921 0.0655 0.0473 0.0452 0.2029 0.1697 0.1347 0.1009 0.0698 0.0432 0.0295 0.0393 0.1826 0.1487 0.1142 0.081 0.0495 0.0216 0.0206 0.1642 0.1306 0.097 0.0641 0.0315 0.0 0.148 0.1155 0.083 0.0511 0.0223 0.1344 0.1035 0.0732 0.0456 0.1237 0.0953 0.0687 0.1153 0.0904 0.1091
-4.000 3.000 24 0.2109 0.1884 0.1991 0.1609 0.172 0.1872 0.1333 0.1425 0.158 0.1769 0.1087 0.115 0.1292 0.1486 0.1705 0.0888 0.0902 0.1024 0.1218 0.1445 0.1688 0.0745 0.0687 0.0773 0.0966 0.1204 0.1461 0.1722 0.0667 0.0524 0.0537 0.0719 0.0974 0.1248 0.1529 0.1801 0.0445 0.0329 0.0473 0.0745 0.1041 0.1343 0.164 0.0222 0.0231 0.0522 0.0841 0.1161 0.148 0.0 0.0323 0.0653 0.0984 0.1316 0.0219 0.0503 0.0824 0.1154 0.0431 0.0701 0.1007 0.0634 0.0893 0.0819
-2.000 3.000 18 0.1962 0.1776 0.1804 0.1547 0.1561 0.1639 0.133 0.1307 0.1371 0.1505 0.1155 0.108 0.1116 0.1237 0.1418 0.1033 0.0902 0.0886 0.0986 0.1167 0.1387 0.097 0.0778 0.0689 0.0754 0.0931 0.1162 0.1411 0.0959 0.072 0.054 0.0533 0.0701 0.0946 0.1217 0.1483 0.0732 0.0475 0.0336 0.047 0.0733 0.1025 0.1319 0.0515 0.0234 0.0235 0.0522 0.0837 0.1155 0.0323 0.0 0.0329 0.0659 0.0991 0.0225 0.0229 0.0517 0.0839 0.0314 0.0451 0.0722 0.0486 0.0662 0.0664
0.000 3.000 12 0.1884 0.1737 0.1676 0.1567 0.1476 0.1473 0.141 0.1279 0.1243 0.1298 0.1303 0.1121 0.103 0.1061 0.1178 0.125 0.1016 0.0867 0.0844 0.0942 0.112 0.1246 0.0977 0.0759 0.066 0.0723 0.0898 0.1122 0.1275 0.0994 0.0719 0.0525 0.0515 0.0681 0.0923 0.1176 0.1051 0.0752 0.0471 0.0329 0.046 0.0721 0.1004 0.0841 0.0525 0.0234 0.0233 0.0519 0.083 0.0653 0.0329 0.0 0.033 0.0661 0.0511 0.0231 0.0233 0.0523 0.0451 0.0324 0.0461 0.0494 0.05 0.0605
2.000 3.000 18 0.1861 0.1777 0.1634 0.1664 0.149 0.1395 0.1566 0.1347 0.1216 0.1181 0.151 0.1251 0.1069 0.0983 0.1015 0.1504 0.1213 0.0971 0.0829 0.0811 0.0907 0.1538 0.123 0.0943 0.0728 0.0636 0.0701 0.0866 0.1594 0.129 0.0975 0.0696 0.0509 0.0503 0.0664 0.0884 0.1374 0.1058 0.0739 0.0461 0.0324 0.0454 0.0701 0.1169 0.0844 0.0521 0.0232 0.0232 0.0511 0.0984 0.0659 0.033 0.0 0.033 0.0829 0.052 0.0234 0.0234 0.0719 0.0461 0.0329 0.0669 0.0504 0.068
4.000 3.000 24 0.1915 0.1885 0.167 0.1824 0.1583 0.1408 0.1769 0.1499 0.1285 0.1156 0.175 0.1451 0.1197 0.1023 0.0938 0.1778 0.1455 0.1163 0.0933 0.0797 0.0773 0.1837 0.1507 0.1187 0.0908 0.0704 0.0614 0.0663 0.1912 0.1595 0.1261 0.0946 0.0677 0.0496 0.0483 0.0616 0.1697 0.1372 0.1039 0.0725 0.0454 0.0315 0.0429 0.1498 0.1169 0.0838 0.0517 0.0229 0.0223 0.1316 0.0991 0.0661 0.033 0.0 0.1156 0.0841 0.0523 0.0232 0.1023 0.073 0.046 0.0924 0.0672 0.0859
-3.000 4.000 18 0.2182 0.1973 0.2027 0.1725 0.1774 0.187 0.1476 0.1507 0.1597 0.1736 0.1263 0.1259 0.1331 0.1469 0.1648 0.1091 0.1044 0.1089 0.1216 0.1398 0.1613 0.0965 0.0867 0.0868 0.0978 0.1162 0.1387 0.1631 0.0888 0.0735 0.067 0.0747 0.0932 0.117 0.1434 0.1695 0.0665 0.0515 0.0523 0.0698 0.0953 0.1236 0.1525 0.0441 0.0323 0.0462 0.073 0.1033 0.1344 0.0219 0.0225 0.0511 0.0829 0.1156 0.0 0.0314 0.0638 0.0969 0.0212 0.0487 0.0799 0.0414 0.0668 0.0596
-1.000 4.000 12 0.2073 0.1908 0.1881 0.1707 0.1665 0.169 0.1517 0.1438 0.1448 0.1526 0.1363 0.1247 0.1217 0.1278 0.1411 0.1259 0.11 0.1021 0.1052 0.1173 0.1355 0.1199 0.0999 0.0864 0.0847 0.0949 0.1133 0.1355 0.1175 0.0949 0.0753 0.0666 0.0733 0.0916 0.1154 0.1402 0.0946 0.0703 0.0525 0.0521 0.0694 0.0949 0.1225 0.0719 0.0463 0.0329 0.0465 0.0735 0.1035 0.0503 0.0229 0.0231 0.052 0.0841 0.0314 0.0 0.0324 0.0653 0.0218 0.0222 0.0503 0.03 0.0431 0.0455
1.000 4.000 12 0.2026 0.1907 0.1808 0.1758 0.1633 0.1582 0.1623 0.1462 0.1375 0.1385 0.1528 0.1323 0.1198 0.1169 0.1231 0.148 0.124 0.1063 0.0982 0.1019 0.1139 0.1469 0.1207 0.0978 0.0837 0.0823 0.0929 0.1104 0.1482 0.1216 0.0949 0.0739 0.0652 0.0722 0.0903 0.1119 0.1254 0.0971 0.0703 0.052 0.0518 0.0691 0.0933 0.1032 0.0737 0.0466 0.033 0.0467 0.0732 0.0824 0.0517 0.0233 0.0234 0.0523 0.0638 0.0324 0.0 0.0329 0.0496 0.0225 0.0227 0.0431 0.0309 0.0461
3.000 4.000 18 0.2047 0.1977 0.1806 0.1881 0.1682 0.1555 0.1787 0.1561 0.1403 0.1318 0.1737 0.1478 0.1272 0.1155 0.1127 0.1731 0.1446 0.1197 0.1028 0.0953 0.0983 0.1758 0.146 0.1176 0.0949 0.0817 0.0803 0.0892 0.1799 0.1508 0.1204 0.0929 0.0725 0.0642 0.0703 0.0853 0.1574 0.127 0.0965 0.0697 0.0517 0.0511 0.0663 0.1357 0.1047 0.0739 0.0468 0.033 0.0456 0.1154 0.0839 0.0523 0.0234 0.0232 0.0969 0.0653 0.0329 0.0 0.0809 0.0507 0.0227 0.0687 0.0436 0.0619
-2.000 5.000 12 0.2267 0.2086 0.2091 0.186 0.1859 0.1907 0.164 0.1615 0.1653 0.1749 0.1451 0.1395 0.1412 0.1496 0.1636 0.1298 0.1212 0.1196 0.1262 0.1398 0.1581 0.1183 0.1061 0.1006 0.1044 0.1171 0.1359 0.1581 0.1102 0.0949 0.0843 0.084 0.0951 0.1141 0.1376 0.1617 0.0879 0.072 0.0653 0.0728 0.0919 0.1168 0.1435 0.0654 0.0503 0.051 0.0686 0.0948 0.1237 0.0431 0.0314 0.0451 0.0719 0.1023 0.0212 0.0218 0.0496 0.0809 0.0 0.03 0.0611 0.0201 0.0457 0.0382
0.000 5.000 6 0.2206 0.2058 0.1993 0.1881 0.1796 0.178 0.1709 0.1598 0.1559 0.1592 0.1576 0.1431 0.1354 0.1368 0.1454 0.1482 0.1304 0.1188 0.1163 0.1232 0.1369 0.1422 0.122 0.1059 0.0987 0.1025 0.1156 0.1338 0.1386 0.1172 0.097 0.0841 0.0832 0.0946 0.1135 0.1348 0.1156 0.0926 0.0734 0.0656 0.0731 0.0923 0.1159 0.0926 0.0686 0.0515 0.0518 0.0696 0.0953 0.0701 0.0451 0.0324 0.0461 0.073 0.0487 0.0222 0.0225 0.0507 0.03 0.0 0.0309 0.0205 0.0207 0.0274
2.000 5.000 12 0.2191 0.2094 0.1962 0.1963 0.1811 0.1722 0.1841 0.1655 0.1542 0.1505 0.1752 0.1538 0.1386 0.1313 0.133 0.1707 0.1466 0.127 0.1156 0.1138 0.1202 0.1691 0.1436 0.1203 0.1037 0.0971 0.101 0.1125 0.169 0.1438 0.1178 0.0961 0.0833 0.0827 0.0932 0.1088 0.1458 0.1191 0.0933 0.0735 0.0658 0.0728 0.0899 0.1229 0.0952 0.0695 0.0521 0.0521 0.0687 0.1007 0.0722 0.0461 0.0329 0.046 0.0799 0.0503 0.0227 0.0227 0.0611 0.0309 0.0 0.0463 0.0208 0.0389
-1.000 6.000 6 0.2379 0.2215 0.2177 0.201 0.1967 0.1975 0.1812 0.1745 0.1742 0.1797 0.164 0.1551 0.1521 0.1561 0.1664 0.1503 0.139 0.133 0.1346 0.1438 0.1586 0.1394 0.1259 0.1166 0.1151 0.1225 0.1369 0.1557 0.1307 0.1157 0.1028 0.0975 0.1018 0.1156 0.1349 0.1562 0.1084 0.0924 0.0818 0.0819 0.0939 0.1136 0.1364 0.0859 0.0698 0.0635 0.0713 0.0909 0.1153 0.0634 0.0486 0.0494 0.0669 0.0924 0.0414 0.03 0.0431 0.0687 0.0201 0.0205 0.0463 0.0 0.0274 0.018
1.000 6.000 6 0.2347 0.2221 0.2127 0.206 0.1949 0.1897 0.1907 0.1771 0.1694 0.1692 0.1785 0.1619 0.1514 0.1485 0.1529 0.1697 0.1509 0.1368 0.1304 0.1325 0.1415 0.1636 0.1434 0.1259 0.1153 0.114 0.1216 0.1345 0.1589 0.1385 0.1183 0.103 0.0974 0.1018 0.1149 0.1307 0.1355 0.1138 0.0944 0.0826 0.0827 0.0943 0.1116 0.1122 0.0898 0.0716 0.0647 0.0723 0.0904 0.0893 0.0662 0.05 0.0504 0.0672 0.0668 0.0431 0.0309 0.0436 0.0457 0.0207 0.0208 0.0274 0.0 0.018
0.000 7.000 0 0.25 0.2348 0.2282 0.2163 0.2087 0.2062 0.198 0.1886 0.1847 0.1867 0.1824 0.171 0.1646 0.1649 0.1714 0.1696 0.1565 0.1475 0.1452 0.1503 0.1607 0.159 0.1447 0.133 0.128 0.1303 0.1403 0.1546 0.1497 0.135 0.1212 0.1123 0.1118 0.1202 0.1342 0.1505 0.127 0.1115 0.0988 0.0945 0.0994 0.1133 0.1305 0.1044 0.0886 0.0785 0.0793 0.0911 0.1091 0.0819 0.0664 0.0605 0.068 0.0859 0.0596 0.0455 0.0461 0.0619 0.0382 0.0274 0.0389 0.018 0.018 0.0