n 64
m 2
tmax 27.5
Vcpm 1.2
R 0.8
dmax 44.0
0.000 -7.000 0 0.0 0.0351 0.0367 0.0721 0.0543 0.0792 0.1028 0.0811 0.0852 0.1174 0.1267 0.1033 0.098 0.1129 0.1481 0.1455 0.1224 0.1102 0.115 0.1374 0.1707 0.1639 0.1403 0.1245 0.1223 0.1346 0.1599 0.193 0.1821 0.16 0.1413 0.1338 0.1394 0.1573 0.1849 0.2175 0.1801 0.1606 0.1491 0.1487 0.1617 0.1836 0.2122 0.1816 0.1663 0.1623 0.1699 0.1875 0.2135 0.1861 0.1782 0.1808 0.1961 0.2183 0.1949 0.1947 0.2056 0.2254 0.2094 0.216 0.2346 0.2277 0.2426 0.25
-1.000 -6.000 6 0.0351 0.0 0.0543 0.0356 0.0374 0.0875 0.0652 0.0484 0.0712 0.1173 0.0877 0.0669 0.0696 0.0974 0.1398 0.1064 0.0847 0.0768 0.0897 0.1189 0.1577 0.1249 0.1022 0.0895 0.0917 0.1096 0.1403 0.1774 0.1436 0.1221 0.1061 0.1001 0.111 0.1328 0.1647 0.1999 0.1429 0.124 0.1147 0.1177 0.1329 0.1597 0.1912 0.1451 0.1324 0.1285 0.1401 0.1605 0.1885 0.1507 0.1442 0.1492 0.1653 0.1918 0.1616 0.1607 0.1744 0.1963 0.1753 0.1834 0.2021 0.1932 0.2098 0.2161
1.000 -6.000 6 0.0367 0.0543 0.0 0.0834 0.0393 0.0411 0.1076 0.0714 0.0534 0.0778 0.1253 0.0939 0.0733 0.0767 0.1059 0.1408 0.1112 0.0906 0.0843 0.0987 0.1286 0.1573 0.1288 0.1065 0.0966 0.1012 0.1204 0.1508 0.1739 0.1482 0.1248 0.1122 0.1096 0.1229 0.1453 0.1755 0.1674 0.1449 0.1283 0.1239 0.1304 0.147 0.1732 0.1648 0.1478 0.1405 0.1415 0.1561 0.1766 0.1685 0.1568 0.1571 0.1667 0.1842 0.1758 0.1733 0.1789 0.1962 0.1884 0.1934 0.2072 0.2071 0.2177 0.2285
-2.000 -5.000 12 0.0721 0.0356 0.0834 0.0 0.0484 0.1018 0.0291 0.03 0.07 0.1183 0.0516 0.0367 0.0535 0.0885 0.1309 0.0711 0.0523 0.0525 0.0731 0.1051 0.1439 0.0895 0.0704 0.0611 0.0702 0.0922 0.1244 0.1615 0.1085 0.0892 0.0765 0.0761 0.0893 0.115 0.148 0.1842 0.1101 0.0952 0.0876 0.0951 0.1131 0.1418 0.1745 0.1147 0.1045 0.1047 0.1168 0.1409 0.1708 0.1235 0.1178 0.1259 0.144 0.1709 0.1346 0.1366 0.15 0.1749 0.1493 0.1591 0.1792 0.1685 0.1843 0.1906
0.000 -5.000 6 0.0543 0.0374 0.0393 0.0484 0.0 0.0534 0.0674 0.0313 0.0329 0.077 0.0839 0.0538 0.0394 0.0588 0.097 0.099 0.0721 0.0543 0.0567 0.0805 0.1149 0.1162 0.0894 0.0709 0.0641 0.0766 0.1017 0.1354 0.1345 0.1094 0.0879 0.0782 0.0816 0.0984 0.1266 0.1596 0.1304 0.1083 0.0953 0.092 0.1041 0.1252 0.1548 0.13 0.1131 0.1076 0.1133 0.1295 0.1556 0.1338 0.1249 0.1254 0.1393 0.1605 0.1422 0.1407 0.1498 0.1681 0.1566 0.1614 0.1783 0.1743 0.1873 0.1959
2.000 -5.000 12 0.0792 0.0875 0.0411 0.1018 0.0534 0.0 0.1138 0.0737 0.0345 0.0357 0.1236 0.0895 0.0589 0.0433 0.0634 0.1341 0.1029 0.0773 0.0596 0.0622 0.0864 0.1485 0.1187 0.0934 0.0769 0.0708 0.0838 0.1085 0.1652 0.1372 0.112 0.0937 0.0861 0.0904 0.107 0.1337 0.156 0.1322 0.1132 0.104 0.1024 0.115 0.1348 0.1523 0.1337 0.1217 0.1196 0.1265 0.1419 0.1535 0.1416 0.138 0.141 0.155 0.1615 0.1553 0.1585 0.169 0.1735 0.1755 0.1837 0.1903 0.1988 0.2118
-3.000 -4.000 18 0.1028 0.0652 0.1076 0.0291 0.0674 0.1138 0.0 0.0367 0.0758 0.119 0.023 0.0229 0.0517 0.0863 0.125 0.0431 0.0298 0.0419 0.0676 0.0996 0.1358 0.0626 0.0461 0.0449 0.0605 0.0854 0.1174 0.1531 0.0816 0.0654 0.0565 0.0627 0.0804 0.1078 0.141 0.1767 0.0853 0.0737 0.0719 0.0824 0.1044 0.1345 0.1692 0.0931 0.086 0.0906 0.1061 0.1322 0.1642 0.1037 0.1023 0.112 0.1334 0.1628 0.117 0.1218 0.1376 0.1635 0.1335 0.1441 0.1665 0.1528 0.1699 0.1745
-1.000 -4.000 12 0.0811 0.0484 0.0714 0.03 0.0313 0.0737 0.0367 0.0 0.0394 0.0828 0.0515 0.023 0.0237 0.0556 0.094 0.068 0.0421 0.0296 0.0438 0.0731 0.1084 0.0856 0.0612 0.0446 0.0454 0.0644 0.0931 0.1275 0.1046 0.0811 0.0627 0.0556 0.0653 0.0871 0.1178 0.1518 0.1025 0.0823 0.0714 0.0733 0.0882 0.1143 0.1463 0.104 0.0899 0.0858 0.0956 0.1159 0.1451 0.1095 0.102 0.1061 0.1216 0.1473 0.1198 0.1191 0.1308 0.1523 0.134 0.1411 0.1589 0.1523 0.1667 0.1742
1.000 -4.000 12 0.0852 0.0712 0.0534 0.07 0.0329 0.0345 0.0758 0.0394 0.0 0.0433 0.0847 0.0534 0.0248 0.0261 0.0609 0.0972 0.0682 0.0439 0.0322 0.0484 0.0798 0.1124 0.0845 0.062 0.0474 0.05 0.0712 0.1011 0.1304 0.1039 0.0804 0.0653 0.0605 0.0725 0.096 0.1264 0.1248 0.1011 0.0837 0.0766 0.0813 0.0981 0.1247 0.1229 0.1042 0.0948 0.0946 0.1071 0.1283 0.1255 0.1134 0.1113 0.1191 0.1363 0.1331 0.1287 0.1333 0.1482 0.1457 0.1487 0.1606 0.1633 0.173 0.1844
3.000 -4.000 18 0.1174 0.1173 0.0778 0.1183 0.077 0.0357 0.119 0.0828 0.0433 0.0 0.1222 0.0903 0.0584 0.0272 0.028 0.1308 0.1008 0.0734 0.0484 0.0352 0.0516 0.1438 0.1148 0.0891 0.0678 0.0525 0.0545 0.0754 0.1606 0.1329 0.1075 0.0868 0.0724 0.067 0.0785 0.1005 0.1532 0.1279 0.1074 0.0925 0.0856 0.0894 0.1049 0.1487 0.1287 0.114 0.1063 0.1056 0.1166 0.1497 0.1355 0.1269 0.1256 0.1322 0.1559 0.1478 0.1462 0.1504 0.1676 0.1654 0.1698 0.1833 0.1876 0.203
-4.000 -3.000 24 0.1267 0.0877 0.1253 0.0516 0.0839 0.1236 0.023 0.0515 0.0847 0.1222 0.0 0.0298 0.059 0.0905 0.1255 0.0205 0.0203 0.0443 0.0716 0.1024 0.1367 0.0404 0.0285 0.0394 0.0615 0.0889 0.1209 0.1558 0.0598 0.0457 0.0448 0.0589 0.0814 0.1106 0.1446 0.1807 0.0651 0.058 0.0635 0.0799 0.1052 0.1373 0.1735 0.0754 0.0742 0.0838 0.1039 0.1329 0.1681 0.089 0.0926 0.1067 0.1313 0.1637 0.105 0.1133 0.1326 0.1615 0.1229 0.1365 0.1609 0.1429 0.1622 0.1647
-2.000 -3.000 18 0.1033 0.0669 0.0939 0.0367 0.0538 0.0895 0.0229 0.023 0.0534 0.0903 0.0298 0.0 0.0296 0.0615 0.0967 0.0454 0.0197 0.0195 0.0447 0.0755 0.1098 0.0637 0.0394 0.027 0.0386 0.0637 0.095 0.1295 0.0831 0.0602 0.0435 0.0431 0.0598 0.0863 0.1192 0.1546 0.0816 0.0633 0.0554 0.0632 0.0837 0.1135 0.1481 0.0844 0.0724 0.0728 0.0865 0.1117 0.1444 0.0917 0.0866 0.0943 0.1139 0.1434 0.1032 0.1052 0.1194 0.1448 0.1186 0.1276 0.1483 0.1373 0.1532 0.1589
0.000 -3.000 12 0.098 0.0696 0.0733 0.0535 0.0394 0.0589 0.0517 0.0237 0.0248 0.0584 0.059 0.0296 0.0 0.0322 0.0675 0.0721 0.0439 0.0199 0.0207 0.049 0.0827 0.0888 0.0615 0.0386 0.028 0.0419 0.0702 0.1035 0.1073 0.0811 0.0583 0.044 0.0461 0.0659 0.0953 0.1289 0.1024 0.079 0.0628 0.0582 0.0694 0.093 0.1244 0.101 0.0829 0.0747 0.079 0.0964 0.124 0.104 0.093 0.0928 0.1049 0.1277 0.1122 0.1087 0.1163 0.1348 0.1252 0.1294 0.1442 0.1427 0.1541 0.1641
2.000 -3.000 18 0.1129 0.0974 0.0767 0.0885 0.0588 0.0433 0.0863 0.0556 0.0261 0.0272 0.0905 0.0615 0.0322 0.0 0.0352 0.1012 0.0729 0.0465 0.0218 0.023 0.0534 0.1168 0.0887 0.0635 0.0419 0.0311 0.0464 0.0759 0.1345 0.1074 0.0823 0.0621 0.0488 0.0515 0.0724 0.1017 0.1282 0.1031 0.0827 0.069 0.0653 0.0773 0.1011 0.125 0.1042 0.0899 0.0838 0.089 0.1066 0.126 0.1111 0.1038 0.1053 0.1178 0.132 0.1238 0.1236 0.1325 0.1431 0.1418 0.1487 0.159 0.1645 0.1785
4.000 -3.000 24 0.1481 0.1398 0.1059 0.1309 0.097 0.0634 0.125 0.094 0.0609 0.028 0.1255 0.0967 0.0675 0.0352 0.0 0.134 0.1057 0.0791 0.0514 0.0238 0.0244 0.1486 0.1204 0.0946 0.07 0.0463 0.0337 0.0488 0.166 0.1385 0.1129 0.0901 0.0691 0.0537 0.0553 0.075 0.1592 0.1335 0.1114 0.0922 0.077 0.0713 0.0817 0.1555 0.1334 0.1155 0.1011 0.093 0.0961 0.1555 0.1383 0.1253 0.1169 0.1158 0.1604 0.1483 0.1408 0.1386 0.17 0.1634 0.1615 0.1835 0.1829 0.201
-5.000 -2.000 30 0.1455 0.1064 0.1408 0.0711 0.099 0.1341 0.0431 0.068 0.0972 0.1308 0.0205 0.0454 0.0721 0.1012 0.134 0.0 0.0285 0.0555 0.0826 0.1129 0.1465 0.02 0.0204 0.0446 0.0706 0.0992 0.1318 0.1672 0.0393 0.0291 0.0409 0.0633 0.0898 0.1211 0.1565 0.1937 0.0461 0.0467 0.0616 0.084 0.1127 0.1471 0.1853 0.0598 0.0664 0.0831 0.1078 0.1399 0.1778 0.0769 0.0872 0.1065 0.1349 0.1709 0.0955 0.1091 0.1324 0.1646 0.1152 0.1328 0.1604 0.136 0.1582 0.1579
-3.000 -2.000 24 0.1224 0.0847 0.1112 0.0523 0.0721 0.1029 0.0298 0.0421 0.0682 0.1008 0.0203 0.0197 0.0439 0.0729 0.1057 0.0285 0.0 0.027 0.0545 0.0851 0.119 0.0453 0.0199 0.0193 0.043 0.0715 0.1042 0.1397 0.0641 0.0409 0.0281 0.0391 0.0631 0.0937 0.1288 0.1657 0.0623 0.0458 0.0449 0.0607 0.0867 0.1201 0.1575 0.0663 0.0582 0.0649 0.0847 0.1145 0.1509 0.0757 0.0751 0.0877 0.1123 0.146 0.0894 0.0953 0.1137 0.1432 0.1061 0.1184 0.1426 0.1256 0.1441 0.1476
-1.000 -2.000 18 0.1102 0.0768 0.0906 0.0525 0.0543 0.0773 0.0419 0.0296 0.0439 0.0734 0.0443 0.0195 0.0199 0.0465 0.0791 0.0555 0.027 0.0 0.028 0.0589 0.0929 0.0716 0.0434 0.0191 0.0195 0.0458 0.0782 0.1134 0.0898 0.063 0.039 0.0278 0.041 0.0688 0.1028 0.1391 0.0841 0.0602 0.0447 0.0462 0.0656 0.0959 0.1316 0.0822 0.0644 0.0589 0.0694 0.0937 0.1269 0.0854 0.0756 0.079 0.0965 0.1255 0.094 0.0925 0.1038 0.1275 0.1076 0.1139 0.1324 0.1257 0.139 0.1467
1.000 -2.000 18 0.115 0.0897 0.0843 0.0731 0.0567 0.0596 0.0676 0.0438 0.0322 0.0484 0.0716 0.0447 0.0207 0.0218 0.0514 0.0826 0.0545 0.028 0.0 0.0311 0.065 0.0985 0.07 0.0438 0.0204 0.0216 0.051 0.0855 0.1166 0.0889 0.0627 0.0409 0.0305 0.0459 0.0763 0.111 0.1094 0.0833 0.0619 0.0485 0.0517 0.0736 0.1054 0.1052 0.0834 0.0689 0.0657 0.0784 0.1046 0.1053 0.0898 0.0835 0.0897 0.1093 0.1106 0.1024 0.1047 0.1187 0.1214 0.121 0.131 0.1368 0.1444 0.1567
3.000 -2.000 24 0.1374 0.1189 0.0987 0.1051 0.0805 0.0622 0.0996 0.0731 0.0484 0.0352 0.1024 0.0755 0.049 0.023 0.0238 0.1129 0.0851 0.0589 0.0311 0.0 0.0337 0.1288 0.1004 0.0742 0.0484 0.0228 0.0238 0.0548 0.147 0.1193 0.0927 0.0684 0.0458 0.0341 0.0501 0.0806 0.1396 0.1131 0.0897 0.0691 0.0547 0.0573 0.0792 0.1349 0.1116 0.0925 0.078 0.0739 0.086 0.1338 0.1153 0.1017 0.0951 0.1002 0.1373 0.1245 0.1174 0.1191 0.1457 0.1393 0.1394 0.1589 0.1587 0.1763
5.000 -2.000 30 0.1707 0.1577 0.1286 0.1439 0.1149 0.0864 0.1358 0.1084 0.0798 0.0516 0.1367 0.1098 0.0827 0.0534 0.0244 0.1465 0.119 0.0929 0.065 0.0337 0.0 0.1625 0.1344 0.1082 0.0819 0.0532 0.0245 0.0248 0.1812 0.1535 0.1269 0.1019 0.076 0.0501 0.0361 0.0513 0.1743 0.1477 0.1236 0.1001 0.0766 0.0591 0.0598 0.1698 0.1459 0.1244 0.1036 0.0858 0.0786 0.1685 0.1483 0.13 0.1137 0.1033 0.1714 0.1549 0.141 0.1304 0.1782 0.1661 0.1574 0.189 0.1817 0.2025
-6.000 -1.000 36 0.1639 0.1249 0.1573 0.0895 0.1162 0.1485 0.0626 0.0856 0.1124 0.1438 0.0404 0.0637 0.0888 0.1168 0.1486 0.02 0.0453 0.0716 0.0985 0.1288 0.1625 0.0 0.0291 0.0575 0.0848 0.1142 0.1476 0.1841 0.0193 0.0206 0.0465 0.0738 0.1026 0.1355 0.1724 0.2112 0.0289 0.0422 0.0663 0.0934 0.1249 0.1614 0.2014 0.0474 0.064 0.0874 0.116 0.1508 0.191 0.0679 0.0859 0.1104 0.1421 0.1809 0.0889 0.1082 0.1355 0.1713 0.1098 0.1318 0.1627 0.1311 0.1566 0.1531
-4.000 -1.000 30 0.1403 0.1022 0.1288 0.0704 0.0894 0.1187 0.0461 0.0612 0.0845 0.1148 0.0285 0.0394 0.0615 0.0887 0.1204 0.0204 0.0199 0.0434 0.07 0.1004 0.1344 0.0291 0.0 0.0281 0.0555 0.0852 0.1189 0.1555 0.0458 0.0209 0.0205 0.0449 0.0734 0.1063 0.1432 0.182 0.0423 0.0298 0.0413 0.0654 0.096 0.1322 0.1719 0.0479 0.0472 0.063 0.0887 0.1224 0.1619 0.0608 0.0673 0.0864 0.1157 0.1531 0.0773 0.089 0.1124 0.1458 0.0961 0.1128 0.1408 0.1167 0.1384 0.1387
-2.000 -1.000 24 0.1245 0.0895 0.1065 0.0611 0.0709 0.0934 0.0449 0.0446 0.062 0.0891 0.0394 0.027 0.0386 0.0635 0.0946 0.0446 0.0193 0.0191 0.0438 0.0742 0.1082 0.0575 0.0281 0.0 0.0278 0.058 0.092 0.1288 0.0741 0.0458 0.02 0.02 0.0462 0.0789 0.1158 0.1544 0.0661 0.0412 0.0289 0.0418 0.0697 0.1049 0.1441 0.0631 0.0466 0.0471 0.0663 0.097 0.1351 0.0668 0.0601 0.0697 0.0938 0.1284 0.0768 0.0789 0.0955 0.1248 0.0919 0.1015 0.1245 0.1105 0.1272 0.1319
0.000 -1.000 18 0.1223 0.0917 0.0966 0.0702 0.0641 0.0769 0.0605 0.0454 0.0474 0.0678 0.0615 0.0386 0.028 0.0419 0.07 0.0706 0.043 0.0195 0.0204 0.0484 0.0819 0.0848 0.0555 0.0278 0.0 0.0305 0.0647 0.1014 0.1017 0.0728 0.0448 0.0206 0.0217 0.0516 0.0878 0.1261 0.0925 0.0649 0.0417 0.0309 0.0465 0.0782 0.1159 0.0863 0.0632 0.0489 0.0521 0.0748 0.109 0.0851 0.0691 0.0656 0.0787 0.1066 0.0898 0.0825 0.0886 0.1094 0.1003 0.102 0.1163 0.1162 0.1259 0.1364
2.000 -1.000 24 0.1346 0.1096 0.1012 0.0922 0.0766 0.0708 0.0854 0.0644 0.05 0.0525 0.0889 0.0637 0.0419 0.0311 0.0463 0.0992 0.0715 0.0458 0.0216 0.0228 0.0532 0.1142 0.0852 0.058 0.0305 0.0 0.0341 0.0705 0.1318 0.103 0.075 0.0485 0.0231 0.0244 0.0571 0.0943 0.1227 0.0947 0.0692 0.0464 0.0349 0.0522 0.0855 0.1156 0.0907 0.0696 0.0555 0.0592 0.0833 0.1126 0.0924 0.0782 0.0751 0.0891 0.1144 0.1007 0.0949 0.1019 0.1217 0.115 0.1185 0.1343 0.1354 0.151
4.000 -1.000 30 0.1599 0.1403 0.1204 0.1244 0.1017 0.0838 0.1174 0.0931 0.0712 0.0545 0.1209 0.095 0.0702 0.0464 0.0337 0.1318 0.1042 0.0782 0.051 0.0238 0.0245 0.1476 0.1189 0.092 0.0647 0.0341 0.0 0.0361 0.1661 0.1374 0.1097 0.083 0.0545 0.0256 0.0264 0.0596 0.1577 0.1297 0.1037 0.0778 0.0521 0.0384 0.0555 0.1509 0.1254 0.1018 0.0789 0.0621 0.0642 0.1474 0.1253 0.1053 0.0887 0.0832 0.1479 0.1301 0.1155 0.1071 0.1528 0.1402 0.132 0.1622 0.1557 0.1758
6.000 -1.000 36 0.193 0.1774 0.1508 0.1615 0.1354 0.1085 0.1531 0.1275 0.1011 0.0754 0.1558 0.1295 0.1035 0.0759 0.0488 0.1672 0.1397 0.1134 0.0855 0.0548 0.0248 0.1841 0.1555 0.1288 0.1014 0.0705 0.0361 0.0 0.2035 0.1749 0.1474 0.1207 0.0915 0.0588 0.0267 0.0265 0.1961 0.1682 0.142 0.115 0.0853 0.0555 0.0394 0.1901 0.1644 0.1397 0.1132 0.0857 0.065 0.1869 0.1638 0.1406 0.1165 0.095 0.1869 0.1665 0.146 0.1264 0.1908 0.1731 0.1566 0.1976 0.1837 0.2076
-7.000 0.000 42 0.1821 0.1436 0.1739 0.1085 0.1345 0.1652 0.0816 0.1046 0.1304 0.1606 0.0598 0.0831 0.1073 0.1345 0.166 0.0393 0.0641 0.0898 0.1166 0.147 0.1812 0.0193 0.0458 0.0741 0.1017 0.1318 0.1661 0.2035 0.0 0.0289 0.0594 0.0883 0.1182 0.152 0.1902 0.2306 0.0201 0.0472 0.0764 0.1059 0.139 0.1771 0.2189 0.0419 0.0676 0.0957 0.1272 0.1641 0.2062 0.064 0.0889 0.1173 0.1516 0.1925 0.086 0.1105 0.1411 0.1793 0.1072 0.1332 0.1671 0.1283 0.1569 0.1496
-5.000 0.000 36 0.16 0.1221 0.1482 0.0892 0.1094 0.1372 0.0654 0.0811 0.1039 0.1329 0.0457 0.0602 0.0811 0.1074 0.1385 0.0291 0.0409 0.063 0.0889 0.1193 0.1535 0.0206 0.0209 0.0458 0.0728 0.103 0.1374 0.1749 0.0289 0.0 0.0298 0.0584 0.0884 0.1225 0.1609 0.2013 0.0212 0.0215 0.0473 0.0763 0.1092 0.1473 0.189 0.0306 0.0431 0.0677 0.0981 0.1346 0.1764 0.0486 0.0648 0.0902 0.1232 0.1634 0.0686 0.0872 0.1152 0.152 0.0892 0.1108 0.1425 0.1104 0.1358 0.1323
-3.000 0.000 30 0.1413 0.1061 0.1248 0.0765 0.0879 0.112 0.0565 0.0627 0.0804 0.1075 0.0448 0.0435 0.0583 0.0823 0.1129 0.0409 0.0281 0.039 0.0627 0.0927 0.1269 0.0465 0.0205 0.02 0.0448 0.075 0.1097 0.1474 0.0594 0.0298 0.0 0.0289 0.0593 0.0938 0.1324 0.1729 0.0478 0.0211 0.0209 0.0473 0.0802 0.1183 0.1599 0.043 0.0301 0.0427 0.0703 0.106 0.1473 0.0481 0.0481 0.0664 0.0967 0.1357 0.061 0.0694 0.0924 0.1267 0.0782 0.0931 0.1209 0.0981 0.1188 0.1201
-1.000 0.000 24 0.1338 0.1001 0.1122 0.0761 0.0782 0.0937 0.0627 0.0556 0.0653 0.0868 0.0589 0.0431 0.044 0.0621 0.0901 0.0633 0.0391 0.0278 0.0409 0.0684 0.1019 0.0738 0.0449 0.02 0.0206 0.0485 0.083 0.1207 0.0883 0.0584 0.0289 0.0 0.0309 0.0657 0.1045 0.1449 0.0761 0.0467 0.0211 0.0219 0.0521 0.0898 0.1312 0.0673 0.0426 0.0311 0.0466 0.079 0.119 0.0644 0.0491 0.0516 0.0744 0.1099 0.0689 0.0645 0.077 0.1053 0.0804 0.0855 0.1059 0.0973 0.1104 0.1176
1.000 0.000 24 0.1394 0.111 0.1096 0.0893 0.0816 0.0861 0.0804 0.0653 0.0605 0.0724 0.0814 0.0598 0.0461 0.0488 0.0691 0.0898 0.0631 0.041 0.0305 0.0458 0.076 0.1026 0.0734 0.0462 0.0217 0.0231 0.0545 0.0915 0.1182 0.0884 0.0593 0.0309 0.0 0.0349 0.0736 0.1138 0.1064 0.0769 0.0491 0.0233 0.0249 0.0591 0.0995 0.0968 0.0698 0.0464 0.0352 0.0532 0.089 0.0911 0.0691 0.0551 0.0594 0.0851 0.0911 0.0765 0.0741 0.0892 0.0974 0.0918 0.0996 0.1094 0.1133 0.1268
3.000 0.000 30 0.1573 0.1328 0.1229 0.115 0.0984 0.0904 0.1078 0.0871 0.0725 0.067 0.1106 0.0863 0.0659 0.0515 0.0537 0.1211 0.0937 0.0688 0.0459 0.0341 0.0501 0.1355 0.1063 0.0789 0.0516 0.0244 0.0256 0.0588 0.152 0.1225 0.0938 0.0657 0.0349 0.0 0.0384 0.0782 0.1413 0.112 0.0842 0.0556 0.0264 0.0278 0.064 0.132 0.1046 0.0784 0.0531 0.0399 0.0588 0.1257 0.1015 0.0792 0.0633 0.0669 0.1237 0.104 0.0886 0.0849 0.1266 0.1131 0.1067 0.1347 0.1282 0.1479
5.000 0.000 36 0.1849 0.1647 0.1453 0.148 0.1266 0.107 0.141 0.1178 0.096 0.0785 0.1446 0.1192 0.0953 0.0724 0.0553 0.1565 0.1288 0.1028 0.0763 0.0501 0.0361 0.1724 0.1432 0.1158 0.0878 0.0571 0.0264 0.0267 0.1902 0.1609 0.1324 0.1045 0.0736 0.0384 0.0 0.0394 0.1806 0.1516 0.1239 0.0947 0.062 0.0287 0.0291 0.1722 0.1448 0.1177 0.0886 0.0588 0.0426 0.1662 0.1411 0.1156 0.0891 0.0692 0.1635 0.1411 0.1187 0.099 0.1644 0.1456 0.1287 0.1692 0.1553 0.1779
7.000 0.000 42 0.2175 0.1999 0.1755 0.1842 0.1596 0.1337 0.1767 0.1518 0.1264 0.1005 0.1807 0.1546 0.1289 0.1017 0.075 0.1937 0.1657 0.1391 0.111 0.0806 0.0513 0.2112 0.182 0.1544 0.1261 0.0943 0.0596 0.0265 0.2306 0.2013 0.1729 0.1449 0.1138 0.0782 0.0394 0.0 0.2222 0.1933 0.1656 0.1362 0.1024 0.0649 0.0289 0.2148 0.1874 0.1599 0.1292 0.0946 0.0604 0.2096 0.184 0.1568 0.126 0.0938 0.2067 0.1827 0.1563 0.1278 0.2064 0.1842 0.1601 0.2094 0.1889 0.2143
-6.000 1.000 36 0.1801 0.1429 0.1674 0.1101 0.1304 0.156 0.0853 0.1025 0.1248 0.1532 0.0651 0.0816 0.1024 0.1282 0.1592 0.0461 0.0623 0.0841 0.1094 0.1396 0.1743 0.0289 0.0423 0.0661 0.0925 0.1227 0.1577 0.1961 0.0201 0.0212 0.0478 0.0761 0.1064 0.1413 0.1806 0.2222 0.0 0.0306 0.0608 0.0912 0.1252 0.1645 0.2077 0.0216 0.0486 0.0782 0.1108 0.1489 0.1923 0.0435 0.0688 0.0987 0.1343 0.1765 0.0651 0.0901 0.1215 0.1606 0.0863 0.1125 0.147 0.1073 0.136 0.1285
-4.000 1.000 30 0.1606 0.124 0.1449 0.0952 0.1083 0.1322 0.0737 0.0823 0.1011 0.1279 0.058 0.0633 0.079 0.1031 0.1335 0.0467 0.0458 0.0602 0.0833 0.1131 0.1477 0.0422 0.0298 0.0412 0.0649 0.0947 0.1297 0.1682 0.0472 0.0215 0.0211 0.0467 0.0769 0.112 0.1516 0.1933 0.0306 0.0 0.0301 0.0607 0.0951 0.1347 0.1781 0.0218 0.0216 0.0483 0.0806 0.1188 0.1623 0.0308 0.0434 0.0702 0.105 0.1469 0.0485 0.0659 0.0946 0.1326 0.0684 0.0895 0.1217 0.0895 0.1145 0.1114
-2.000 1.000 24 0.1491 0.1147 0.1283 0.0876 0.0953 0.1132 0.0719 0.0714 0.0837 0.1074 0.0635 0.0554 0.0628 0.0827 0.1114 0.0616 0.0449 0.0447 0.0619 0.0897 0.1236 0.0663 0.0413 0.0289 0.0417 0.0692 0.1037 0.142 0.0764 0.0473 0.0209 0.0211 0.0491 0.0842 0.1239 0.1656 0.0608 0.0301 0.0 0.0311 0.066 0.1059 0.1494 0.0483 0.0215 0.022 0.0518 0.0897 0.1331 0.0433 0.031 0.0458 0.0777 0.1185 0.0487 0.0504 0.072 0.107 0.0625 0.0736 0.1006 0.0809 0.0993 0.1021
0.000 1.000 18 0.1487 0.1177 0.1239 0.0951 0.092 0.104 0.0824 0.0733 0.0766 0.0925 0.0799 0.0632 0.0582 0.069 0.0922 0.084 0.0607 0.0462 0.0485 0.0691 0.1001 0.0934 0.0654 0.0418 0.0309 0.0464 0.0778 0.115 0.1059 0.0763 0.0473 0.0219 0.0233 0.0556 0.0947 0.1362 0.0912 0.0607 0.0311 0.0 0.0352 0.0752 0.1186 0.0784 0.0493 0.0231 0.0247 0.0594 0.102 0.0697 0.0457 0.0345 0.0526 0.0894 0.0676 0.0533 0.0576 0.0836 0.0732 0.0706 0.0856 0.0861 0.0935 0.1044
2.000 1.000 24 0.1617 0.1329 0.1304 0.1131 0.1041 0.1024 0.1044 0.0882 0.0813 0.0856 0.1052 0.0837 0.0694 0.0653 0.077 0.1127 0.0867 0.0656 0.0517 0.0547 0.0766 0.1249 0.096 0.0697 0.0465 0.0349 0.0521 0.0853 0.139 0.1092 0.0802 0.0521 0.0249 0.0264 0.062 0.1024 0.1252 0.0951 0.066 0.0352 0.0 0.0399 0.083 0.113 0.084 0.0553 0.0266 0.0284 0.0668 0.1037 0.0772 0.0525 0.04 0.0602 0.0988 0.0769 0.0622 0.0669 0.0995 0.0851 0.0829 0.1066 0.1015 0.1192
4.000 1.000 30 0.1836 0.1597 0.147 0.1418 0.1252 0.115 0.1345 0.1143 0.0981 0.0894 0.1373 0.1135 0.093 0.0773 0.0713 0.1471 0.1201 0.0959 0.0736 0.0573 0.0591 0.1614 0.1322 0.1049 0.0782 0.0522 0.0384 0.0555 0.1771 0.1473 0.1183 0.0898 0.0591 0.0278 0.0287 0.0649 0.1645 0.1347 0.1059 0.0752 0.0399 0.0 0.0426 0.1533 0.1245 0.0955 0.0634 0.0299 0.031 0.1443 0.1171 0.0889 0.0601 0.0446 0.1385 0.1139 0.0891 0.0708 0.1367 0.1161 0.0986 0.1394 0.1249 0.1471
6.000 1.000 36 0.2122 0.1912 0.1732 0.1745 0.1548 0.1348 0.1692 0.1463 0.1247 0.1049 0.1735 0.1481 0.1244 0.1011 0.0817 0.1853 0.1575 0.1316 0.1054 0.0792 0.0598 0.2014 0.1719 0.1441 0.1159 0.0855 0.0555 0.0394 0.2189 0.189 0.1599 0.1312 0.0995 0.064 0.0291 0.0289 0.2077 0.1781 0.1494 0.1186 0.083 0.0426 0.0 0.1976 0.169 0.1399 0.1069 0.0691 0.0314 0.1893 0.1619 0.1323 0.0989 0.0646 0.1836 0.1575 0.1288 0.0981 0.1803 0.1561 0.1304 0.18 0.159 0.1831
-5.000 2.000 30 0.1816 0.1451 0.1648 0.1147 0.13 0.1523 0.0931 0.104 0.1229 0.1487 0.0754 0.0844 0.101 0.125 0.1555 0.0598 0.0663 0.0822 0.1052 0.1349 0.1698 0.0474 0.0479 0.0631 0.0863 0.1156 0.1509 0.1901 0.0419 0.0306 0.043 0.0673 0.0968 0.132 0.1722 0.2148 0.0216 0.0218 0.0483 0.0784 0.113 0.1533 0.1976 0.0 0.0308 0.0615 0.0951 0.1342 0.179 0.0218 0.0486 0.08 0.1168 0.1602 0.0432 0.0691 0.102 0.1422 0.0644 0.091 0.1262 0.0854 0.1142 0.1066
-3.000 2.000 24 0.1663 0.1324 0.1478 0.1045 0.1131 0.1337 0.086 0.0899 0.1042 0.1287 0.0742 0.0724 0.0829 0.1042 0.1334 0.0664 0.0582 0.0644 0.0834 0.1116 0.1459 0.064 0.0472 0.0466 0.0632 0.0907 0.1254 0.1644 0.0676 0.0431 0.0301 0.0426 0.0698 0.1046 0.1448 0.1874 0.0486 0.0216 0.0215 0.0493 0.084 0.1245 0.169 0.0308 0.0 0.031 0.0651 0.1047 0.1497 0.0217 0.0219 0.0507 0.0874 0.1308 0.0307 0.0445 0.0745 0.114 0.0486 0.0683 0.1009 0.0691 0.0933 0.091
-1.000 2.000 18 0.1623 0.1285 0.1405 0.1047 0.1076 0.1217 0.0906 0.0858 0.0948 0.114 0.0838 0.0728 0.0747 0.0899 0.1155 0.0831 0.0649 0.0589 0.0689 0.0925 0.1244 0.0874 0.063 0.0471 0.0489 0.0696 0.1018 0.1397 0.0957 0.0677 0.0427 0.0311 0.0464 0.0784 0.1177 0.1599 0.0782 0.0483 0.022 0.0231 0.0553 0.0955 0.1399 0.0615 0.031 0.0 0.0345 0.0744 0.1195 0.049 0.0226 0.0239 0.0578 0.1007 0.0444 0.033 0.0502 0.0863 0.0506 0.054 0.0788 0.0654 0.079 0.0849
1.000 2.000 18 0.1699 0.1401 0.1415 0.1168 0.1133 0.1196 0.1061 0.0956 0.0946 0.1063 0.1039 0.0865 0.079 0.0838 0.1011 0.1078 0.0847 0.0694 0.0657 0.078 0.1036 0.116 0.0887 0.0663 0.0521 0.0555 0.0789 0.1132 0.1272 0.0981 0.0703 0.0466 0.0352 0.0531 0.0886 0.1292 0.1108 0.0806 0.0518 0.0247 0.0266 0.0634 0.1069 0.0951 0.0651 0.0345 0.0 0.04 0.085 0.0824 0.0536 0.0258 0.0279 0.067 0.0741 0.0501 0.0385 0.0589 0.0724 0.0585 0.0638 0.0788 0.0771 0.0924
3.000 2.000 24 0.1875 0.1605 0.1561 0.1409 0.1295 0.1265 0.1322 0.1159 0.1071 0.1056 0.1329 0.1117 0.0964 0.089 0.093 0.1399 0.1145 0.0937 0.0784 0.0739 0.0858 0.1508 0.1224 0.097 0.0748 0.0592 0.0621 0.0857 0.1641 0.1346 0.106 0.079 0.0532 0.0399 0.0588 0.0946 0.1489 0.1188 0.0897 0.0594 0.0284 0.0299 0.0691 0.1342 0.1047 0.0744 0.04 0.0 0.0446 0.1221 0.0932 0.0623 0.03 0.0318 0.1129 0.0858 0.0588 0.0446 0.108 0.0852 0.0689 0.1085 0.0934 0.1154
5.000 2.000 30 0.2135 0.1885 0.1766 0.1708 0.1556 0.1419 0.1642 0.1451 0.1283 0.1166 0.1681 0.1444 0.124 0.1066 0.0961 0.1778 0.1509 0.1269 0.1046 0.086 0.0786 0.191 0.1619 0.1351 0.109 0.0833 0.0642 0.065 0.2062 0.1764 0.1473 0.119 0.089 0.0588 0.0426 0.0604 0.1923 0.1623 0.1331 0.102 0.0668 0.031 0.0314 0.179 0.1497 0.1195 0.085 0.0446 0.0 0.1676 0.1388 0.1073 0.0708 0.033 0.1584 0.1302 0.0989 0.0662 0.152 0.1257 0.0978 0.149 0.1264 0.1502
-4.000 3.000 24 0.1861 0.1507 0.1685 0.1235 0.1338 0.1535 0.1037 0.1095 0.1255 0.1497 0.089 0.0917 0.104 0.126 0.1555 0.0769 0.0757 0.0854 0.1053 0.1338 0.1685 0.0679 0.0608 0.0668 0.0851 0.1126 0.1474 0.1869 0.064 0.0486 0.0481 0.0644 0.0911 0.1257 0.1662 0.2096 0.0435 0.0308 0.0433 0.0697 0.1037 0.1443 0.1893 0.0218 0.0217 0.049 0.0824 0.1221 0.1676 0.0 0.0307 0.0632 0.1009 0.1452 0.0214 0.0488 0.083 0.1243 0.0426 0.0701 0.1063 0.0637 0.0927 0.0849
-2.000 3.000 18 0.1782 0.1442 0.1568 0.1178 0.1249 0.1416 0.1023 0.102 0.1134 0.1355 0.0926 0.0866 0.093 0.1111 0.1383 0.0872 0.0751 0.0756 0.0898 0.1153 0.1483 0.0859 0.0673 0.0601 0.0691 0.0924 0.1253 0.1638 0.0889 0.0648 0.0481 0.0491 0.0691 0.1015 0.1411 0.184 0.0688 0.0434 0.031 0.0457 0.0772 0.1171 0.1619 0.0486 0.0219 0.0226 0.0536 0.0932 0.1388 0.0307 0.0 0.033 0.0712 0.1159 0.0218 0.0227 0.0543 0.0954 0.031 0.0465 0.0799 0.0496 0.0716 0.0708
0.000 3.000 12 0.1808 0.1492 0.1571 0.1259 0.1254 0.138 0.112 0.1061 0.1113 0.1269 0.1067 0.0943 0.0928 0.1038 0.1253 0.1065 0.0877 0.079 0.0835 0.1017 0.13 0.1104 0.0864 0.0697 0.0656 0.0782 0.1053 0.1406 0.1173 0.0902 0.0664 0.0516 0.0551 0.0792 0.1156 0.1568 0.0987 0.0702 0.0458 0.0345 0.0525 0.0889 0.1323 0.08 0.0507 0.0239 0.0258 0.0623 0.1073 0.0632 0.033 0.0 0.0385 0.0833 0.0509 0.0242 0.0263 0.064 0.0465 0.0356 0.0548 0.0532 0.058 0.0688
2.000 3.000 18 0.1961 0.1653 0.1667 0.144 0.1393 0.141 0.1334 0.1216 0.1191 0.1256 0.1313 0.1139 0.1049 0.1053 0.1169 0.1349 0.1123 0.0965 0.0897 0.0951 0.1137 0.1421 0.1157 0.0938 0.0787 0.0751 0.0887 0.1165 0.1516 0.1232 0.0967 0.0744 0.0594 0.0633 0.0891 0.126 0.1343 0.105 0.0777 0.0526 0.04 0.0601 0.0989 0.1168 0.0874 0.0578 0.0279 0.03 0.0708 0.1009 0.0712 0.0385 0.0 0.0446 0.0881 0.0588 0.0286 0.0309 0.0797 0.0548 0.0423 0.0778 0.0635 0.084
4.000 3.000 24 0.2183 0.1918 0.1842 0.1709 0.1605 0.155 0.1628 0.1473 0.1363 0.1322 0.1637 0.1434 0.1277 0.1178 0.1158 0.1709 0.146 0.1255 0.1093 0.1002 0.1033 0.1809 0.1531 0.1284 0.1066 0.0891 0.0832 0.095 0.1925 0.1634 0.1357 0.1099 0.0851 0.0669 0.0692 0.0938 0.1765 0.1469 0.1185 0.0894 0.0602 0.0446 0.0646 0.1602 0.1308 0.1007 0.067 0.0318 0.033 0.1452 0.1159 0.0833 0.0446 0.0 0.1326 0.1029 0.069 0.033 0.1226 0.094 0.0642 0.1166 0.0921 0.1159
-3.000 4.000 18 0.1949 0.1616 0.1758 0.1346 0.1422 0.1615 0.117 0.1198 0.1331 0.1559 0.105 0.1032 0.1122 0.132 0.1604 0.0955 0.0894 0.094 0.1106 0.1373 0.1714 0.0889 0.0773 0.0768 0.0898 0.1144 0.1479 0.1869 0.086 0.0686 0.061 0.0689 0.0911 0.1237 0.1635 0.2067 0.0651 0.0485 0.0487 0.0676 0.0988 0.1385 0.1836 0.0432 0.0307 0.0444 0.0741 0.1129 0.1584 0.0214 0.0218 0.0509 0.0881 0.1326 0.0 0.031 0.0662 0.108 0.0212 0.0499 0.087 0.0424 0.0717 0.0636
-1.000 4.000 12 0.1947 0.1607 0.1733 0.1366 0.1407 0.1553 0.1218 0.1191 0.1287 0.1478 0.1133 0.1052 0.1087 0.1238 0.1483 0.1091 0.0953 0.0925 0.1024 0.1245 0.1549 0.1082 0.089 0.0789 0.0825 0.1007 0.1301 0.1665 0.1105 0.0872 0.0694 0.0645 0.0765 0.104 0.1411 0.1827 0.0901 0.0659 0.0504 0.0533 0.0769 0.1139 0.1575 0.0691 0.0445 0.033 0.0501 0.0858 0.1302 0.0488 0.0227 0.0242 0.0588 0.1029 0.031 0.0 0.0356 0.0777 0.0222 0.0239 0.0583 0.0319 0.0489 0.0509
1.000 4.000 12 0.2056 0.1744 0.1789 0.15 0.1498 0.1585 0.1376 0.1308 0.1333 0.1462 0.1326 0.1194 0.1163 0.1236 0.1408 0.1324 0.1137 0.1038 0.1047 0.1174 0.141 0.1355 0.1124 0.0955 0.0886 0.0949 0.1155 0.146 0.1411 0.1152 0.0924 0.077 0.0741 0.0886 0.1187 0.1563 0.1215 0.0946 0.072 0.0576 0.0622 0.0891 0.1288 0.102 0.0745 0.0502 0.0385 0.0588 0.0989 0.083 0.0543 0.0263 0.0286 0.069 0.0662 0.0356 0.0 0.0423 0.0535 0.026 0.0285 0.0489 0.038 0.0557
3.000 4.000 18 0.2254 0.1963 0.1962 0.1749 0.1681 0.169 0.1635 0.1523 0.1482 0.1504 0.1615 0.1448 0.1348 0.1325 0.1386 0.1646 0.1432 0.1275 0.1187 0.1191 0.1304 0.1713 0.1458 0.1248 0.1094 0.1019 0.1071 0.1264 0.1793 0.152 0.1267 0.1053 0.0892 0.0849 0.099 0.1278 0.1606 0.1326 0.107 0.0836 0.0669 0.0708 0.0981 0.1422 0.114 0.0863 0.0589 0.0446 0.0662 0.1243 0.0954 0.064 0.0309 0.033 0.108 0.0777 0.0423 0.0 0.0944 0.0637 0.031 0.0848 0.0586 0.082
-2.000 5.000 12 0.2094 0.1753 0.1884 0.1493 0.1566 0.1735 0.1335 0.134 0.1457 0.1676 0.1229 0.1186 0.1252 0.1431 0.17 0.1152 0.1061 0.1076 0.1214 0.1457 0.1782 0.1098 0.0961 0.0919 0.1003 0.1217 0.1528 0.1908 0.1072 0.0892 0.0782 0.0804 0.0974 0.1266 0.1644 0.2064 0.0863 0.0684 0.0625 0.0732 0.0995 0.1367 0.1803 0.0644 0.0486 0.0506 0.0724 0.108 0.152 0.0426 0.031 0.0465 0.0797 0.1226 0.0212 0.0222 0.0535 0.0944 0.0 0.0319 0.0695 0.0212 0.0512 0.0424
0.000 5.000 6 0.216 0.1834 0.1934 0.1591 0.1614 0.1755 0.1441 0.1411 0.1487 0.1654 0.1365 0.1276 0.1294 0.1418 0.1634 0.1328 0.1184 0.1139 0.121 0.1393 0.1661 0.1318 0.1128 0.1015 0.102 0.115 0.1402 0.1731 0.1332 0.1108 0.0931 0.0855 0.0918 0.1131 0.1456 0.1842 0.1125 0.0895 0.0736 0.0706 0.0851 0.1161 0.1561 0.091 0.0683 0.054 0.0585 0.0852 0.1257 0.0701 0.0465 0.0356 0.0548 0.094 0.0499 0.0239 0.026 0.0637 0.0319 0.0 0.038 0.0229 0.025 0.0326
2.000 5.000 12 0.2346 0.2021 0.2072 0.1792 0.1783 0.1837 0.1665 0.1589 0.1606 0.1698 0.1609 0.1483 0.1442 0.1487 0.1615 0.1604 0.1426 0.1324 0.131 0.1394 0.1574 0.1627 0.1408 0.1245 0.1163 0.1185 0.132 0.1566 0.1671 0.1425 0.1209 0.1059 0.0996 0.1067 0.1287 0.1601 0.147 0.1217 0.1006 0.0856 0.0829 0.0986 0.1304 0.1262 0.1009 0.0788 0.0638 0.0689 0.0978 0.1063 0.0799 0.0548 0.0423 0.0642 0.087 0.0583 0.0285 0.031 0.0695 0.038 0.0 0.056 0.0275 0.0507
-1.000 6.000 6 0.2277 0.1932 0.2071 0.1685 0.1743 0.1903 0.1528 0.1523 0.1633 0.1833 0.1429 0.1373 0.1427 0.159 0.1835 0.136 0.1256 0.1257 0.1368 0.1589 0.189 0.1311 0.1167 0.1105 0.1162 0.1343 0.1622 0.1976 0.1283 0.1104 0.0981 0.0973 0.1094 0.1347 0.1692 0.2094 0.1073 0.0895 0.0809 0.0861 0.1066 0.1394 0.18 0.0854 0.0691 0.0654 0.0788 0.1085 0.149 0.0637 0.0496 0.0532 0.0778 0.1166 0.0424 0.0319 0.0489 0.0848 0.0212 0.0229 0.056 0.0 0.0326 0.0212
1.000 6.000 6 0.2426 0.2098 0.2177 0.1843 0.1873 0.1988 0.1699 0.1667 0.173 0.1876 0.1622 0.1532 0.1541 0.1645 0.1829 0.1582 0.1441 0.139 0.1444 0.1587 0.1817 0.1566 0.1384 0.1272 0.1259 0.1354 0.1557 0.1837 0.1569 0.1358 0.1188 0.1104 0.1133 0.1282 0.1553 0.1889 0.136 0.1145 0.0993 0.0935 0.1015 0.1249 0.159 0.1142 0.0933 0.079 0.0771 0.0934 0.1264 0.0927 0.0716 0.058 0.0635 0.0921 0.0717 0.0489 0.038 0.0586 0.0512 0.025 0.0275 0.0326 0.0 0.0232
0.000 7.000 0 0.25 0.2161 0.2285 0.1906 0.1959 0.2118 0.1745 0.1742 0.1844 0.203 0.1647 0.1589 0.1641 0.1785 0.201 0.1579 0.1476 0.1467 0.1567 0.1763 0.2025 0.1531 0.1387 0.1319 0.1364 0.151 0.1758 0.2076 0.1496 0.1323 0.1201 0.1176 0.1268 0.1479 0.1779 0.2143 0.1285 0.1114 0.1021 0.1044 0.1192 0.1471 0.1831 0.1066 0.091 0.0849 0.0924 0.1154 0.1502 0.0849 0.0708 0.0688 0.084 0.1159 0.0636 0.0509 0.0557 0.082 0.0424 0.0326 0.0507 0.0212 0.0232 0.0