n 64
m 3
tmax 5.0
Vcpm 1.6
R 1.2
dmax 8.0
0.000 -7.000 0 0.0 0.0128 0.0131 0.0272 0.0196 0.0284 0.0432 0.0329 0.0336 0.0457 0.0603 0.0486 0.0445 0.0507 0.0645 0.0772 0.0654 0.0586 0.06 0.0697 0.0838 0.0932 0.0821 0.0744 0.0728 0.0785 0.0898 0.1027 0.1082 0.0985 0.0914 0.0883 0.0912 0.0995 0.1105 0.1208 0.1144 0.109 0.1066 0.1079 0.1143 0.1228 0.1311 0.1263 0.1264 0.129 0.134 0.1405 0.1462 0.1456 0.1514 0.1574 0.1636 0.1671 0.1713 0.1811 0.1884 0.1917 0.1995 0.211 0.2158 0.2266 0.2361 0.25
-1.000 -6.000 6 0.0128 0.0 0.0196 0.0144 0.0147 0.0336 0.0304 0.0219 0.0316 0.0508 0.0473 0.036 0.0368 0.0503 0.0699 0.0643 0.052 0.0478 0.0547 0.0705 0.0897 0.0801 0.0686 0.062 0.064 0.0751 0.0918 0.1093 0.0945 0.0848 0.078 0.0771 0.0844 0.098 0.114 0.1284 0.1001 0.095 0.0938 0.0987 0.1093 0.1233 0.1363 0.1118 0.1126 0.117 0.1268 0.1384 0.1493 0.1307 0.1377 0.1475 0.1583 0.1676 0.156 0.1683 0.1803 0.1893 0.1847 0.1994 0.2104 0.2129 0.2262 0.2366
1.000 -6.000 6 0.0131 0.0196 0.0 0.0329 0.015 0.0153 0.0489 0.0316 0.0228 0.0326 0.0661 0.0491 0.0375 0.0382 0.0512 0.0833 0.0672 0.0545 0.05 0.0564 0.0705 0.0995 0.085 0.0726 0.0655 0.0668 0.0763 0.0893 0.1147 0.1024 0.0915 0.0837 0.0816 0.0868 0.0966 0.1067 0.1195 0.1111 0.1044 0.1013 0.103 0.1091 0.1165 0.1306 0.1271 0.1252 0.1248 0.1281 0.1319 0.1489 0.1503 0.1515 0.1526 0.1532 0.1733 0.1779 0.1798 0.1788 0.1999 0.2049 0.205 0.2234 0.2281 0.2438
-2.000 -5.000 12 0.0272 0.0144 0.0329 0.0 0.0219 0.0447 0.0159 0.0162 0.0369 0.0606 0.0326 0.0236 0.034 0.055 0.0788 0.0493 0.0378 0.0388 0.0534 0.0751 0.0984 0.0651 0.0535 0.0496 0.0575 0.0749 0.0968 0.1181 0.0794 0.0694 0.0639 0.067 0.0797 0.0992 0.1199 0.1374 0.0845 0.0798 0.0808 0.0908 0.1071 0.1265 0.1437 0.0959 0.0978 0.106 0.1204 0.1385 0.1547 0.1146 0.1235 0.1382 0.155 0.1704 0.1399 0.1554 0.1728 0.1884 0.1692 0.1877 0.2051 0.1974 0.2172 0.2223
0.000 -5.000 6 0.0196 0.0147 0.015 0.0219 0.0 0.0228 0.0361 0.0165 0.0168 0.0382 0.0525 0.034 0.0246 0.0355 0.0565 0.0692 0.0517 0.0397 0.0408 0.0555 0.076 0.0851 0.0696 0.057 0.0527 0.0605 0.0769 0.0953 0.0997 0.0869 0.0756 0.0691 0.0715 0.0829 0.0989 0.1138 0.1036 0.0949 0.089 0.0882 0.0958 0.108 0.1208 0.114 0.1105 0.1102 0.1147 0.1235 0.1335 0.1317 0.1341 0.1382 0.1452 0.152 0.1558 0.1625 0.1692 0.1746 0.1821 0.1916 0.197 0.2076 0.2162 0.2301
2.000 -5.000 12 0.0284 0.0336 0.0153 0.0447 0.0228 0.0 0.0594 0.0376 0.0171 0.0172 0.0757 0.0548 0.0355 0.0254 0.0357 0.0923 0.0729 0.0545 0.0415 0.0417 0.0547 0.1083 0.091 0.0741 0.0603 0.0547 0.0606 0.0735 0.1234 0.1093 0.0947 0.0813 0.0728 0.0728 0.0805 0.0908 0.1274 0.1163 0.105 0.0958 0.0911 0.0938 0.1 0.1379 0.1306 0.1225 0.1164 0.1141 0.1153 0.1554 0.1514 0.1462 0.1407 0.1374 0.1775 0.1758 0.1709 0.1644 0.2009 0.1988 0.193 0.2215 0.2179 0.2366
-3.000 -4.000 18 0.0432 0.0304 0.0489 0.0159 0.0361 0.0594 0.0 0.0236 0.0482 0.0737 0.0166 0.017 0.0389 0.0643 0.0907 0.0331 0.0241 0.0352 0.0574 0.0833 0.1093 0.0486 0.038 0.0396 0.0554 0.0788 0.1049 0.1292 0.0628 0.053 0.0502 0.0596 0.079 0.104 0.1288 0.1491 0.0677 0.0643 0.0695 0.0849 0.1082 0.1329 0.1537 0.0792 0.0831 0.0967 0.1175 0.1419 0.1633 0.098 0.1104 0.1301 0.1542 0.1762 0.1236 0.1433 0.1671 0.1902 0.153 0.1772 0.201 0.1817 0.2074 0.2087
-1.000 -4.000 12 0.0329 0.0219 0.0316 0.0162 0.0165 0.0376 0.0236 0.0 0.0246 0.0501 0.0379 0.0174 0.0178 0.0408 0.0666 0.0536 0.0351 0.0256 0.0372 0.0602 0.085 0.0692 0.0527 0.0409 0.0425 0.0588 0.0817 0.1045 0.0837 0.07 0.0587 0.0551 0.0645 0.0832 0.1048 0.1236 0.0867 0.0775 0.0729 0.0772 0.0911 0.1105 0.1283 0.0963 0.0934 0.0956 0.1066 0.1223 0.1385 0.1135 0.1174 0.1263 0.1397 0.1538 0.1371 0.1471 0.1596 0.1724 0.1643 0.1777 0.1907 0.1913 0.2045 0.2141
1.000 -4.000 12 0.0336 0.0316 0.0228 0.0369 0.0168 0.0171 0.0482 0.0246 0.0 0.0254 0.0625 0.0398 0.0182 0.0186 0.0417 0.0779 0.057 0.0372 0.0269 0.0386 0.0602 0.0934 0.0749 0.0568 0.0437 0.0446 0.0598 0.0794 0.1082 0.093 0.0773 0.0641 0.0588 0.0665 0.0818 0.0977 0.1109 0.0989 0.0871 0.0797 0.081 0.0908 0.1036 0.1203 0.1123 0.1056 0.1027 0.1076 0.1159 0.1367 0.133 0.1303 0.1309 0.1346 0.1584 0.1582 0.158 0.1581 0.1821 0.1834 0.1831 0.2029 0.2057 0.2215
3.000 -4.000 18 0.0457 0.0508 0.0326 0.0606 0.0382 0.0172 0.0737 0.0501 0.0254 0.0 0.0887 0.0655 0.0415 0.0187 0.0184 0.1042 0.0825 0.06 0.0386 0.0272 0.0372 0.12 0.1008 0.0801 0.0598 0.0448 0.0439 0.0556 0.1354 0.1197 0.102 0.0831 0.0668 0.0587 0.0627 0.073 0.1389 0.1254 0.1094 0.0927 0.0808 0.0774 0.0816 0.1494 0.1379 0.1234 0.1094 0.0997 0.0973 0.1657 0.1556 0.1422 0.1293 0.1204 0.1854 0.1755 0.1622 0.1491 0.2035 0.1937 0.1795 0.2186 0.2068 0.2298
-4.000 -3.000 24 0.0603 0.0473 0.0661 0.0326 0.0525 0.0757 0.0166 0.0379 0.0625 0.0887 0.0 0.0241 0.0497 0.0767 0.1044 0.0163 0.017 0.0395 0.0661 0.0945 0.1224 0.0317 0.0237 0.0354 0.0589 0.0869 0.1159 0.1422 0.0457 0.0368 0.0395 0.057 0.083 0.1127 0.1409 0.1636 0.0507 0.0497 0.0613 0.084 0.1136 0.1432 0.1676 0.0627 0.0706 0.0897 0.1183 0.1492 0.1755 0.082 0.0991 0.1255 0.1568 0.1857 0.1082 0.1328 0.1636 0.1944 0.1376 0.1674 0.1994 0.1674 0.1981 0.1936
-2.000 -3.000 18 0.0486 0.036 0.0491 0.0236 0.034 0.0548 0.017 0.0174 0.0398 0.0655 0.0241 0.0 0.0256 0.0526 0.0802 0.0379 0.0176 0.0183 0.0423 0.07 0.0975 0.0526 0.0352 0.0261 0.0387 0.0635 0.0911 0.1166 0.0669 0.0524 0.0418 0.0444 0.0629 0.0887 0.1151 0.1369 0.069 0.0599 0.0579 0.0699 0.092 0.1179 0.1402 0.078 0.0762 0.0836 0.1016 0.1258 0.1482 0.0948 0.1013 0.1166 0.1382 0.16 0.1187 0.1327 0.1525 0.1734 0.1468 0.1648 0.1858 0.1738 0.1948 0.1979
0.000 -3.000 12 0.0445 0.0368 0.0375 0.034 0.0246 0.0355 0.0389 0.0178 0.0182 0.0415 0.0497 0.0256 0.0 0.0269 0.0544 0.0633 0.0408 0.0189 0.0195 0.0444 0.0711 0.0778 0.0581 0.0385 0.0283 0.0412 0.0653 0.0895 0.0923 0.0761 0.0591 0.0465 0.0482 0.0658 0.0885 0.1087 0.0939 0.0807 0.0689 0.0646 0.0745 0.093 0.112 0.102 0.0933 0.0882 0.0918 0.1048 0.121 0.1172 0.1141 0.1154 0.1236 0.1358 0.1384 0.1405 0.1462 0.1551 0.1615 0.1685 0.1745 0.1849 0.1924 0.2061
2.000 -3.000 18 0.0507 0.0503 0.0382 0.055 0.0355 0.0254 0.0643 0.0408 0.0186 0.0187 0.0767 0.0526 0.0269 0.0 0.0272 0.0908 0.0679 0.0435 0.0199 0.02 0.0436 0.1057 0.0853 0.0631 0.0412 0.0294 0.0411 0.0619 0.121 0.1042 0.0849 0.0647 0.0492 0.0489 0.063 0.0802 0.1235 0.1085 0.091 0.0747 0.0666 0.0723 0.0848 0.1323 0.1195 0.1045 0.093 0.0906 0.0965 0.1469 0.1363 0.1246 0.1168 0.1157 0.1651 0.1567 0.1472 0.141 0.1838 0.176 0.1688 0.2004 0.1933 0.2125
4.000 -3.000 24 0.0645 0.0699 0.0512 0.0788 0.0565 0.0357 0.0907 0.0666 0.0417 0.0184 0.1044 0.0802 0.0544 0.0272 0.0 0.1192 0.0962 0.0712 0.0446 0.0196 0.0187 0.1349 0.1142 0.091 0.0656 0.0412 0.028 0.037 0.1513 0.1344 0.114 0.0902 0.0659 0.0475 0.0445 0.0539 0.1554 0.1395 0.1188 0.0948 0.0734 0.0614 0.0623 0.1656 0.1499 0.1285 0.1049 0.0869 0.0787 0.1807 0.1637 0.1414 0.1192 0.1032 0.1962 0.1774 0.1549 0.1336 0.209 0.1886 0.1658 0.2158 0.1964 0.2204
-5.000 -2.000 30 0.0772 0.0643 0.0833 0.0493 0.0692 0.0923 0.0331 0.0536 0.0779 0.1042 0.0163 0.0379 0.0633 0.0908 0.1192 0.0 0.0237 0.0498 0.0781 0.108 0.1374 0.0153 0.0164 0.0393 0.0675 0.0985 0.1299 0.1581 0.0293 0.0226 0.035 0.0604 0.0919 0.1253 0.1562 0.1807 0.0347 0.0387 0.0582 0.088 0.1234 0.1577 0.1855 0.0478 0.0614 0.0878 0.1235 0.1606 0.192 0.0683 0.0905 0.1243 0.1629 0.1981 0.0947 0.1249 0.1627 0.2012 0.1244 0.1591 0.1983 0.153 0.1906 0.1785
-3.000 -2.000 24 0.0654 0.052 0.0672 0.0378 0.0517 0.0729 0.0241 0.0351 0.057 0.0825 0.017 0.0176 0.0408 0.0679 0.0962 0.0237 0.0 0.0261 0.0544 0.0842 0.1133 0.0367 0.0175 0.0186 0.0441 0.0743 0.1051 0.1329 0.0502 0.0347 0.0266 0.0406 0.0684 0.1001 0.13 0.1539 0.0511 0.0424 0.0468 0.0685 0.0992 0.1311 0.1575 0.0596 0.0603 0.0754 0.1028 0.135 0.1635 0.0765 0.0874 0.1105 0.1414 0.1711 0.101 0.1202 0.1485 0.1783 0.1291 0.1545 0.1831 0.1567 0.1846 0.1833
-1.000 -2.000 18 0.0586 0.0478 0.0545 0.0388 0.0397 0.0545 0.0352 0.0256 0.0372 0.06 0.0395 0.0183 0.0189 0.0435 0.0712 0.0498 0.0261 0.0 0.0283 0.0579 0.0867 0.0628 0.0415 0.0197 0.0206 0.0478 0.0777 0.1049 0.0765 0.059 0.0403 0.0303 0.0451 0.0729 0.1011 0.1243 0.0768 0.0619 0.0503 0.0537 0.0748 0.1022 0.1266 0.0832 0.0738 0.072 0.0851 0.1086 0.1326 0.097 0.0951 0.1027 0.1209 0.1426 0.117 0.1236 0.1367 0.1556 0.1416 0.1532 0.1694 0.1669 0.1797 0.1883
1.000 -2.000 18 0.06 0.0547 0.05 0.0534 0.0408 0.0415 0.0574 0.0372 0.0269 0.0386 0.0661 0.0423 0.0195 0.0199 0.0446 0.0781 0.0544 0.0283 0.0 0.0294 0.0578 0.092 0.0704 0.046 0.0214 0.0218 0.0484 0.0747 0.1067 0.0887 0.0675 0.0451 0.0327 0.0465 0.0709 0.0927 0.1081 0.0912 0.0716 0.0558 0.0565 0.0737 0.0945 0.1149 0.1001 0.0848 0.0778 0.0856 0.1017 0.1273 0.1158 0.1065 0.1065 0.1159 0.144 0.1362 0.1331 0.1352 0.1627 0.1586 0.158 0.1792 0.1798 0.1956
3.000 -2.000 24 0.0697 0.0705 0.0564 0.0751 0.0555 0.0417 0.0833 0.0602 0.0386 0.0272 0.0945 0.07 0.0444 0.02 0.0196 0.108 0.0842 0.0579 0.0294 0.0 0.028 0.1232 0.1015 0.0765 0.0487 0.0217 0.0211 0.0442 0.1393 0.1213 0.0991 0.0731 0.0466 0.0321 0.0429 0.0615 0.1428 0.125 0.1018 0.076 0.0557 0.0527 0.0643 0.1512 0.1331 0.1096 0.0867 0.0739 0.0755 0.1632 0.1448 0.1224 0.1038 0.0958 0.1762 0.158 0.1376 0.1233 0.1878 0.1708 0.153 0.1969 0.1802 0.2041
5.000 -2.000 30 0.0838 0.0897 0.0705 0.0984 0.076 0.0547 0.1093 0.085 0.0602 0.0372 0.1224 0.0975 0.0711 0.0436 0.0187 0.1374 0.1133 0.0867 0.0578 0.028 0.0 0.1538 0.1319 0.1065 0.0776 0.0471 0.0199 0.0181 0.1716 0.1535 0.1306 0.1028 0.072 0.0432 0.0279 0.035 0.1774 0.1588 0.1334 0.1025 0.0715 0.0488 0.0432 0.1873 0.1669 0.1383 0.1056 0.0773 0.0611 0.1991 0.1754 0.144 0.1117 0.0873 0.2098 0.1816 0.1493 0.1192 0.2144 0.1842 0.1535 0.2142 0.1844 0.2096
-6.000 -1.000 36 0.0932 0.0801 0.0995 0.0651 0.0851 0.1083 0.0486 0.0692 0.0934 0.12 0.0317 0.0526 0.0778 0.1057 0.1349 0.0153 0.0367 0.0628 0.092 0.1232 0.1538 0.0 0.0226 0.0492 0.0796 0.1129 0.1466 0.1769 0.0139 0.0155 0.0385 0.0689 0.1042 0.1412 0.1751 0.2021 0.021 0.0338 0.061 0.0969 0.137 0.1753 0.2063 0.0365 0.0572 0.0905 0.1324 0.1753 0.2118 0.0579 0.0863 0.1265 0.1717 0.213 0.0841 0.1197 0.1637 0.2081 0.1127 0.1523 0.1976 0.1398 0.1818 0.1647
-4.000 -1.000 30 0.0821 0.0686 0.085 0.0535 0.0696 0.091 0.038 0.0527 0.0749 0.1008 0.0237 0.0352 0.0581 0.0853 0.1142 0.0164 0.0175 0.0415 0.0704 0.1015 0.1319 0.0226 0.0 0.0266 0.057 0.0902 0.1236 0.1535 0.0346 0.0171 0.0189 0.0464 0.0808 0.117 0.1503 0.1767 0.0335 0.0267 0.0426 0.0745 0.1125 0.1493 0.1793 0.0417 0.0479 0.073 0.1099 0.1497 0.1841 0.0594 0.077 0.1094 0.1492 0.1867 0.0845 0.1111 0.1477 0.1863 0.1129 0.1452 0.1821 0.1419 0.1751 0.1668
-2.000 -1.000 24 0.0744 0.062 0.0726 0.0496 0.057 0.0741 0.0396 0.0409 0.0568 0.0801 0.0354 0.0261 0.0385 0.0631 0.091 0.0393 0.0186 0.0197 0.046 0.0765 0.1065 0.0492 0.0266 0.0 0.0303 0.0633 0.0964 0.1259 0.0615 0.0422 0.0207 0.0224 0.0532 0.0883 0.1208 0.1467 0.0592 0.0422 0.033 0.0506 0.0839 0.1185 0.1473 0.0631 0.0536 0.0594 0.0853 0.1198 0.1511 0.0752 0.0768 0.0938 0.1239 0.1555 0.0956 0.1073 0.1314 0.1605 0.1215 0.139 0.1654 0.1466 0.1693 0.1697
0.000 -1.000 18 0.0728 0.064 0.0655 0.0575 0.0527 0.0603 0.0554 0.0425 0.0437 0.0598 0.0589 0.0387 0.0283 0.0412 0.0656 0.0675 0.0441 0.0206 0.0214 0.0487 0.0776 0.0796 0.057 0.0303 0.0 0.0327 0.0653 0.0942 0.0934 0.0739 0.0499 0.0238 0.0248 0.0559 0.0873 0.1126 0.0924 0.0729 0.0504 0.0377 0.0546 0.0844 0.1114 0.0965 0.0785 0.0636 0.0662 0.0881 0.1148 0.1058 0.0929 0.0889 0.1002 0.1221 0.1207 0.115 0.1194 0.1345 0.138 0.1409 0.1485 0.1578 0.1639 0.1771
2.000 -1.000 24 0.0785 0.0751 0.0668 0.0749 0.0605 0.0547 0.0788 0.0588 0.0446 0.0448 0.0869 0.0635 0.0412 0.0294 0.0412 0.0985 0.0743 0.0478 0.0218 0.0217 0.0471 0.1129 0.0902 0.0633 0.0327 0.0 0.0321 0.0604 0.1289 0.1094 0.0848 0.0552 0.0251 0.0247 0.0523 0.0767 0.1301 0.1099 0.0835 0.0547 0.0383 0.0518 0.0747 0.1361 0.1148 0.0883 0.0665 0.0642 0.0791 0.1445 0.1234 0.1008 0.0888 0.0923 0.1545 0.1359 0.1193 0.1137 0.165 0.1491 0.1398 0.1753 0.1636 0.1832
4.000 -1.000 30 0.0898 0.0918 0.0763 0.0968 0.0769 0.0606 0.1049 0.0817 0.0598 0.0439 0.1159 0.0911 0.0653 0.0411 0.028 0.1299 0.1051 0.0777 0.0484 0.0211 0.0199 0.1466 0.1236 0.0964 0.0653 0.0321 0.0 0.0279 0.1648 0.1453 0.1202 0.0895 0.0552 0.0235 0.0217 0.043 0.1686 0.1478 0.1195 0.0855 0.0521 0.034 0.0429 0.1767 0.1532 0.1213 0.0865 0.0601 0.0538 0.1848 0.1582 0.1249 0.0938 0.076 0.1908 0.1623 0.131 0.1055 0.1932 0.1654 0.1373 0.193 0.1682 0.1923
6.000 -1.000 36 0.1027 0.1093 0.0893 0.1181 0.0953 0.0735 0.1292 0.1045 0.0794 0.0556 0.1422 0.1166 0.0895 0.0619 0.037 0.1581 0.1329 0.1049 0.0747 0.0442 0.0181 0.1769 0.1535 0.1259 0.0942 0.0604 0.0279 0.0 0.1972 0.1774 0.1517 0.12 0.0842 0.0485 0.0193 0.0167 0.2032 0.1816 0.1519 0.1152 0.0765 0.0432 0.0264 0.2131 0.1876 0.1521 0.1111 0.0731 0.047 0.2206 0.1898 0.1498 0.1083 0.0748 0.2225 0.1871 0.1459 0.1076 0.2192 0.1803 0.1415 0.2096 0.1723 0.199
-7.000 0.000 42 0.1082 0.0945 0.1147 0.0794 0.0997 0.1234 0.0628 0.0837 0.1082 0.1354 0.0457 0.0669 0.0923 0.121 0.1513 0.0293 0.0502 0.0765 0.1067 0.1393 0.1716 0.0139 0.0346 0.0615 0.0934 0.1289 0.1648 0.1972 0.0 0.021 0.0476 0.0805 0.1189 0.1593 0.1965 0.2262 0.0141 0.0365 0.0684 0.1083 0.1527 0.1952 0.2298 0.0311 0.0584 0.097 0.1435 0.191 0.2315 0.0523 0.0858 0.131 0.1814 0.228 0.0771 0.1169 0.1655 0.2151 0.1035 0.1465 0.1949 0.1279 0.1725 0.1499
-5.000 0.000 36 0.0985 0.0848 0.1024 0.0694 0.0869 0.1093 0.053 0.07 0.093 0.1197 0.0368 0.0524 0.0761 0.1042 0.1344 0.0226 0.0347 0.059 0.0887 0.1213 0.1535 0.0155 0.0171 0.0422 0.0739 0.1094 0.1453 0.1774 0.021 0.0 0.0267 0.0597 0.0981 0.1382 0.175 0.2041 0.0162 0.0187 0.0479 0.0869 0.1304 0.1721 0.206 0.0256 0.0424 0.0774 0.1218 0.1675 0.2067 0.0455 0.0719 0.1129 0.1603 0.2045 0.0713 0.1053 0.1495 0.1954 0.1 0.1377 0.1816 0.1268 0.1656 0.1504
-3.000 0.000 30 0.0914 0.078 0.0915 0.0639 0.0756 0.0947 0.0502 0.0587 0.0773 0.102 0.0395 0.0418 0.0591 0.0849 0.114 0.035 0.0266 0.0403 0.0675 0.0991 0.1306 0.0385 0.0189 0.0207 0.0499 0.0848 0.1202 0.1517 0.0476 0.0267 0.0 0.033 0.071 0.1107 0.1469 0.1755 0.0417 0.0213 0.024 0.0592 0.1014 0.142 0.175 0.042 0.0343 0.0547 0.094 0.137 0.1744 0.053 0.0611 0.0911 0.1329 0.1734 0.0744 0.0939 0.1294 0.169 0.1005 0.1281 0.1633 0.1268 0.1574 0.1522
-1.000 0.000 24 0.0883 0.0771 0.0837 0.067 0.0691 0.0813 0.0596 0.0551 0.0641 0.0831 0.057 0.0444 0.0465 0.0647 0.0902 0.0604 0.0406 0.0303 0.0451 0.0731 0.1028 0.0689 0.0464 0.0224 0.0238 0.0552 0.0895 0.12 0.0805 0.0597 0.033 0.0 0.0377 0.0767 0.1121 0.14 0.0763 0.0535 0.0265 0.0285 0.0659 0.1049 0.137 0.0756 0.0544 0.0423 0.0631 0.1002 0.135 0.0806 0.068 0.0734 0.1009 0.1356 0.0932 0.093 0.1086 0.1376 0.1123 0.1212 0.1426 0.1344 0.1476 0.1542
1.000 0.000 24 0.0912 0.0844 0.0816 0.0797 0.0715 0.0728 0.079 0.0645 0.0588 0.0668 0.083 0.0629 0.0482 0.0492 0.0659 0.0919 0.0684 0.0451 0.0327 0.0466 0.072 0.1042 0.0808 0.0532 0.0248 0.0251 0.0552 0.0842 0.1189 0.0981 0.071 0.0377 0.0 0.0383 0.073 0.1002 0.1173 0.0941 0.0634 0.0296 0.0297 0.064 0.0947 0.1182 0.093 0.0631 0.0457 0.0629 0.0923 0.1223 0.0972 0.0761 0.0758 0.0957 0.1284 0.1086 0.0999 0.107 0.1377 0.1256 0.1248 0.1476 0.1446 0.1603
3.000 0.000 30 0.0995 0.098 0.0868 0.0992 0.0829 0.0728 0.104 0.0832 0.0665 0.0587 0.1127 0.0887 0.0658 0.0489 0.0475 0.1253 0.1001 0.0729 0.0465 0.0321 0.0432 0.1412 0.117 0.0883 0.0559 0.0247 0.0235 0.0485 0.1593 0.1382 0.1107 0.0767 0.0383 0.0 0.034 0.0607 0.1606 0.1369 0.1049 0.0663 0.0288 0.0269 0.0537 0.1636 0.1365 0.1008 0.0632 0.0422 0.0537 0.1675 0.1372 0.101 0.0726 0.0665 0.1688 0.1384 0.1076 0.0907 0.1688 0.142 0.1192 0.1688 0.1463 0.1705
5.000 0.000 36 0.1105 0.114 0.0966 0.1199 0.0989 0.0805 0.1288 0.1048 0.0818 0.0627 0.1409 0.1151 0.0885 0.063 0.0445 0.1562 0.13 0.1011 0.0709 0.0429 0.0279 0.1751 0.1503 0.1208 0.0873 0.0523 0.0217 0.0193 0.1965 0.175 0.1469 0.1121 0.073 0.034 0.0 0.0264 0.2004 0.1761 0.143 0.1025 0.06 0.0241 0.021 0.2053 0.1766 0.1378 0.0939 0.0541 0.0334 0.209 0.1749 0.1321 0.0893 0.0589 0.2061 0.1686 0.1269 0.0906 0.1982 0.1609 0.1244 0.1879 0.1545 0.179
7.000 0.000 42 0.1208 0.1284 0.1067 0.1374 0.1138 0.0908 0.1491 0.1236 0.0977 0.073 0.1636 0.1369 0.1087 0.0802 0.0539 0.1807 0.1539 0.1243 0.0927 0.0615 0.035 0.2021 0.1767 0.1467 0.1126 0.0767 0.043 0.0167 0.2262 0.2041 0.1755 0.14 0.1002 0.0607 0.0264 0.0 0.2321 0.2071 0.1729 0.131 0.0868 0.047 0.0177 0.2384 0.2082 0.1672 0.1202 0.0751 0.0401 0.2414 0.2043 0.1575 0.1088 0.0677 0.2346 0.1924 0.1444 0.0994 0.2198 0.1764 0.1317 0.203 0.1606 0.1854
-6.000 1.000 36 0.1144 0.1001 0.1195 0.0845 0.1036 0.1274 0.0677 0.0867 0.1109 0.1389 0.0507 0.069 0.0939 0.1235 0.1554 0.0347 0.0511 0.0768 0.1081 0.1428 0.1774 0.021 0.0335 0.0592 0.0924 0.1301 0.1686 0.2032 0.0141 0.0162 0.0417 0.0763 0.1173 0.1606 0.2004 0.2321 0.0 0.0256 0.0598 0.1026 0.1504 0.1962 0.2337 0.0172 0.0458 0.0868 0.1361 0.1866 0.2301 0.0385 0.0727 0.1193 0.1713 0.2198 0.0633 0.103 0.1522 0.2031 0.0897 0.1318 0.18 0.1139 0.1559 0.1346
-4.000 1.000 30 0.109 0.095 0.1111 0.0798 0.0949 0.1163 0.0643 0.0775 0.0989 0.1254 0.0497 0.0599 0.0807 0.1085 0.1395 0.0387 0.0424 0.0619 0.0912 0.125 0.1588 0.0338 0.0267 0.0422 0.0729 0.1099 0.1478 0.1816 0.0365 0.0187 0.0213 0.0535 0.0941 0.1369 0.1761 0.2071 0.0256 0.0 0.0343 0.077 0.1243 0.1695 0.2062 0.0204 0.0239 0.0615 0.1094 0.1587 0.2012 0.0324 0.0535 0.0955 0.145 0.1916 0.0559 0.0862 0.1312 0.1787 0.083 0.1187 0.1621 0.1101 0.1462 0.1331
-2.000 1.000 24 0.1066 0.0938 0.1044 0.0808 0.089 0.105 0.0695 0.0729 0.0871 0.1094 0.0613 0.0579 0.0689 0.091 0.1188 0.0582 0.0468 0.0503 0.0716 0.1018 0.1334 0.061 0.0426 0.033 0.0504 0.0835 0.1195 0.1519 0.0684 0.0479 0.024 0.0265 0.0634 0.1049 0.143 0.1729 0.0598 0.0343 0.0 0.0423 0.0889 0.1331 0.1689 0.0533 0.0275 0.0307 0.0737 0.1211 0.1621 0.0532 0.0432 0.0668 0.11 0.1535 0.0647 0.0726 0.1037 0.1453 0.0858 0.104 0.1377 0.1087 0.1334 0.1307
0.000 1.000 18 0.1079 0.0987 0.1013 0.0908 0.0882 0.0958 0.0849 0.0772 0.0797 0.0927 0.084 0.0699 0.0646 0.0747 0.0948 0.088 0.0685 0.0537 0.0558 0.076 0.1025 0.0969 0.0745 0.0506 0.0377 0.0547 0.0855 0.1152 0.1083 0.0869 0.0592 0.0285 0.0296 0.0663 0.1025 0.131 0.1026 0.077 0.0423 0.0 0.0457 0.0888 0.1236 0.0979 0.0683 0.0331 0.0344 0.076 0.1151 0.0948 0.0667 0.0503 0.0715 0.1082 0.0961 0.0783 0.081 0.1063 0.1041 0.0998 0.1116 0.1176 0.1221 0.1337
2.000 1.000 24 0.1143 0.1093 0.103 0.1071 0.0958 0.0911 0.1082 0.0911 0.081 0.0808 0.1136 0.092 0.0745 0.0666 0.0734 0.1234 0.0992 0.0748 0.0565 0.0557 0.0715 0.137 0.1125 0.0839 0.0546 0.0383 0.0521 0.0765 0.1527 0.1304 0.1014 0.0659 0.0297 0.0288 0.06 0.0868 0.1504 0.1243 0.0889 0.0457 0.0 0.0422 0.0761 0.1478 0.1169 0.0764 0.0342 0.0327 0.0667 0.1441 0.11 0.0716 0.0495 0.0648 0.1407 0.1073 0.0804 0.0764 0.1378 0.1115 0.0983 0.1384 0.1214 0.1415
4.000 1.000 30 0.1228 0.1233 0.1091 0.1265 0.108 0.0938 0.1329 0.1105 0.0908 0.0774 0.1432 0.1179 0.093 0.0723 0.0614 0.1577 0.1311 0.1022 0.0737 0.0527 0.0488 0.1753 0.1493 0.1185 0.0844 0.0518 0.034 0.0432 0.1952 0.1721 0.142 0.1049 0.064 0.0269 0.0241 0.047 0.1962 0.1695 0.1331 0.0888 0.0422 0.0 0.0334 0.1956 0.1636 0.1209 0.0728 0.03 0.0265 0.1915 0.1543 0.1089 0.065 0.0413 0.1842 0.1445 0.1014 0.0697 0.1727 0.1356 0.1011 0.162 0.1312 0.1548
6.000 1.000 36 0.1311 0.1363 0.1165 0.1437 0.1208 0.1 0.1537 0.1283 0.1036 0.0816 0.1676 0.1402 0.112 0.0848 0.0623 0.1855 0.1575 0.1266 0.0945 0.0643 0.0432 0.2063 0.1793 0.1473 0.1114 0.0747 0.0429 0.0264 0.2298 0.206 0.175 0.137 0.0947 0.0537 0.021 0.0177 0.2337 0.2062 0.1689 0.1236 0.0761 0.0334 0.0 0.2346 0.2014 0.1572 0.107 0.0591 0.0225 0.2299 0.1905 0.1417 0.0916 0.0502 0.2191 0.1753 0.1264 0.0815 0.2009 0.1574 0.1138 0.1815 0.1423 0.1652
-5.000 2.000 30 0.1263 0.1118 0.1306 0.0959 0.114 0.1379 0.0792 0.0963 0.1203 0.1494 0.0627 0.078 0.102 0.1323 0.1656 0.0478 0.0596 0.0832 0.1149 0.1512 0.1873 0.0365 0.0417 0.0631 0.0965 0.1361 0.1767 0.2131 0.0311 0.0256 0.042 0.0756 0.1182 0.1636 0.2053 0.2384 0.0172 0.0204 0.0533 0.0979 0.1478 0.1956 0.2346 0.0 0.0324 0.0757 0.1274 0.1804 0.226 0.0213 0.0565 0.1047 0.1584 0.2087 0.046 0.0849 0.1342 0.1853 0.0716 0.1127 0.1603 0.0958 0.1358 0.1162
-3.000 2.000 24 0.1264 0.1126 0.1271 0.0978 0.1105 0.1306 0.0831 0.0934 0.1123 0.1379 0.0706 0.0762 0.0933 0.1195 0.1499 0.0614 0.0603 0.0738 0.1001 0.1331 0.1669 0.0572 0.0479 0.0536 0.0785 0.1148 0.1532 0.1876 0.0584 0.0424 0.0343 0.0544 0.093 0.1365 0.1766 0.2082 0.0458 0.0239 0.0275 0.0683 0.1169 0.1636 0.2014 0.0324 0.0 0.0432 0.0943 0.1463 0.1909 0.0253 0.0293 0.0732 0.1252 0.174 0.0384 0.0616 0.1058 0.1541 0.0624 0.0926 0.1357 0.0871 0.1202 0.1101
-1.000 2.000 18 0.129 0.117 0.1252 0.106 0.1102 0.1225 0.0967 0.0956 0.1056 0.1234 0.0897 0.0836 0.0882 0.1045 0.1285 0.0878 0.0754 0.072 0.0848 0.1096 0.1383 0.0905 0.073 0.0594 0.0636 0.0883 0.1213 0.1521 0.097 0.0774 0.0547 0.0423 0.0631 0.1008 0.1378 0.1672 0.0868 0.0615 0.0307 0.0331 0.0764 0.1209 0.1572 0.0757 0.0432 0.0 0.0503 0.101 0.1443 0.0653 0.0329 0.0355 0.0816 0.1281 0.0617 0.0483 0.0716 0.1131 0.0701 0.0755 0.1038 0.087 0.102 0.1054
1.000 2.000 18 0.134 0.1268 0.1248 0.1204 0.1147 0.1164 0.1175 0.1066 0.1027 0.1094 0.1183 0.1016 0.0918 0.093 0.1049 0.1235 0.1028 0.0851 0.0778 0.0867 0.1056 0.1324 0.1099 0.0853 0.0662 0.0665 0.0865 0.1111 0.1435 0.1218 0.094 0.0631 0.0457 0.0632 0.0939 0.1202 0.1361 0.1094 0.0737 0.0344 0.0342 0.0728 0.107 0.1274 0.0943 0.0503 0.0 0.0495 0.0917 0.1165 0.0789 0.0367 0.0364 0.0768 0.106 0.0716 0.0517 0.0705 0.1002 0.0782 0.0778 0.1019 0.0938 0.1099
3.000 2.000 24 0.1405 0.1384 0.1281 0.1385 0.1235 0.1141 0.1419 0.1223 0.1076 0.0997 0.1492 0.1258 0.1048 0.0906 0.0869 0.1606 0.135 0.1086 0.0856 0.0739 0.0773 0.1753 0.1497 0.1198 0.0881 0.0642 0.0601 0.0731 0.191 0.1675 0.137 0.1002 0.0629 0.0422 0.0541 0.0751 0.1866 0.1587 0.1211 0.076 0.0327 0.03 0.0591 0.1804 0.1463 0.101 0.0495 0.0 0.0413 0.169 0.1293 0.0809 0.0346 0.0315 0.1542 0.113 0.0704 0.0466 0.1403 0.1027 0.074 0.1292 0.1011 0.1244
5.000 2.000 30 0.1462 0.1493 0.1319 0.1547 0.1335 0.1153 0.1633 0.1385 0.1159 0.0973 0.1755 0.1482 0.121 0.0965 0.0787 0.192 0.1635 0.1326 0.1017 0.0755 0.0611 0.2118 0.1841 0.1511 0.1148 0.0791 0.0538 0.047 0.2315 0.2067 0.1744 0.135 0.0923 0.0537 0.0334 0.0401 0.2301 0.2012 0.1621 0.1151 0.0667 0.0265 0.0225 0.226 0.1909 0.1443 0.0917 0.0413 0.0 0.2142 0.1729 0.1222 0.0701 0.0275 0.1959 0.1514 0.1023 0.0585 0.1757 0.1325 0.0897 0.1555 0.1183 0.1407
-4.000 3.000 24 0.1456 0.1307 0.1489 0.1146 0.1317 0.1554 0.098 0.1135 0.1367 0.1657 0.082 0.0948 0.1172 0.1469 0.1807 0.0683 0.0765 0.097 0.1273 0.1632 0.1991 0.0579 0.0594 0.0752 0.1058 0.1445 0.1848 0.2206 0.0523 0.0455 0.053 0.0806 0.1223 0.1675 0.209 0.2414 0.0385 0.0324 0.0532 0.0948 0.1441 0.1915 0.2299 0.0213 0.0253 0.0653 0.1165 0.169 0.2142 0.0 0.0384 0.0873 0.1412 0.1916 0.0244 0.0629 0.1121 0.1628 0.0495 0.0881 0.1341 0.0726 0.1105 0.0931
-2.000 3.000 18 0.1514 0.1377 0.1503 0.1235 0.1341 0.1514 0.1104 0.1174 0.133 0.1556 0.0991 0.1013 0.1141 0.1363 0.1637 0.0905 0.0874 0.0951 0.1158 0.1448 0.1754 0.0863 0.077 0.0768 0.0929 0.1234 0.1582 0.1898 0.0858 0.0719 0.0611 0.068 0.0972 0.1372 0.1749 0.2043 0.0727 0.0535 0.0432 0.0667 0.11 0.1543 0.1905 0.0565 0.0293 0.0329 0.0789 0.1293 0.1729 0.0384 0.0 0.0483 0.1012 0.1503 0.0283 0.0317 0.0759 0.1247 0.0401 0.062 0.1026 0.0613 0.0882 0.0823
0.000 3.000 12 0.1574 0.1475 0.1515 0.1382 0.1382 0.1462 0.1301 0.1263 0.1303 0.1422 0.1255 0.1166 0.1154 0.1246 0.1414 0.1243 0.1105 0.1027 0.1065 0.1224 0.144 0.1265 0.1094 0.0938 0.0889 0.1008 0.1249 0.1498 0.131 0.1129 0.0911 0.0734 0.0761 0.101 0.1321 0.1575 0.1193 0.0955 0.0668 0.0503 0.0716 0.1089 0.1417 0.1047 0.0732 0.0355 0.0367 0.0809 0.1222 0.0873 0.0483 0.0 0.0517 0.0994 0.0706 0.0342 0.0354 0.0781 0.0621 0.0467 0.0669 0.0664 0.0692 0.0789
2.000 3.000 18 0.1636 0.1583 0.1526 0.155 0.1452 0.1407 0.1542 0.1397 0.1309 0.1293 0.1568 0.1382 0.1236 0.1168 0.1192 0.1629 0.1414 0.1209 0.1065 0.1038 0.1117 0.1717 0.1492 0.1239 0.1002 0.0888 0.0938 0.1083 0.1814 0.1603 0.1329 0.1009 0.0758 0.0726 0.0893 0.1088 0.1713 0.145 0.11 0.0715 0.0495 0.065 0.0916 0.1584 0.1252 0.0816 0.0364 0.0346 0.0701 0.1412 0.1012 0.0517 0.0 0.0466 0.1207 0.0786 0.0351 0.0335 0.1026 0.0667 0.0464 0.0917 0.0693 0.0901
4.000 3.000 24 0.1671 0.1676 0.1532 0.1704 0.152 0.1374 0.1762 0.1538 0.1346 0.1204 0.1857 0.16 0.1358 0.1157 0.1032 0.1981 0.1711 0.1426 0.1159 0.0958 0.0873 0.213 0.1867 0.1555 0.1221 0.0923 0.076 0.0748 0.228 0.2045 0.1734 0.1356 0.0957 0.0665 0.0589 0.0677 0.2198 0.1916 0.1535 0.1082 0.0648 0.0413 0.0502 0.2087 0.174 0.1281 0.0768 0.0315 0.0275 0.1916 0.1503 0.0994 0.0466 0.0 0.1678 0.1236 0.0743 0.0306 0.1433 0.1014 0.0611 0.1239 0.0883 0.1108
-3.000 4.000 18 0.1713 0.156 0.1733 0.1399 0.1558 0.1775 0.1236 0.1371 0.1584 0.1854 0.1082 0.1187 0.1384 0.1651 0.1962 0.0947 0.101 0.117 0.144 0.1762 0.2098 0.0841 0.0845 0.0956 0.1207 0.1545 0.1908 0.2225 0.0771 0.0713 0.0744 0.0932 0.1284 0.1688 0.2061 0.2346 0.0633 0.0559 0.0647 0.0961 0.1407 0.1842 0.2191 0.046 0.0384 0.0617 0.106 0.1542 0.1959 0.0244 0.0283 0.0706 0.1207 0.1678 0.0 0.0401 0.0876 0.1362 0.0247 0.0614 0.1055 0.0474 0.0818 0.0673
-1.000 4.000 12 0.1811 0.1683 0.1779 0.1554 0.1625 0.1758 0.1433 0.1471 0.1582 0.1755 0.1328 0.1327 0.1405 0.1567 0.1774 0.1249 0.1202 0.1236 0.1362 0.158 0.1816 0.1197 0.1111 0.1073 0.115 0.1359 0.1623 0.1871 0.1169 0.1053 0.0939 0.093 0.1086 0.1384 0.1686 0.1924 0.103 0.0862 0.0726 0.0783 0.1073 0.1445 0.1753 0.0849 0.0616 0.0483 0.0716 0.113 0.1514 0.0629 0.0317 0.0342 0.0786 0.1236 0.0401 0.0 0.0467 0.0942 0.0276 0.0298 0.0691 0.037 0.0557 0.0549
1.000 4.000 12 0.1884 0.1803 0.1798 0.1728 0.1692 0.1709 0.1671 0.1596 0.158 0.1622 0.1636 0.1525 0.1462 0.1472 0.1549 0.1627 0.1485 0.1367 0.1331 0.1376 0.1493 0.1637 0.1477 0.1314 0.1194 0.1193 0.131 0.1459 0.1655 0.1495 0.1294 0.1086 0.0999 0.1076 0.1269 0.1444 0.1522 0.1312 0.1037 0.081 0.0804 0.1014 0.1264 0.1342 0.1058 0.0716 0.0517 0.0704 0.1023 0.1121 0.0759 0.0354 0.0351 0.0743 0.0876 0.0467 0.0 0.0464 0.0664 0.0311 0.0311 0.0556 0.0406 0.0578
3.000 4.000 18 0.1917 0.1893 0.1788 0.1884 0.1746 0.1644 0.1902 0.1724 0.1581 0.1491 0.1944 0.1734 0.1551 0.141 0.1336 0.2012 0.1783 0.1556 0.1352 0.1233 0.1192 0.2081 0.1863 0.1605 0.1345 0.1137 0.1055 0.1076 0.2151 0.1954 0.169 0.1376 0.107 0.0907 0.0906 0.0994 0.2031 0.1787 0.1453 0.1063 0.0764 0.0697 0.0815 0.1853 0.1541 0.1131 0.0705 0.0466 0.0585 0.1628 0.1247 0.0781 0.0335 0.0306 0.1362 0.0942 0.0464 0.0 0.1096 0.0692 0.03 0.0892 0.0567 0.0783
-2.000 5.000 12 0.1995 0.1847 0.1999 0.1692 0.1821 0.2009 0.153 0.1643 0.1821 0.2035 0.1376 0.1468 0.1615 0.1838 0.209 0.1244 0.1291 0.1416 0.1627 0.1878 0.2144 0.1127 0.1129 0.1215 0.138 0.165 0.1932 0.2192 0.1035 0.1 0.1005 0.1123 0.1377 0.1688 0.1982 0.2198 0.0897 0.083 0.0858 0.1041 0.1378 0.1727 0.2009 0.0716 0.0624 0.0701 0.1002 0.1403 0.1757 0.0495 0.0401 0.0621 0.1026 0.1433 0.0247 0.0276 0.0664 0.1096 0.0 0.037 0.0783 0.0225 0.0545 0.0423
0.000 5.000 6 0.211 0.1994 0.2049 0.1877 0.1916 0.1988 0.1772 0.1777 0.1834 0.1937 0.1674 0.1648 0.1685 0.176 0.1886 0.1591 0.1545 0.1532 0.1586 0.1708 0.1842 0.1523 0.1452 0.139 0.1409 0.1491 0.1654 0.1803 0.1465 0.1377 0.1281 0.1212 0.1256 0.142 0.1609 0.1764 0.1318 0.1187 0.104 0.0998 0.1115 0.1356 0.1574 0.1127 0.0926 0.0755 0.0782 0.1027 0.1325 0.0881 0.062 0.0467 0.0667 0.1014 0.0614 0.0298 0.0311 0.0692 0.037 0.0 0.0406 0.0244 0.0258 0.0322
2.000 5.000 12 0.2158 0.2104 0.205 0.2051 0.197 0.193 0.201 0.1907 0.1831 0.1795 0.1994 0.1858 0.1745 0.1688 0.1658 0.1983 0.1831 0.1694 0.158 0.153 0.1535 0.1976 0.1821 0.1654 0.1485 0.1398 0.1373 0.1415 0.1949 0.1816 0.1633 0.1426 0.1248 0.1192 0.1244 0.1317 0.18 0.1621 0.1377 0.1116 0.0983 0.1011 0.1138 0.1603 0.1357 0.1038 0.0778 0.074 0.0897 0.1341 0.1026 0.0669 0.0464 0.0611 0.1055 0.0691 0.0311 0.03 0.0783 0.0406 0.0 0.0574 0.0263 0.0477
-1.000 6.000 6 0.2266 0.2129 0.2234 0.1974 0.2076 0.2215 0.1817 0.1913 0.2029 0.2186 0.1674 0.1738 0.1849 0.2004 0.2158 0.153 0.1567 0.1669 0.1792 0.1969 0.2142 0.1398 0.1419 0.1466 0.1578 0.1753 0.193 0.2096 0.1279 0.1268 0.1268 0.1344 0.1476 0.1688 0.1879 0.203 0.1139 0.1101 0.1087 0.1176 0.1384 0.162 0.1815 0.0958 0.0871 0.087 0.1019 0.1292 0.1555 0.0726 0.0613 0.0664 0.0917 0.1239 0.0474 0.037 0.0556 0.0892 0.0225 0.0244 0.0574 0.0 0.0322 0.0198
1.000 6.000 6 0.2361 0.2262 0.2281 0.2172 0.2162 0.2179 0.2074 0.2045 0.2057 0.2068 0.1981 0.1948 0.1924 0.1933 0.1964 0.1906 0.1846 0.1797 0.1798 0.1802 0.1844 0.1818 0.1751 0.1693 0.1639 0.1636 0.1682 0.1723 0.1725 0.1656 0.1574 0.1476 0.1446 0.1463 0.1545 0.1606 0.1559 0.1462 0.1334 0.1221 0.1214 0.1312 0.1423 0.1358 0.1202 0.102 0.0938 0.1011 0.1183 0.1105 0.0882 0.0692 0.0693 0.0883 0.0818 0.0557 0.0406 0.0567 0.0545 0.0258 0.0263 0.0322 0.0 0.0213
0.000 7.000 0 0.25 0.2366 0.2438 0.2223 0.2301 0.2366 0.2087 0.2141 0.2215 0.2298 0.1936 0.1979 0.2061 0.2125 0.2204 0.1785 0.1833 0.1883 0.1956 0.2041 0.2096 0.1647 0.1668 0.1697 0.1771 0.1832 0.1923 0.199 0.1499 0.1504 0.1522 0.1542 0.1603 0.1705 0.179 0.1854 0.1346 0.1331 0.1307 0.1337 0.1415 0.1548 0.1652 0.1162 0.1101 0.1054 0.1099 0.1244 0.1407 0.0931 0.0823 0.0789 0.0901 0.1108 0.0673 0.0549 0.0578 0.0783 0.0423 0.0322 0.0477 0.0198 0.0213 0.0