n 64
m 4
tmax 20.0
Vcpm 1.2
R 0.8
dmax 32.0
0.000 -7.000 0 0.0 0.0193 0.0208 0.041 0.0317 0.0476 0.0639 0.0527 0.0569 0.0792 0.086 0.0753 0.0745 0.0882 0.1129 0.1039 0.0962 0.0932 0.1018 0.1219 0.1428 0.1171 0.1115 0.109 0.1164 0.1318 0.1525 0.1658 0.1271 0.1224 0.1221 0.1275 0.1424 0.1631 0.1777 0.1834 0.1313 0.1306 0.1359 0.1514 0.1721 0.1909 0.1977 0.1378 0.1435 0.1569 0.1797 0.2032 0.2127 0.1496 0.1614 0.1845 0.2115 0.2294 0.1668 0.1866 0.2162 0.2425 0.1894 0.2176 0.2486 0.2176 0.25 0.2485
-1.000 -6.000 6 0.0193 0.0 0.0317 0.0216 0.0237 0.057 0.0442 0.0347 0.0533 0.0888 0.0654 0.0545 0.0601 0.0867 0.1229 0.0834 0.0734 0.0738 0.0901 0.1216 0.1533 0.0963 0.0891 0.087 0.0974 0.1227 0.1536 0.1771 0.1052 0.0997 0.0977 0.1057 0.125 0.1549 0.1807 0.1957 0.1076 0.1067 0.1121 0.1287 0.1567 0.1852 0.2029 0.1137 0.1179 0.1323 0.1576 0.1891 0.2115 0.1242 0.1354 0.1584 0.191 0.2185 0.1399 0.1591 0.1901 0.2235 0.1612 0.1883 0.2238 0.1875 0.2203 0.2164
1.000 -6.000 6 0.0208 0.0317 0.0 0.0529 0.0256 0.0267 0.0767 0.0531 0.0403 0.0581 0.0994 0.0795 0.0649 0.0682 0.0905 0.1173 0.1024 0.0892 0.0871 0.0995 0.1205 0.1301 0.1189 0.11 0.1063 0.1137 0.1298 0.143 0.1394 0.1305 0.1243 0.1224 0.1296 0.1418 0.154 0.1582 0.1396 0.1349 0.1355 0.1427 0.1561 0.1685 0.1714 0.144 0.1449 0.153 0.169 0.1836 0.1887 0.1532 0.1616 0.1782 0.1978 0.2079 0.169 0.1847 0.208 0.2246 0.191 0.2137 0.2372 0.2178 0.2442 0.2466
-2.000 -5.000 12 0.041 0.0216 0.0529 0.0 0.0347 0.0753 0.0223 0.0247 0.0607 0.1045 0.0431 0.0341 0.0532 0.0918 0.1355 0.0601 0.0503 0.0561 0.0835 0.1245 0.1646 0.073 0.0643 0.065 0.0813 0.1151 0.1553 0.1869 0.0818 0.0751 0.0736 0.0836 0.1094 0.147 0.182 0.2029 0.083 0.0813 0.0878 0.107 0.1404 0.1777 0.2045 0.0883 0.0925 0.107 0.1355 0.1734 0.2051 0.0982 0.1088 0.1324 0.1684 0.2048 0.1128 0.1311 0.163 0.2016 0.1325 0.1589 0.1961 0.1572 0.1895 0.1842
0.000 -5.000 6 0.0317 0.0237 0.0256 0.0347 0.0 0.0403 0.0551 0.0272 0.0294 0.0685 0.0755 0.053 0.0414 0.0624 0.1 0.0924 0.0746 0.0622 0.0682 0.0961 0.1298 0.1043 0.0912 0.0806 0.0813 0.0988 0.1282 0.1526 0.1124 0.1025 0.0951 0.0943 0.1063 0.1306 0.1548 0.1687 0.111 0.1055 0.1052 0.1152 0.1359 0.1601 0.1748 0.1141 0.1144 0.1229 0.1423 0.1672 0.1843 0.1226 0.1299 0.1477 0.1736 0.1951 0.1369 0.1523 0.178 0.2043 0.1577 0.1805 0.2095 0.1831 0.2112 0.2112
2.000 -5.000 12 0.0476 0.057 0.0267 0.0753 0.0403 0.0 0.097 0.0653 0.0308 0.0309 0.1172 0.0909 0.0622 0.0458 0.0627 0.1333 0.1129 0.09 0.0722 0.0729 0.091 0.144 0.1286 0.1125 0.0978 0.0926 0.1002 0.1135 0.1512 0.1395 0.1282 0.1192 0.114 0.1165 0.1238 0.1283 0.148 0.1398 0.1347 0.1332 0.1361 0.1395 0.1403 0.1495 0.1466 0.1489 0.1547 0.1595 0.1581 0.1569 0.1606 0.1697 0.1792 0.1793 0.1709 0.1814 0.1952 0.2014 0.1911 0.2068 0.2199 0.2157 0.2326 0.2407
-3.000 -4.000 18 0.0639 0.0442 0.0767 0.0223 0.0551 0.097 0.0 0.0341 0.0755 0.1226 0.0204 0.0228 0.0568 0.1013 0.1493 0.0372 0.0295 0.0466 0.0829 0.129 0.1732 0.0496 0.0414 0.0465 0.0709 0.1106 0.1567 0.1936 0.0583 0.0514 0.0517 0.066 0.0968 0.1401 0.1814 0.2074 0.0592 0.0581 0.0662 0.0884 0.1261 0.1695 0.2013 0.0646 0.0691 0.0852 0.1156 0.158 0.1964 0.0741 0.0851 0.1088 0.1472 0.1889 0.0879 0.1063 0.138 0.1797 0.1071 0.1318 0.1698 0.1303 0.1608 0.155
-1.000 -4.000 12 0.0527 0.0347 0.0531 0.0247 0.0272 0.0653 0.0341 0.0 0.0414 0.088 0.0509 0.0254 0.0282 0.0686 0.1148 0.0659 0.0466 0.0371 0.0582 0.0991 0.1401 0.0769 0.0624 0.0526 0.0596 0.0893 0.1294 0.162 0.0846 0.0738 0.0658 0.0675 0.0867 0.1212 0.1556 0.177 0.0822 0.076 0.0763 0.0891 0.1173 0.1518 0.1762 0.0847 0.0846 0.0937 0.117 0.1499 0.1778 0.0923 0.0994 0.1182 0.1489 0.1801 0.1063 0.1205 0.1483 0.1812 0.1252 0.1478 0.1802 0.149 0.1778 0.1758
1.000 -4.000 12 0.0569 0.0533 0.0403 0.0607 0.0294 0.0308 0.0755 0.0414 0.0 0.0458 0.0915 0.0628 0.0308 0.0326 0.0729 0.1045 0.0822 0.058 0.0449 0.0658 0.0997 0.1136 0.0969 0.0792 0.0664 0.0718 0.0966 0.1223 0.1198 0.1073 0.095 0.0856 0.086 0.1015 0.1233 0.1376 0.1153 0.1064 0.1006 0.1014 0.1124 0.13 0.1429 0.116 0.1123 0.1147 0.125 0.1409 0.1532 0.1225 0.1254 0.1365 0.1532 0.1668 0.1354 0.1461 0.1638 0.1806 0.1545 0.1719 0.192 0.1788 0.1997 0.2045
3.000 -4.000 18 0.0792 0.0888 0.0581 0.1045 0.0685 0.0309 0.1226 0.088 0.0458 0.0 0.1385 0.109 0.0724 0.0329 0.0311 0.1502 0.1267 0.0981 0.0657 0.0458 0.0587 0.1579 0.1402 0.1194 0.0946 0.0729 0.0689 0.0799 0.1627 0.1493 0.1346 0.1184 0.1008 0.0896 0.0898 0.0947 0.1565 0.1461 0.136 0.1257 0.115 0.1083 0.1055 0.156 0.1497 0.1451 0.1397 0.1322 0.1235 0.1616 0.1603 0.1608 0.1575 0.1475 0.1734 0.1771 0.1798 0.1736 0.1907 0.1974 0.1976 0.2111 0.2166 0.2308
-4.000 -3.000 24 0.086 0.0654 0.0994 0.0431 0.0755 0.1172 0.0204 0.0509 0.0915 0.1385 0.0 0.0295 0.0663 0.1115 0.1605 0.0166 0.0186 0.0469 0.086 0.1337 0.1798 0.0289 0.0229 0.0367 0.0666 0.1088 0.1566 0.1952 0.0378 0.0314 0.0355 0.055 0.0886 0.1345 0.179 0.208 0.0391 0.0392 0.0505 0.0753 0.1151 0.1617 0.1973 0.0448 0.051 0.0682 0.1003 0.1449 0.1863 0.0544 0.0668 0.0907 0.1299 0.1744 0.0687 0.0862 0.118 0.1606 0.0871 0.1106 0.1475 0.1084 0.1376 0.1319
-2.000 -3.000 18 0.0753 0.0545 0.0795 0.0341 0.053 0.0909 0.0228 0.0254 0.0628 0.109 0.0295 0.0 0.0371 0.0823 0.1307 0.0417 0.0209 0.0236 0.0599 0.1065 0.1512 0.0518 0.0367 0.0295 0.0479 0.0866 0.1319 0.1683 0.059 0.0481 0.0406 0.047 0.0741 0.1156 0.1566 0.1827 0.0565 0.0506 0.0521 0.0693 0.1033 0.145 0.1762 0.0589 0.0592 0.0699 0.0961 0.1354 0.171 0.067 0.0734 0.0937 0.1277 0.1658 0.0797 0.0941 0.1222 0.16 0.0975 0.1199 0.1537 0.1205 0.1482 0.1453
0.000 -3.000 12 0.0745 0.0601 0.0649 0.0532 0.0414 0.0622 0.0568 0.0282 0.0308 0.0724 0.0663 0.0371 0.0 0.0449 0.0923 0.0761 0.0529 0.0267 0.0299 0.0716 0.1138 0.0836 0.0663 0.0477 0.0386 0.0608 0.0998 0.1324 0.089 0.0761 0.0632 0.0546 0.0629 0.0924 0.1261 0.1478 0.0841 0.0746 0.0687 0.0722 0.0926 0.123 0.1465 0.0843 0.0799 0.0829 0.0979 0.1243 0.1488 0.0902 0.0928 0.1049 0.1285 0.1536 0.1021 0.1124 0.1333 0.1591 0.1206 0.1379 0.1635 0.1433 0.1664 0.1686
2.000 -3.000 18 0.0882 0.0867 0.0682 0.0918 0.0624 0.0458 0.1013 0.0686 0.0326 0.0329 0.1115 0.0823 0.0449 0.0 0.0458 0.1195 0.096 0.0664 0.0322 0.0328 0.0685 0.1249 0.107 0.0855 0.0606 0.0456 0.0631 0.0887 0.1286 0.1153 0.1002 0.0834 0.0692 0.0712 0.0886 0.104 0.1223 0.1116 0.101 0.0916 0.0888 0.0974 0.1083 0.1215 0.1146 0.1101 0.1091 0.1132 0.1193 0.1265 0.1248 0.1272 0.1319 0.1355 0.1376 0.1418 0.1495 0.1546 0.1545 0.1637 0.1725 0.1754 0.1866 0.197
4.000 -3.000 24 0.1129 0.1229 0.0905 0.1355 0.1 0.0627 0.1493 0.1148 0.0729 0.0311 0.1605 0.1307 0.0923 0.0458 0.0 0.1673 0.1434 0.1124 0.0725 0.0309 0.0271 0.171 0.1526 0.1295 0.0991 0.0631 0.0405 0.0479 0.1737 0.1601 0.1437 0.1226 0.094 0.0671 0.0578 0.0622 0.1662 0.1544 0.1405 0.1217 0.0975 0.0786 0.0719 0.1643 0.155 0.1439 0.1272 0.1064 0.0902 0.1683 0.1616 0.1525 0.1362 0.1156 0.1772 0.1729 0.1637 0.1448 0.1902 0.1862 0.1731 0.2042 0.1976 0.2163
-5.000 -2.000 30 0.1039 0.0834 0.1173 0.0601 0.0924 0.1333 0.0372 0.0659 0.1045 0.1502 0.0166 0.0417 0.0761 0.1195 0.1673 0.0 0.0229 0.0521 0.09 0.1369 0.1831 0.0124 0.014 0.0355 0.0663 0.1082 0.1562 0.1955 0.0215 0.017 0.0274 0.0502 0.0848 0.1306 0.1754 0.2049 0.0237 0.0268 0.0416 0.0677 0.1078 0.1555 0.1931 0.0303 0.0391 0.058 0.0903 0.1354 0.1788 0.041 0.054 0.0788 0.1177 0.163 0.0552 0.0731 0.1041 0.1465 0.0727 0.0961 0.1316 0.0937 0.121 0.1158
-3.000 -2.000 24 0.0962 0.0734 0.1024 0.0503 0.0746 0.1129 0.0295 0.0466 0.0822 0.1267 0.0186 0.0209 0.0529 0.096 0.1434 0.0229 0.0 0.0295 0.0678 0.1148 0.1603 0.0314 0.0158 0.0181 0.047 0.0886 0.1359 0.1741 0.0387 0.0274 0.0221 0.0366 0.069 0.1137 0.1568 0.1848 0.0364 0.0307 0.0357 0.0576 0.0953 0.1409 0.1761 0.0393 0.0401 0.0536 0.0826 0.1253 0.1656 0.0471 0.055 0.0758 0.1124 0.1546 0.0597 0.0747 0.1033 0.1433 0.0776 0.0986 0.1331 0.0991 0.1256 0.1221
-1.000 -2.000 18 0.0932 0.0738 0.0892 0.0561 0.0622 0.09 0.0466 0.0371 0.058 0.0981 0.0469 0.0236 0.0267 0.0664 0.1124 0.0521 0.0295 0.0 0.0386 0.0852 0.1296 0.0579 0.0406 0.0209 0.0244 0.0626 0.1082 0.1445 0.0632 0.0503 0.0365 0.0303 0.0508 0.0909 0.1308 0.1563 0.0581 0.0485 0.0423 0.0508 0.0806 0.1205 0.1513 0.0581 0.0535 0.0571 0.0776 0.1126 0.1464 0.0635 0.0657 0.0797 0.1085 0.1429 0.0752 0.0845 0.1079 0.1403 0.092 0.1095 0.1384 0.1135 0.1372 0.1377
1.000 -2.000 18 0.1018 0.0901 0.0871 0.0835 0.0682 0.0722 0.0829 0.0582 0.0449 0.0657 0.086 0.0599 0.0299 0.0322 0.0725 0.09 0.0678 0.0386 0.0 0.0456 0.0881 0.0937 0.0764 0.0545 0.028 0.0309 0.0704 0.1038 0.0972 0.084 0.0684 0.0506 0.041 0.0624 0.0948 0.1167 0.0906 0.0795 0.068 0.0598 0.0674 0.0923 0.1156 0.0895 0.0816 0.0769 0.0804 0.0973 0.1181 0.0937 0.091 0.0949 0.1077 0.1254 0.1037 0.1079 0.1194 0.1354 0.1196 0.1303 0.1461 0.1403 0.1553 0.1627
3.000 -2.000 24 0.1219 0.1216 0.0995 0.1245 0.0961 0.0729 0.129 0.0991 0.0658 0.0458 0.1337 0.1065 0.0716 0.0328 0.0309 0.1369 0.1148 0.0852 0.0456 0.0 0.0405 0.1389 0.1217 0.0993 0.0685 0.0318 0.03 0.0575 0.1409 0.1278 0.1115 0.09 0.0623 0.0437 0.0552 0.0714 0.1339 0.1222 0.108 0.089 0.0698 0.0656 0.0741 0.1321 0.1224 0.1112 0.0971 0.0865 0.0852 0.1354 0.1287 0.1212 0.1118 0.1043 0.1439 0.1405 0.1358 0.1279 0.1569 0.1561 0.1514 0.1725 0.1716 0.1879
5.000 -2.000 30 0.1428 0.1533 0.1205 0.1646 0.1298 0.091 0.1732 0.1401 0.0997 0.0587 0.1798 0.1512 0.1138 0.0685 0.0271 0.1831 0.1603 0.1296 0.0881 0.0405 0.0 0.1835 0.166 0.1426 0.1096 0.0664 0.0258 0.0207 0.1843 0.1709 0.1536 0.1296 0.0949 0.0553 0.0321 0.0351 0.177 0.1645 0.1479 0.1226 0.087 0.0559 0.0437 0.1741 0.1622 0.1454 0.1187 0.0858 0.062 0.1756 0.1642 0.1462 0.1181 0.088 0.1817 0.1688 0.1484 0.1183 0.1889 0.1738 0.1492 0.1957 0.1762 0.1981
-6.000 -1.000 36 0.1171 0.0963 0.1301 0.073 0.1043 0.144 0.0496 0.0769 0.1136 0.1579 0.0289 0.0518 0.0836 0.1249 0.171 0.0124 0.0314 0.0579 0.0937 0.1389 0.1835 0.0 0.017 0.0388 0.068 0.1084 0.1559 0.1953 0.0092 0.0104 0.0266 0.0499 0.0835 0.1287 0.1738 0.2036 0.0131 0.0211 0.0386 0.0653 0.1048 0.1519 0.1893 0.0215 0.0332 0.0534 0.0854 0.1301 0.1743 0.0328 0.0476 0.0726 0.1108 0.1563 0.0468 0.0659 0.0963 0.1381 0.0646 0.0877 0.1222 0.0851 0.1114 0.1063
-4.000 -1.000 30 0.1115 0.0891 0.1189 0.0643 0.0912 0.1286 0.0414 0.0624 0.0969 0.1402 0.0229 0.0367 0.0663 0.107 0.1526 0.014 0.0158 0.0406 0.0764 0.1217 0.166 0.017 0.0 0.0221 0.0519 0.0927 0.1401 0.1788 0.0234 0.0118 0.0136 0.0356 0.0694 0.1146 0.159 0.1879 0.0211 0.0169 0.028 0.0535 0.0927 0.1391 0.1753 0.0245 0.0282 0.0451 0.0759 0.12 0.1629 0.0331 0.0434 0.0659 0.1034 0.1476 0.0465 0.0621 0.0914 0.1324 0.0641 0.0852 0.1193 0.0846 0.1105 0.1066
-2.000 -1.000 24 0.109 0.087 0.11 0.065 0.0806 0.1125 0.0465 0.0526 0.0792 0.1194 0.0367 0.0295 0.0477 0.0855 0.1295 0.0355 0.0181 0.0209 0.0545 0.0993 0.1426 0.0388 0.0221 0.0 0.0303 0.0715 0.1185 0.1561 0.0435 0.0305 0.0158 0.0188 0.0506 0.0951 0.1382 0.1658 0.0387 0.028 0.0233 0.0402 0.0769 0.1212 0.1554 0.0384 0.0332 0.04 0.0659 0.1068 0.1466 0.0435 0.0456 0.0624 0.0956 0.1361 0.0543 0.0645 0.0895 0.1266 0.0704 0.0883 0.1192 0.0913 0.1149 0.1139
0.000 -1.000 18 0.1164 0.0974 0.1063 0.0813 0.0813 0.0978 0.0709 0.0596 0.0664 0.0946 0.0666 0.0479 0.0386 0.0606 0.0991 0.0663 0.047 0.0244 0.028 0.0685 0.1096 0.068 0.0519 0.0303 0.0 0.041 0.0868 0.1225 0.0712 0.0584 0.0422 0.0225 0.0267 0.0667 0.1071 0.1326 0.0654 0.0533 0.0401 0.0342 0.0566 0.0948 0.1251 0.0632 0.0542 0.0487 0.0586 0.0883 0.1211 0.0662 0.0624 0.0675 0.0885 0.1187 0.0749 0.0784 0.0936 0.1195 0.0899 0.1008 0.1222 0.1093 0.1265 0.1316
2.000 -1.000 24 0.1318 0.1227 0.1137 0.1151 0.0988 0.0926 0.1106 0.0893 0.0718 0.0729 0.1088 0.0866 0.0608 0.0456 0.0631 0.1082 0.0886 0.0626 0.0309 0.0318 0.0664 0.1084 0.0927 0.0715 0.041 0.0 0.0437 0.0772 0.1102 0.0978 0.0817 0.0594 0.0301 0.0312 0.0648 0.0878 0.1039 0.0918 0.0763 0.0564 0.0437 0.0607 0.0836 0.1013 0.0906 0.078 0.0666 0.0694 0.0854 0.1037 0.0956 0.0885 0.0869 0.0947 0.1108 0.107 0.1064 0.11 0.1229 0.1238 0.1274 0.1389 0.143 0.1559
4.000 -1.000 30 0.1525 0.1536 0.1298 0.1553 0.1282 0.1002 0.1567 0.1294 0.0966 0.0689 0.1566 0.1319 0.0998 0.0631 0.0405 0.1562 0.1359 0.1082 0.0704 0.03 0.0258 0.1559 0.1401 0.1185 0.0868 0.0437 0.0 0.0321 0.1566 0.1442 0.1278 0.1041 0.0689 0.0293 0.0249 0.0437 0.1496 0.1371 0.1201 0.0946 0.0608 0.0384 0.0437 0.1471 0.135 0.1178 0.0914 0.0649 0.0544 0.1482 0.1363 0.1191 0.0951 0.0755 0.1528 0.1413 0.1241 0.1024 0.1601 0.1484 0.1301 0.1684 0.1553 0.1753
6.000 -1.000 36 0.1658 0.1771 0.143 0.1869 0.1526 0.1135 0.1936 0.162 0.1223 0.0799 0.1952 0.1683 0.1324 0.0887 0.0479 0.1955 0.1741 0.1445 0.1038 0.0575 0.0207 0.1953 0.1788 0.1561 0.1225 0.0772 0.0321 0.0 0.195 0.1821 0.1648 0.1395 0.1013 0.0555 0.0195 0.0146 0.1869 0.1735 0.1547 0.1255 0.0842 0.0438 0.0233 0.184 0.17 0.1487 0.1147 0.0728 0.0419 0.1829 0.167 0.1419 0.1047 0.0672 0.1836 0.1647 0.1351 0.0969 0.1857 0.1612 0.1274 0.1843 0.1548 0.1789
-7.000 0.000 42 0.1271 0.1052 0.1394 0.0818 0.1124 0.1512 0.0583 0.0846 0.1198 0.1627 0.0378 0.059 0.089 0.1286 0.1737 0.0215 0.0387 0.0632 0.0972 0.1409 0.1843 0.0092 0.0234 0.0435 0.0712 0.1102 0.1566 0.195 0.0 0.0131 0.0298 0.0522 0.0846 0.1291 0.1743 0.2045 0.0084 0.0213 0.0397 0.066 0.1047 0.1517 0.1896 0.0178 0.0322 0.0534 0.0852 0.1292 0.1727 0.0293 0.046 0.0712 0.1087 0.154 0.0435 0.0636 0.0937 0.1348 0.0613 0.0848 0.1186 0.0815 0.1075 0.1023
-5.000 0.000 36 0.1224 0.0997 0.1305 0.0751 0.1025 0.1395 0.0514 0.0738 0.1073 0.1493 0.0314 0.0481 0.0761 0.1153 0.1601 0.017 0.0274 0.0503 0.084 0.1278 0.1709 0.0104 0.0118 0.0305 0.0584 0.0978 0.1442 0.1821 0.0131 0.0 0.0169 0.0398 0.0727 0.1175 0.1626 0.1921 0.0095 0.0108 0.0281 0.0546 0.0937 0.1407 0.178 0.0142 0.0231 0.0432 0.0751 0.1191 0.1621 0.0245 0.0381 0.0622 0.0999 0.145 0.0387 0.0563 0.086 0.1271 0.0561 0.0783 0.1121 0.0766 0.1021 0.0977
-3.000 0.000 30 0.1221 0.0977 0.1243 0.0736 0.0951 0.1282 0.0517 0.0658 0.095 0.1346 0.0355 0.0406 0.0632 0.1002 0.1437 0.0274 0.0221 0.0365 0.0684 0.1115 0.1536 0.0266 0.0136 0.0158 0.0422 0.0817 0.1278 0.1648 0.0298 0.0169 0.0 0.0233 0.057 0.1021 0.1465 0.175 0.0243 0.0125 0.0147 0.04 0.0792 0.1257 0.1619 0.0232 0.0189 0.0321 0.0625 0.106 0.1477 0.0282 0.0329 0.0535 0.0897 0.1335 0.0393 0.0518 0.079 0.1186 0.0559 0.0746 0.1069 0.0761 0.0999 0.0979
-1.000 0.000 24 0.1275 0.1057 0.1224 0.0836 0.0943 0.1192 0.066 0.0675 0.0856 0.1184 0.055 0.047 0.0546 0.0834 0.1226 0.0502 0.0366 0.0303 0.0506 0.09 0.1296 0.0499 0.0356 0.0188 0.0225 0.0594 0.1041 0.1395 0.0522 0.0398 0.0233 0.0 0.0342 0.0791 0.1222 0.1492 0.0462 0.0332 0.0177 0.0217 0.0583 0.1031 0.1375 0.0433 0.0321 0.0275 0.0477 0.0872 0.126 0.0449 0.0395 0.0482 0.0774 0.1166 0.0523 0.0555 0.0748 0.1084 0.0659 0.0779 0.1041 0.0847 0.1033 0.1061
1.000 0.000 24 0.1424 0.125 0.1296 0.1094 0.1063 0.114 0.0968 0.0867 0.086 0.1008 0.0886 0.0741 0.0629 0.0692 0.094 0.0848 0.069 0.0508 0.041 0.0623 0.0949 0.0835 0.0694 0.0506 0.0267 0.0301 0.0689 0.1013 0.0846 0.0727 0.057 0.0342 0.0 0.0437 0.0844 0.1094 0.0784 0.0657 0.0487 0.0261 0.0298 0.0685 0.0997 0.0753 0.0626 0.0477 0.0398 0.0612 0.0925 0.0753 0.0652 0.0582 0.0662 0.0903 0.0805 0.0755 0.0788 0.0946 0.091 0.0929 0.1038 0.1066 0.1145 0.1246
3.000 0.000 30 0.1631 0.1549 0.1418 0.147 0.1306 0.1165 0.1401 0.1212 0.1015 0.0896 0.1345 0.1156 0.0924 0.0712 0.0671 0.1306 0.1137 0.0909 0.0624 0.0437 0.0553 0.1287 0.1146 0.0951 0.0667 0.0312 0.0293 0.0555 0.1291 0.1175 0.1021 0.0791 0.0437 0.0 0.0384 0.0618 0.1226 0.1101 0.0927 0.066 0.0311 0.0291 0.0542 0.1194 0.1059 0.0872 0.0612 0.043 0.0532 0.1191 0.1059 0.0877 0.0688 0.0639 0.1222 0.11 0.0952 0.0841 0.1286 0.1184 0.1073 0.1375 0.1287 0.1472
5.000 0.000 36 0.1777 0.1807 0.154 0.182 0.1548 0.1238 0.1814 0.1556 0.1233 0.0898 0.179 0.1566 0.1261 0.0886 0.0578 0.1754 0.1568 0.1308 0.0948 0.0552 0.0321 0.1738 0.159 0.1382 0.1071 0.0648 0.0249 0.0195 0.1743 0.1626 0.1465 0.1222 0.0844 0.0384 0.0 0.0233 0.167 0.154 0.1354 0.1061 0.0643 0.0244 0.0187 0.1628 0.1481 0.1264 0.0928 0.0533 0.0301 0.1619 0.1455 0.1204 0.0844 0.0531 0.1617 0.1428 0.1149 0.0815 0.1622 0.1406 0.1113 0.162 0.1378 0.1597
7.000 0.000 42 0.1834 0.1957 0.1582 0.2029 0.1687 0.1283 0.2074 0.177 0.1376 0.0947 0.208 0.1827 0.1478 0.104 0.0622 0.2049 0.1848 0.1563 0.1167 0.0714 0.0351 0.2036 0.1879 0.1658 0.1326 0.0878 0.0437 0.0146 0.2045 0.1921 0.175 0.1492 0.1094 0.0618 0.0233 0.0 0.1961 0.1823 0.1624 0.1309 0.0862 0.0421 0.0137 0.1907 0.1746 0.1504 0.1128 0.0673 0.0316 0.1884 0.1691 0.139 0.0962 0.0545 0.1845 0.1604 0.1246 0.0815 0.1789 0.1493 0.1097 0.1715 0.1356 0.1585
-6.000 1.000 36 0.1313 0.1076 0.1396 0.083 0.111 0.148 0.0592 0.0822 0.1153 0.1565 0.0391 0.0565 0.0841 0.1223 0.1662 0.0237 0.0364 0.0581 0.0906 0.1339 0.177 0.0131 0.0211 0.0387 0.0654 0.1039 0.1496 0.1869 0.0084 0.0095 0.0243 0.0462 0.0784 0.1226 0.167 0.1961 0.0 0.0142 0.0328 0.059 0.0976 0.1448 0.1829 0.0096 0.0244 0.046 0.0778 0.1218 0.1655 0.0212 0.0383 0.0639 0.1015 0.146 0.0358 0.0559 0.0859 0.1268 0.0536 0.077 0.1106 0.0739 0.0997 0.0944
-4.000 1.000 30 0.1306 0.1067 0.1349 0.0813 0.1055 0.1398 0.0581 0.076 0.1064 0.1461 0.0392 0.0506 0.0746 0.1116 0.1544 0.0268 0.0307 0.0485 0.0795 0.1222 0.1645 0.0211 0.0169 0.028 0.0533 0.0918 0.1371 0.1735 0.0213 0.0108 0.0125 0.0332 0.0657 0.1101 0.154 0.1823 0.0142 0.0 0.0189 0.0457 0.085 0.1322 0.1696 0.0109 0.0125 0.0329 0.0651 0.1094 0.1525 0.0169 0.0276 0.0521 0.0897 0.134 0.0299 0.0462 0.0754 0.1162 0.0472 0.0682 0.1014 0.0675 0.092 0.0885
-2.000 1.000 24 0.1359 0.1121 0.1355 0.0878 0.1052 0.1347 0.0662 0.0763 0.1006 0.136 0.0505 0.0521 0.0687 0.101 0.1405 0.0416 0.0357 0.0423 0.068 0.108 0.1479 0.0386 0.028 0.0233 0.0401 0.0763 0.1201 0.1547 0.0397 0.0281 0.0147 0.0177 0.0487 0.0927 0.1354 0.1624 0.0328 0.0189 0.0 0.0275 0.0673 0.1141 0.1503 0.0281 0.0146 0.0176 0.0483 0.0922 0.1342 0.0277 0.0229 0.0392 0.0748 0.1176 0.0344 0.0403 0.0648 0.1035 0.0482 0.0628 0.0928 0.0671 0.0879 0.0878
0.000 1.000 18 0.1514 0.1287 0.1427 0.107 0.1152 0.1332 0.0884 0.0891 0.1014 0.1257 0.0753 0.0693 0.0722 0.0916 0.1217 0.0677 0.0576 0.0508 0.0598 0.089 0.1226 0.0653 0.0535 0.0402 0.0342 0.0564 0.0946 0.1255 0.066 0.0546 0.04 0.0217 0.0261 0.066 0.1061 0.1309 0.059 0.0457 0.0275 0.0 0.0398 0.0851 0.1192 0.0544 0.0397 0.0215 0.026 0.0657 0.105 0.0525 0.0393 0.0336 0.0556 0.0927 0.0552 0.0486 0.0576 0.0855 0.064 0.0669 0.0851 0.0788 0.0898 0.0974
2.000 1.000 24 0.1721 0.1567 0.1561 0.1404 0.1359 0.1361 0.1261 0.1173 0.1124 0.115 0.1151 0.1033 0.0926 0.0888 0.0975 0.1078 0.0953 0.0806 0.0674 0.0698 0.087 0.1048 0.0927 0.0769 0.0566 0.0437 0.0608 0.0842 0.1047 0.0937 0.0792 0.0583 0.0298 0.0311 0.0643 0.0862 0.0976 0.085 0.0673 0.0398 0.0 0.043 0.0745 0.0933 0.0787 0.058 0.0297 0.0309 0.0633 0.0912 0.0754 0.0558 0.0431 0.0593 0.0915 0.0775 0.0652 0.0671 0.0961 0.0863 0.083 0.1048 0.1004 0.1161
4.000 1.000 30 0.1909 0.1852 0.1685 0.1777 0.1601 0.1395 0.1695 0.1518 0.13 0.1083 0.1617 0.145 0.123 0.0974 0.0786 0.1555 0.1409 0.1205 0.0923 0.0656 0.0559 0.1519 0.1391 0.1212 0.0948 0.0607 0.0384 0.0438 0.1517 0.1407 0.1257 0.1031 0.0685 0.0291 0.0244 0.0421 0.1448 0.1322 0.1141 0.0851 0.043 0.0 0.0301 0.14 0.1249 0.1026 0.0681 0.0287 0.0238 0.1368 0.1191 0.0932 0.0594 0.0369 0.1356 0.116 0.0885 0.0619 0.135 0.1143 0.0892 0.1353 0.1148 0.1357
6.000 1.000 36 0.1977 0.2029 0.1714 0.2045 0.1748 0.1403 0.2013 0.1762 0.1429 0.1055 0.1973 0.1762 0.1465 0.1083 0.0719 0.1931 0.1761 0.1513 0.1156 0.0741 0.0437 0.1893 0.1753 0.1554 0.1251 0.0836 0.0437 0.0233 0.1896 0.178 0.1619 0.1375 0.0997 0.0542 0.0187 0.0137 0.1829 0.1696 0.1503 0.1192 0.0745 0.0301 0.0 0.1769 0.1607 0.1364 0.0986 0.053 0.0181 0.1719 0.1519 0.122 0.0806 0.041 0.1683 0.144 0.1089 0.0678 0.1619 0.1332 0.0961 0.1535 0.1216 0.1428
-5.000 2.000 30 0.1378 0.1137 0.144 0.0883 0.1141 0.1495 0.0646 0.0847 0.116 0.156 0.0448 0.0589 0.0843 0.1215 0.1643 0.0303 0.0393 0.0581 0.0895 0.1321 0.1741 0.0215 0.0245 0.0384 0.0632 0.1013 0.1471 0.184 0.0178 0.0142 0.0232 0.0433 0.0753 0.1194 0.1628 0.1907 0.0096 0.0109 0.0281 0.0544 0.0933 0.14 0.1769 0.0 0.0169 0.0393 0.0715 0.1158 0.1597 0.0118 0.0299 0.0563 0.0942 0.1389 0.0265 0.0473 0.078 0.1186 0.0445 0.0681 0.1018 0.0648 0.0906 0.0851
-3.000 2.000 24 0.1435 0.1179 0.1449 0.0925 0.1144 0.1466 0.0691 0.0846 0.1123 0.1497 0.051 0.0592 0.0799 0.1146 0.155 0.0391 0.0401 0.0535 0.0816 0.1224 0.1622 0.0332 0.0282 0.0332 0.0542 0.0906 0.135 0.17 0.0322 0.0231 0.0189 0.0321 0.0626 0.1059 0.1481 0.1746 0.0244 0.0125 0.0146 0.0397 0.0787 0.1249 0.1607 0.0169 0.0 0.0229 0.0559 0.1005 0.1437 0.0133 0.0153 0.0405 0.0787 0.1231 0.021 0.034 0.0634 0.1037 0.0368 0.056 0.0888 0.0564 0.0798 0.0774
-1.000 2.000 18 0.1569 0.1323 0.153 0.107 0.1229 0.1489 0.0852 0.0937 0.1147 0.1451 0.0682 0.0699 0.0829 0.1101 0.1439 0.058 0.0536 0.0571 0.0769 0.1112 0.1454 0.0534 0.0451 0.04 0.0487 0.078 0.1178 0.1487 0.0534 0.0432 0.0321 0.0275 0.0477 0.0872 0.1264 0.1504 0.046 0.0329 0.0176 0.0215 0.058 0.1026 0.1364 0.0393 0.0229 0.0 0.0336 0.078 0.1199 0.0344 0.018 0.0217 0.0575 0.1006 0.0342 0.0282 0.0473 0.0843 0.0421 0.0486 0.0745 0.0575 0.0724 0.0763
1.000 2.000 18 0.1797 0.1576 0.169 0.1355 0.1423 0.1547 0.1156 0.117 0.125 0.1397 0.1003 0.0961 0.0979 0.1091 0.1272 0.0903 0.0826 0.0776 0.0804 0.0971 0.1187 0.0854 0.0759 0.0659 0.0586 0.0666 0.0914 0.1147 0.0852 0.0751 0.0625 0.0477 0.0398 0.0612 0.0928 0.1128 0.0778 0.0651 0.0483 0.026 0.0297 0.0681 0.0986 0.0715 0.0559 0.0336 0.0 0.0431 0.0825 0.0669 0.0487 0.0259 0.0292 0.0664 0.0646 0.0476 0.0388 0.0585 0.0665 0.0567 0.0625 0.0743 0.074 0.0869
3.000 2.000 24 0.2032 0.1891 0.1836 0.1734 0.1672 0.1595 0.158 0.1499 0.1409 0.1322 0.1449 0.1354 0.1243 0.1132 0.1064 0.1354 0.1253 0.1126 0.0973 0.0865 0.0858 0.1301 0.12 0.1068 0.0883 0.0694 0.0649 0.0728 0.1292 0.1191 0.106 0.0872 0.0612 0.043 0.0533 0.0673 0.1218 0.1094 0.0922 0.0657 0.0309 0.0287 0.053 0.1158 0.1005 0.078 0.0431 0.0 0.0369 0.1109 0.092 0.0647 0.0302 0.0278 0.1069 0.0855 0.0587 0.0406 0.1045 0.0834 0.0638 0.1044 0.0868 0.1069
5.000 2.000 30 0.2127 0.2115 0.1887 0.2051 0.1843 0.1581 0.1964 0.1778 0.1532 0.1235 0.1863 0.171 0.1488 0.1193 0.0902 0.1788 0.1656 0.1464 0.1181 0.0852 0.062 0.1743 0.1629 0.1466 0.1211 0.0854 0.0544 0.0419 0.1727 0.1621 0.1477 0.126 0.0925 0.0532 0.0301 0.0316 0.1655 0.1525 0.1342 0.105 0.0633 0.0238 0.0181 0.1597 0.1437 0.1199 0.0825 0.0369 0.0 0.1533 0.133 0.1029 0.0614 0.0229 0.1466 0.1218 0.0875 0.0494 0.1402 0.112 0.0767 0.1318 0.1023 0.1231
-4.000 3.000 24 0.1496 0.1242 0.1532 0.0982 0.1226 0.1569 0.0741 0.0923 0.1225 0.1616 0.0544 0.067 0.0902 0.1265 0.1683 0.041 0.0471 0.0635 0.0937 0.1354 0.1756 0.0328 0.0331 0.0435 0.0662 0.1037 0.1482 0.1829 0.0293 0.0245 0.0282 0.0449 0.0753 0.1191 0.1619 0.1884 0.0212 0.0169 0.0277 0.0525 0.0912 0.1368 0.1719 0.0118 0.0133 0.0344 0.0669 0.1109 0.1533 0.0 0.021 0.0486 0.0869 0.1316 0.0148 0.0369 0.0686 0.1094 0.0328 0.0571 0.0911 0.0528 0.079 0.0732
-2.000 3.000 18 0.1614 0.1354 0.1616 0.1088 0.1299 0.1606 0.0851 0.0994 0.1254 0.1603 0.0668 0.0734 0.0928 0.1248 0.1616 0.054 0.055 0.0657 0.091 0.1287 0.1642 0.0476 0.0434 0.0456 0.0624 0.0956 0.1363 0.167 0.046 0.0381 0.0329 0.0395 0.0652 0.1059 0.1455 0.1691 0.0383 0.0276 0.0229 0.0393 0.0754 0.1191 0.1519 0.0299 0.0153 0.018 0.0487 0.092 0.133 0.021 0.0 0.0282 0.0671 0.1113 0.0165 0.0188 0.0488 0.0894 0.0256 0.0407 0.0728 0.0432 0.0639 0.0629
0.000 3.000 12 0.1845 0.1584 0.1782 0.1324 0.1477 0.1697 0.1088 0.1182 0.1365 0.1608 0.0907 0.0937 0.1049 0.1272 0.1525 0.0788 0.0758 0.0797 0.0949 0.1212 0.1462 0.0726 0.0659 0.0624 0.0675 0.0885 0.1191 0.1419 0.0712 0.0622 0.0535 0.0482 0.0582 0.0877 0.1204 0.139 0.0639 0.0521 0.0392 0.0336 0.0558 0.0932 0.122 0.0563 0.0405 0.0217 0.0259 0.0647 0.1029 0.0486 0.0282 0.0 0.0388 0.0816 0.0423 0.0218 0.0254 0.0622 0.041 0.0331 0.0522 0.0485 0.054 0.063
2.000 3.000 18 0.2115 0.191 0.1978 0.1684 0.1736 0.1792 0.1472 0.1489 0.1532 0.1575 0.1299 0.1277 0.1285 0.1319 0.1362 0.1177 0.1124 0.1085 0.1077 0.1118 0.1181 0.1108 0.1034 0.0956 0.0885 0.0869 0.0951 0.1047 0.1087 0.0999 0.0897 0.0774 0.0662 0.0688 0.0844 0.0962 0.1015 0.0897 0.0748 0.0556 0.0431 0.0594 0.0806 0.0942 0.0787 0.0575 0.0292 0.0302 0.0614 0.0869 0.0671 0.0388 0.0 0.0406 0.0801 0.0567 0.0282 0.0287 0.0747 0.0526 0.0393 0.0732 0.0586 0.077
4.000 3.000 24 0.2294 0.2185 0.2079 0.2048 0.1951 0.1793 0.1889 0.1801 0.1668 0.1475 0.1744 0.1658 0.1536 0.1355 0.1156 0.163 0.1546 0.1429 0.1254 0.1043 0.088 0.1563 0.1476 0.1361 0.1187 0.0947 0.0755 0.0672 0.154 0.145 0.1335 0.1166 0.0903 0.0639 0.0531 0.0545 0.146 0.134 0.1176 0.0927 0.0593 0.0369 0.041 0.1389 0.1231 0.1006 0.0664 0.0278 0.0229 0.1316 0.1113 0.0816 0.0406 0.0 0.1229 0.0977 0.0633 0.0262 0.1136 0.0854 0.0529 0.1054 0.0773 0.0982
-3.000 4.000 18 0.1668 0.1399 0.169 0.1128 0.1369 0.1709 0.0879 0.1063 0.1354 0.1734 0.0687 0.0797 0.1021 0.1376 0.1772 0.0552 0.0597 0.0752 0.1037 0.1439 0.1817 0.0468 0.0465 0.0543 0.0749 0.1108 0.1528 0.1836 0.0435 0.0387 0.0393 0.0523 0.0805 0.1222 0.1617 0.1845 0.0358 0.0299 0.0344 0.0552 0.0915 0.1356 0.1683 0.0265 0.021 0.0342 0.0646 0.1069 0.1466 0.0148 0.0165 0.0423 0.0801 0.1229 0.0 0.0256 0.0582 0.0988 0.0178 0.0435 0.0781 0.0376 0.064 0.0573
-1.000 4.000 12 0.1866 0.1591 0.1847 0.1311 0.1523 0.1814 0.1063 0.1205 0.1461 0.1771 0.0862 0.0941 0.1124 0.1418 0.1729 0.0731 0.0747 0.0845 0.1079 0.1405 0.1688 0.0659 0.0621 0.0645 0.0784 0.107 0.1413 0.1647 0.0636 0.0563 0.0518 0.0555 0.0755 0.11 0.1428 0.1604 0.0559 0.0462 0.0403 0.0486 0.0775 0.116 0.144 0.0473 0.034 0.0282 0.0476 0.0855 0.1218 0.0369 0.0188 0.0218 0.0567 0.0977 0.0256 0.0 0.0331 0.0735 0.0195 0.0217 0.054 0.0289 0.0446 0.0462
1.000 4.000 12 0.2162 0.1901 0.208 0.163 0.178 0.1952 0.138 0.1483 0.1638 0.1798 0.118 0.1222 0.1333 0.1495 0.1637 0.1041 0.1033 0.1079 0.1194 0.1358 0.1484 0.0963 0.0914 0.0895 0.0936 0.1064 0.1241 0.1351 0.0937 0.086 0.079 0.0748 0.0788 0.0952 0.1149 0.1246 0.0859 0.0754 0.0648 0.0576 0.0652 0.0885 0.1089 0.078 0.0634 0.0473 0.0388 0.0587 0.0875 0.0686 0.0488 0.0254 0.0282 0.0633 0.0582 0.0331 0.0 0.0393 0.0488 0.0243 0.0263 0.0451 0.0346 0.0502
3.000 4.000 18 0.2425 0.2235 0.2246 0.2016 0.2043 0.2014 0.1797 0.1812 0.1806 0.1736 0.1606 0.16 0.1591 0.1546 0.1448 0.1465 0.1433 0.1403 0.1354 0.1279 0.1183 0.1381 0.1324 0.1266 0.1195 0.11 0.1024 0.0969 0.1348 0.1271 0.1186 0.1084 0.0946 0.0841 0.0815 0.0815 0.1268 0.1162 0.1035 0.0855 0.0671 0.0619 0.0678 0.1186 0.1037 0.0843 0.0585 0.0406 0.0494 0.1094 0.0894 0.0622 0.0287 0.0262 0.0988 0.0735 0.0393 0.0 0.0871 0.0584 0.0263 0.0767 0.0502 0.0703
-2.000 5.000 12 0.1894 0.1612 0.191 0.1325 0.1577 0.1911 0.1071 0.1252 0.1545 0.1907 0.0871 0.0975 0.1206 0.1545 0.1902 0.0727 0.0776 0.092 0.1196 0.1569 0.1889 0.0646 0.0641 0.0704 0.0899 0.1229 0.1601 0.1857 0.0613 0.0561 0.0559 0.0659 0.091 0.1286 0.1622 0.1789 0.0536 0.0472 0.0482 0.064 0.0961 0.135 0.1619 0.0445 0.0368 0.0421 0.0665 0.1045 0.1402 0.0328 0.0256 0.041 0.0747 0.1136 0.0178 0.0195 0.0488 0.0871 0.0 0.0289 0.0635 0.0195 0.0465 0.0388
0.000 5.000 6 0.2176 0.1883 0.2137 0.1589 0.1805 0.2068 0.1318 0.1478 0.1719 0.1974 0.1106 0.1199 0.1379 0.1637 0.1862 0.0961 0.0986 0.1095 0.1303 0.1561 0.1738 0.0877 0.0852 0.0883 0.1008 0.1238 0.1484 0.1612 0.0848 0.0783 0.0746 0.0779 0.0929 0.1184 0.1406 0.1493 0.077 0.0682 0.0628 0.0669 0.0863 0.1143 0.1332 0.0681 0.056 0.0486 0.0567 0.0834 0.112 0.0571 0.0407 0.0331 0.0526 0.0854 0.0435 0.0217 0.0243 0.0584 0.0289 0.0 0.0346 0.0209 0.0225 0.0292
2.000 5.000 12 0.2486 0.2238 0.2372 0.1961 0.2095 0.2199 0.1698 0.1802 0.192 0.1976 0.1475 0.1537 0.1635 0.1725 0.1731 0.1316 0.1331 0.1384 0.1461 0.1514 0.1492 0.1222 0.1193 0.1192 0.1222 0.1274 0.1301 0.1274 0.1186 0.1121 0.1069 0.1041 0.1038 0.1073 0.1113 0.1097 0.1106 0.1014 0.0928 0.0851 0.083 0.0892 0.0961 0.1018 0.0888 0.0745 0.0625 0.0638 0.0767 0.0911 0.0728 0.0522 0.0393 0.0529 0.0781 0.054 0.0263 0.0263 0.0635 0.0346 0.0 0.0503 0.0236 0.0435
-1.000 6.000 6 0.2176 0.1875 0.2178 0.1572 0.1831 0.2157 0.1303 0.149 0.1788 0.2111 0.1084 0.1205 0.1433 0.1754 0.2042 0.0937 0.0991 0.1135 0.1403 0.1725 0.1957 0.0851 0.0846 0.0913 0.1093 0.1389 0.1684 0.1843 0.0815 0.0766 0.0761 0.0847 0.1066 0.1375 0.162 0.1715 0.0739 0.0675 0.0671 0.0788 0.1048 0.1353 0.1535 0.0648 0.0564 0.0575 0.0743 0.1044 0.1318 0.0528 0.0432 0.0485 0.0732 0.1054 0.0376 0.0289 0.0451 0.0767 0.0195 0.0209 0.0503 0.0 0.0292 0.019
1.000 6.000 6 0.25 0.2203 0.2442 0.1895 0.2112 0.2326 0.1608 0.1778 0.1997 0.2166 0.1376 0.1482 0.1664 0.1866 0.1976 0.121 0.1256 0.1372 0.1553 0.1716 0.1762 0.1114 0.1105 0.1149 0.1265 0.143 0.1553 0.1548 0.1075 0.1021 0.0999 0.1033 0.1145 0.1287 0.1378 0.1356 0.0997 0.092 0.0879 0.0898 0.1004 0.1148 0.1216 0.0906 0.0798 0.0724 0.074 0.0868 0.1023 0.079 0.0639 0.054 0.0586 0.0773 0.064 0.0446 0.0346 0.0502 0.0465 0.0225 0.0236 0.0292 0.0 0.0198
0.000 7.000 0 0.2485 0.2164 0.2466 0.1842 0.2112 0.2407 0.155 0.1758 0.2045 0.2308 0.1319 0.1453 0.1686 0.197 0.2163 0.1158 0.1221 0.1377 0.1627 0.1879 0.1981 0.1063 0.1066 0.1139 0.1316 0.1559 0.1753 0.1789 0.1023 0.0977 0.0979 0.1061 0.1246 0.1472 0.1597 0.1585 0.0944 0.0885 0.0878 0.0974 0.1161 0.1357 0.1428 0.0851 0.0774 0.0763 0.0869 0.1069 0.1231 0.0732 0.0629 0.063 0.077 0.0982 0.0573 0.0462 0.0502 0.0703 0.0388 0.0292 0.0435 0.019 0.0198 0.0