n 64
m 4
tmax 12.5
Vcpm 1.4
R 1
dmax 17.5
0.000 -7.000 0 0.0 0.0164 0.0177 0.034 0.0261 0.0387 0.0532 0.0434 0.0459 0.0625 0.0748 0.0653 0.062 0.0715 0.0896 0.0996 0.0907 0.0853 0.0882 0.1009 0.1194 0.1257 0.1183 0.1118 0.1105 0.1163 0.1298 0.1469 0.1506 0.1446 0.1386 0.1339 0.1343 0.1415 0.1531 0.1697 0.1688 0.1629 0.1564 0.1536 0.1532 0.1603 0.1726 0.1852 0.1795 0.1727 0.1688 0.1704 0.1766 0.2012 0.1933 0.1872 0.1828 0.1855 0.2156 0.2065 0.1997 0.1981 0.2272 0.2192 0.2128 0.2388 0.2308 0.25
-1.000 -6.000 6 0.0164 0.0 0.0261 0.0176 0.0193 0.0455 0.037 0.0287 0.0433 0.07 0.0589 0.0484 0.052 0.0722 0.0991 0.0836 0.0732 0.0705 0.0821 0.1045 0.1304 0.1097 0.1003 0.0947 0.0988 0.114 0.1348 0.1583 0.1341 0.1263 0.1195 0.1194 0.1254 0.1404 0.1586 0.1807 0.1495 0.1438 0.1395 0.1406 0.1486 0.1606 0.1784 0.1655 0.16 0.1584 0.1587 0.1664 0.1793 0.1818 0.1767 0.1742 0.1766 0.1832 0.1965 0.1926 0.1895 0.1927 0.2113 0.2066 0.2058 0.2254 0.2206 0.2377
1.000 -6.000 6 0.0177 0.0261 0.0 0.043 0.0205 0.0209 0.064 0.0434 0.0316 0.0447 0.0887 0.0698 0.0542 0.0546 0.0718 0.1168 0.0995 0.0827 0.0751 0.0827 0.1015 0.1457 0.1305 0.1139 0.1014 0.1002 0.1112 0.1288 0.173 0.1594 0.1437 0.1284 0.1214 0.1223 0.134 0.15 0.1858 0.1707 0.1553 0.1422 0.1372 0.1415 0.1518 0.1965 0.1801 0.1642 0.155 0.1513 0.1571 0.2045 0.1886 0.1741 0.1663 0.1665 0.2124 0.1958 0.1847 0.179 0.2197 0.2048 0.1957 0.2264 0.2149 0.2345
-2.000 -5.000 12 0.034 0.0176 0.043 0.0 0.0287 0.0608 0.0195 0.0215 0.0515 0.0853 0.0416 0.0324 0.0496 0.0813 0.1153 0.0664 0.0547 0.0592 0.0828 0.115 0.1474 0.0925 0.0806 0.0785 0.0911 0.1166 0.1452 0.1742 0.1167 0.1067 0.1006 0.1052 0.1218 0.1435 0.1679 0.1932 0.1295 0.1225 0.123 0.1295 0.1452 0.1638 0.1867 0.1445 0.141 0.1431 0.1518 0.1644 0.1827 0.1602 0.16 0.1619 0.1703 0.1837 0.1776 0.1772 0.1809 0.1884 0.1947 0.1939 0.1983 0.2101 0.2112 0.2249
0.000 -5.000 6 0.0261 0.0193 0.0205 0.0287 0.0 0.0316 0.048 0.0231 0.0241 0.0541 0.0724 0.0496 0.0368 0.0529 0.0824 0.1003 0.0793 0.0625 0.0638 0.0845 0.1132 0.1289 0.1103 0.0921 0.085 0.0933 0.1149 0.1402 0.1551 0.139 0.122 0.109 0.108 0.1199 0.1381 0.1602 0.1642 0.1485 0.1332 0.1265 0.1274 0.1393 0.156 0.173 0.1584 0.146 0.1412 0.1456 0.1563 0.1821 0.1677 0.159 0.1558 0.1617 0.1915 0.1787 0.1715 0.1718 0.2002 0.1904 0.1852 0.2103 0.2022 0.2208
2.000 -5.000 12 0.0387 0.0455 0.0209 0.0608 0.0316 0.0 0.0823 0.0537 0.0243 0.0238 0.1091 0.0819 0.053 0.0371 0.051 0.1398 0.1142 0.0855 0.0637 0.0622 0.0802 0.1704 0.1469 0.1195 0.0944 0.0832 0.0886 0.1076 0.1978 0.1767 0.1508 0.1253 0.1065 0.1022 0.1118 0.1283 0.2037 0.1789 0.1529 0.1302 0.1193 0.1184 0.1291 0.2056 0.1794 0.1554 0.1376 0.1307 0.1344 0.2062 0.1803 0.1588 0.147 0.1436 0.2058 0.1829 0.1658 0.1578 0.2074 0.1873 0.1753 0.2107 0.1948 0.2154
-3.000 -4.000 18 0.0532 0.037 0.064 0.0195 0.048 0.0823 0.0 0.0324 0.0697 0.108 0.0222 0.0245 0.0592 0.0993 0.1386 0.047 0.0367 0.056 0.0923 0.1315 0.169 0.0725 0.0598 0.0646 0.09 0.1254 0.1602 0.1935 0.0968 0.084 0.0819 0.0946 0.1213 0.1506 0.18 0.2087 0.1072 0.101 0.1059 0.1228 0.1449 0.1695 0.1949 0.1207 0.1215 0.1291 0.1453 0.1645 0.1872 0.1383 0.1419 0.1517 0.1654 0.1838 0.1577 0.162 0.1717 0.1856 0.1762 0.182 0.191 0.1942 0.2005 0.212
-1.000 -4.000 12 0.0434 0.0287 0.0434 0.0215 0.0231 0.0537 0.0324 0.0 0.0368 0.0744 0.0547 0.0266 0.028 0.0639 0.102 0.0816 0.0561 0.0422 0.0608 0.0952 0.131 0.1095 0.0864 0.0685 0.0703 0.0928 0.1244 0.1558 0.1348 0.1152 0.0962 0.0892 0.0977 0.12 0.1457 0.1726 0.14 0.123 0.1103 0.1095 0.1214 0.1397 0.162 0.1471 0.1329 0.1264 0.1281 0.1399 0.1568 0.1565 0.1457 0.1419 0.1465 0.1576 0.1671 0.1597 0.1578 0.1638 0.1792 0.1737 0.1745 0.1919 0.1883 0.2044
1.000 -4.000 12 0.0459 0.0433 0.0316 0.0515 0.0241 0.0243 0.0697 0.0368 0.0 0.0371 0.0948 0.0625 0.0287 0.0287 0.0626 0.1237 0.0934 0.0611 0.0435 0.0599 0.0912 0.1532 0.1253 0.0942 0.0707 0.0692 0.0886 0.117 0.1789 0.154 0.1256 0.0993 0.0876 0.0926 0.112 0.1356 0.1792 0.1532 0.1274 0.1083 0.1034 0.1126 0.1294 0.1787 0.1534 0.1311 0.1194 0.1187 0.1291 0.179 0.1559 0.1385 0.1314 0.1347 0.1809 0.1607 0.1484 0.1453 0.1846 0.1684 0.1603 0.1901 0.1781 0.1975
3.000 -4.000 18 0.0625 0.07 0.0447 0.0853 0.0541 0.0238 0.108 0.0744 0.0371 0.0 0.1361 0.1024 0.064 0.0281 0.0271 0.1673 0.1343 0.0963 0.0601 0.0414 0.056 0.1978 0.1664 0.1295 0.0926 0.0671 0.0644 0.082 0.2232 0.1942 0.1593 0.1233 0.0935 0.0808 0.085 0.1029 0.2183 0.1858 0.1505 0.1196 0.0991 0.0941 0.1028 0.211 0.1766 0.1443 0.1196 0.1079 0.1081 0.2026 0.1697 0.1424 0.125 0.119 0.1957 0.1666 0.1452 0.134 0.1916 0.1676 0.1522 0.1912 0.1725 0.1937
-4.000 -3.000 24 0.0748 0.0589 0.0887 0.0416 0.0724 0.1091 0.0222 0.0547 0.0948 0.1361 0.0 0.0367 0.0793 0.1241 0.167 0.0246 0.0271 0.0652 0.1098 0.1536 0.194 0.0498 0.0389 0.0589 0.0969 0.1378 0.1764 0.2118 0.0731 0.0601 0.0647 0.0902 0.1256 0.1601 0.1924 0.2227 0.0814 0.0792 0.0921 0.1183 0.1473 0.1759 0.2037 0.0962 0.1016 0.1186 0.1412 0.1658 0.1907 0.1156 0.125 0.1419 0.1619 0.1843 0.1365 0.1481 0.1635 0.1822 0.1577 0.1695 0.1846 0.1785 0.1899 0.1976
-2.000 -3.000 18 0.0653 0.0484 0.0698 0.0324 0.0496 0.0819 0.0245 0.0266 0.0625 0.1024 0.0367 0.0 0.0422 0.0863 0.1285 0.0604 0.0293 0.0311 0.0711 0.1137 0.1537 0.0862 0.0592 0.0445 0.0642 0.1002 0.1372 0.1721 0.1104 0.0869 0.0687 0.0705 0.0932 0.1243 0.1549 0.1845 0.1118 0.0936 0.0865 0.0954 0.117 0.1419 0.1681 0.1176 0.1062 0.1061 0.1178 0.1361 0.158 0.1278 0.1223 0.1256 0.1373 0.1543 0.1413 0.1393 0.1447 0.1563 0.1562 0.1567 0.1633 0.1717 0.174 0.187
0.000 -3.000 12 0.062 0.052 0.0542 0.0496 0.0368 0.053 0.0592 0.028 0.0287 0.064 0.0793 0.0422 0.0 0.0435 0.0852 0.1048 0.0692 0.032 0.0321 0.0702 0.1092 0.1309 0.0985 0.0646 0.0461 0.0632 0.0956 0.1291 0.1547 0.1262 0.0948 0.0711 0.0692 0.0882 0.1156 0.1437 0.1503 0.1225 0.0971 0.0849 0.09 0.1081 0.1309 0.1478 0.123 0.105 0.1002 0.1084 0.125 0.1484 0.128 0.1162 0.1162 0.1258 0.1521 0.1364 0.1297 0.1326 0.1587 0.1471 0.1447 0.1673 0.16 0.1773
2.000 -3.000 18 0.0715 0.0722 0.0546 0.0813 0.0529 0.0371 0.0993 0.0639 0.0287 0.0281 0.1241 0.0863 0.0435 0.0 0.0414 0.1514 0.1141 0.0717 0.0316 0.0306 0.0656 0.1774 0.1422 0.102 0.0635 0.0436 0.0584 0.088 0.2002 0.168 0.1305 0.093 0.0667 0.0633 0.0803 0.1053 0.1902 0.156 0.1203 0.0909 0.077 0.0812 0.0978 0.18 0.1462 0.1154 0.0952 0.0897 0.0975 0.1717 0.1407 0.1167 0.1039 0.1044 0.1664 0.1399 0.1226 0.1163 0.1646 0.1441 0.132 0.1665 0.1512 0.1716
4.000 -3.000 24 0.0896 0.0991 0.0718 0.1153 0.0824 0.051 0.1386 0.102 0.0626 0.0271 0.167 0.1285 0.0852 0.0414 0.0 0.1958 0.1573 0.1131 0.0682 0.0294 0.0283 0.2213 0.184 0.1408 0.0966 0.0586 0.0399 0.0535 0.2422 0.2072 0.1658 0.1229 0.0849 0.0602 0.0573 0.073 0.2267 0.1881 0.1468 0.1091 0.0812 0.0689 0.0735 0.2096 0.1703 0.1326 0.1026 0.0848 0.0809 0.1941 0.1569 0.1252 0.1036 0.0932 0.1816 0.1492 0.1242 0.1099 0.1735 0.1471 0.1292 0.1707 0.1495 0.1711
-5.000 -2.000 30 0.0996 0.0836 0.1168 0.0664 0.1003 0.1398 0.047 0.0816 0.1237 0.1673 0.0246 0.0604 0.1048 0.1514 0.1958 0.0 0.0389 0.0838 0.1313 0.1765 0.2176 0.0248 0.0272 0.0654 0.1099 0.1534 0.1927 0.2279 0.0478 0.0372 0.0565 0.0931 0.1324 0.1689 0.2017 0.2319 0.0557 0.0603 0.0848 0.1185 0.1516 0.182 0.2103 0.0726 0.086 0.1114 0.1402 0.1681 0.1947 0.0943 0.1118 0.1353 0.1602 0.1849 0.1178 0.1362 0.1575 0.1802 0.1414 0.1591 0.179 0.1636 0.1808 0.1843
-3.000 -2.000 24 0.0907 0.0732 0.0995 0.0547 0.0793 0.1142 0.0367 0.0561 0.0934 0.1343 0.0271 0.0293 0.0692 0.1141 0.1573 0.0389 0.0 0.0445 0.0913 0.1359 0.1764 0.0608 0.0294 0.0311 0.0712 0.1135 0.1523 0.1873 0.0828 0.0567 0.0426 0.0615 0.0961 0.131 0.1632 0.1931 0.0811 0.0642 0.0661 0.088 0.1172 0.1458 0.1733 0.0869 0.0806 0.0902 0.111 0.1351 0.1599 0.0995 0.1007 0.1129 0.1314 0.1528 0.1161 0.1214 0.134 0.1512 0.1344 0.1416 0.1543 0.1529 0.1613 0.1707
-1.000 -2.000 18 0.0853 0.0705 0.0827 0.0592 0.0625 0.0855 0.056 0.0422 0.0611 0.0963 0.0652 0.0311 0.032 0.0717 0.1131 0.0838 0.0445 0.0 0.0461 0.0901 0.1301 0.1054 0.0694 0.0321 0.0321 0.0699 0.1077 0.1424 0.1258 0.0947 0.0619 0.044 0.0603 0.0906 0.1215 0.1508 0.118 0.0891 0.0667 0.0649 0.0828 0.1076 0.1336 0.1143 0.0914 0.0797 0.0853 0.1019 0.1235 0.1161 0.1002 0.0961 0.1041 0.1201 0.1229 0.1127 0.1136 0.1229 0.1329 0.1277 0.1309 0.1448 0.1436 0.1582
1.000 -2.000 18 0.0882 0.0821 0.0751 0.0828 0.0638 0.0637 0.0923 0.0608 0.0435 0.0601 0.1098 0.0711 0.0321 0.0316 0.0682 0.1313 0.0913 0.0461 0.0 0.0436 0.0835 0.1521 0.1144 0.0717 0.0314 0.0302 0.064 0.098 0.1707 0.1367 0.0978 0.0606 0.0409 0.0546 0.0815 0.1097 0.1577 0.1226 0.0875 0.0621 0.0584 0.0739 0.0963 0.1464 0.1133 0.0858 0.0718 0.0758 0.0907 0.1389 0.1103 0.0911 0.0856 0.0925 0.1358 0.1136 0.1009 0.1014 0.137 0.1207 0.1144 0.1424 0.1309 0.1499
3.000 -2.000 24 0.1009 0.1045 0.0827 0.115 0.0845 0.0622 0.1315 0.0952 0.0599 0.0414 0.1536 0.1137 0.0702 0.0306 0.0294 0.1765 0.1359 0.0901 0.0436 0.0 0.0399 0.1962 0.1571 0.1126 0.0674 0.0287 0.0272 0.0578 0.2122 0.1762 0.1343 0.0915 0.0547 0.0364 0.0487 0.0734 0.1942 0.1555 0.1147 0.0786 0.0548 0.0516 0.0662 0.1765 0.1381 0.1021 0.0755 0.063 0.0676 0.162 0.1266 0.0974 0.08 0.076 0.1516 0.1213 0.1003 0.0895 0.1461 0.1218 0.1075 0.1451 0.1275 0.1478
5.000 -2.000 30 0.1194 0.1304 0.1015 0.1474 0.1132 0.0802 0.169 0.131 0.0912 0.056 0.194 0.1537 0.1092 0.0656 0.0283 0.2176 0.1764 0.1301 0.0835 0.0399 0.0 0.2355 0.1954 0.1498 0.1034 0.0608 0.0259 0.0246 0.2486 0.2111 0.1675 0.1226 0.0816 0.0487 0.0326 0.044 0.2258 0.1849 0.1416 0.1015 0.0694 0.0488 0.0465 0.203 0.1619 0.1224 0.0896 0.0671 0.0567 0.1834 0.1449 0.1114 0.0863 0.0721 0.168 0.1346 0.1077 0.0903 0.158 0.1304 0.1097 0.1531 0.1311 0.1525
-6.000 -1.000 36 0.1257 0.1097 0.1457 0.0925 0.1289 0.1704 0.0725 0.1095 0.1532 0.1978 0.0498 0.0862 0.1309 0.1774 0.2213 0.0248 0.0608 0.1054 0.1521 0.1962 0.2355 0.0 0.0372 0.0802 0.1254 0.1682 0.2059 0.239 0.0227 0.025 0.0604 0.1019 0.1424 0.1783 0.2098 0.2382 0.0333 0.0512 0.0854 0.1226 0.157 0.1874 0.215 0.0542 0.0778 0.1103 0.1427 0.1723 0.1993 0.0787 0.1041 0.1333 0.1616 0.1881 0.1041 0.129 0.1552 0.1807 0.1288 0.1523 0.1766 0.1521 0.1745 0.1739
-4.000 -1.000 30 0.1183 0.1003 0.1305 0.0806 0.1103 0.1469 0.0598 0.0864 0.1253 0.1664 0.0389 0.0592 0.0985 0.1422 0.184 0.0272 0.0294 0.0694 0.1144 0.1571 0.1954 0.0372 0.0 0.0426 0.0872 0.1293 0.1664 0.1992 0.0559 0.0271 0.0288 0.066 0.1053 0.1407 0.1718 0.2 0.0513 0.0387 0.0566 0.0892 0.1218 0.1515 0.1787 0.0585 0.0611 0.0825 0.1107 0.1382 0.1642 0.0747 0.0853 0.1064 0.1306 0.155 0.0953 0.109 0.1285 0.1503 0.1169 0.1314 0.1497 0.138 0.1525 0.1579
-2.000 -1.000 24 0.1118 0.0947 0.1139 0.0785 0.0921 0.1195 0.0646 0.0685 0.0942 0.1295 0.0589 0.0445 0.0646 0.102 0.1408 0.0654 0.0311 0.0321 0.0717 0.1126 0.1498 0.0802 0.0426 0.0 0.044 0.0854 0.122 0.1544 0.0972 0.0642 0.0297 0.0298 0.0647 0.099 0.1297 0.1577 0.0863 0.0569 0.0404 0.0559 0.084 0.1122 0.1387 0.0822 0.0622 0.0611 0.0785 0.1019 0.1262 0.086 0.0762 0.0824 0.0988 0.1198 0.0963 0.094 0.1027 0.1187 0.1103 0.1127 0.1228 0.1264 0.1311 0.1427
0.000 -1.000 18 0.1105 0.0988 0.1014 0.0911 0.085 0.0944 0.09 0.0703 0.0707 0.0926 0.0969 0.0642 0.0461 0.0635 0.0966 0.1099 0.0712 0.0321 0.0314 0.0674 0.1034 0.1254 0.0872 0.044 0.0 0.0409 0.0773 0.1097 0.1406 0.106 0.0665 0.029 0.0277 0.0581 0.0882 0.116 0.1253 0.0903 0.0561 0.0377 0.0501 0.0745 0.0999 0.114 0.0822 0.0586 0.0551 0.0696 0.0903 0.1077 0.0826 0.0696 0.0735 0.0877 0.1073 0.0898 0.0847 0.0915 0.1123 0.1011 0.1016 0.1208 0.1153 0.1316
2.000 -1.000 24 0.1163 0.114 0.1002 0.1166 0.0933 0.0832 0.1254 0.0928 0.0692 0.0671 0.1378 0.1002 0.0632 0.0436 0.0586 0.1534 0.1135 0.0699 0.0302 0.0287 0.0608 0.1682 0.1293 0.0854 0.0409 0.0 0.0364 0.0689 0.181 0.1452 0.104 0.0619 0.026 0.0243 0.0512 0.0785 0.1617 0.124 0.0845 0.0501 0.0329 0.0439 0.0661 0.1451 0.1079 0.0741 0.0513 0.0481 0.0616 0.132 0.0986 0.0731 0.0608 0.065 0.1238 0.0963 0.0792 0.075 0.1208 0.1004 0.0899 0.1226 0.1084 0.1281
4.000 -1.000 30 0.1298 0.1348 0.1112 0.1452 0.1149 0.0886 0.1602 0.1244 0.0886 0.0644 0.1764 0.1372 0.0956 0.0584 0.0399 0.1927 0.1523 0.1077 0.064 0.0272 0.0259 0.2059 0.1664 0.122 0.0773 0.0364 0.0 0.0326 0.216 0.1793 0.1371 0.0939 0.0545 0.0228 0.0216 0.046 0.1929 0.1537 0.1123 0.0742 0.0438 0.029 0.0394 0.1722 0.1327 0.0951 0.0647 0.0453 0.0432 0.1547 0.1179 0.0864 0.0645 0.0546 0.1417 0.1098 0.0852 0.0711 0.1338 0.1078 0.0903 0.1309 0.1106 0.1317
6.000 -1.000 36 0.1469 0.1583 0.1288 0.1742 0.1402 0.1076 0.1935 0.1558 0.117 0.082 0.2118 0.1721 0.1291 0.088 0.0535 0.2279 0.1873 0.1424 0.098 0.0578 0.0246 0.239 0.1992 0.1544 0.1097 0.0689 0.0326 0.0 0.2464 0.209 0.1663 0.1226 0.0828 0.0484 0.0205 0.0195 0.2199 0.1799 0.1378 0.0987 0.0655 0.0393 0.0263 0.1961 0.1557 0.117 0.0839 0.058 0.0412 0.1759 0.1379 0.1044 0.0776 0.0589 0.1603 0.1267 0.0988 0.0778 0.1495 0.1211 0.0986 0.1436 0.12 0.1411
-7.000 0.000 42 0.1506 0.1341 0.173 0.1167 0.1551 0.1978 0.0968 0.1348 0.1789 0.2232 0.0731 0.1104 0.1547 0.2002 0.2422 0.0478 0.0828 0.1258 0.1707 0.2122 0.2486 0.0227 0.0559 0.0972 0.1406 0.181 0.216 0.2464 0.0 0.0333 0.0723 0.114 0.1536 0.1879 0.2174 0.2438 0.022 0.0541 0.0927 0.1311 0.1654 0.195 0.2216 0.0457 0.078 0.1142 0.1483 0.1785 0.2056 0.0708 0.1029 0.1361 0.1665 0.1941 0.0964 0.1268 0.1568 0.1846 0.1212 0.1495 0.177 0.1444 0.1713 0.1662
-5.000 0.000 36 0.1446 0.1263 0.1594 0.1067 0.139 0.1767 0.084 0.1152 0.154 0.1942 0.0601 0.0869 0.1262 0.168 0.2072 0.0372 0.0567 0.0947 0.1367 0.1762 0.2111 0.025 0.0271 0.0642 0.106 0.1452 0.1793 0.209 0.0333 0.0 0.0387 0.0798 0.1187 0.1525 0.1816 0.2076 0.0242 0.0261 0.0607 0.0979 0.1315 0.1607 0.1869 0.0352 0.0525 0.0842 0.1164 0.1456 0.1722 0.0568 0.0785 0.1073 0.1354 0.1618 0.0809 0.1034 0.129 0.1544 0.105 0.1265 0.15 0.1278 0.1483 0.1489
-3.000 0.000 30 0.1386 0.1195 0.1437 0.1006 0.122 0.1508 0.0819 0.0962 0.1256 0.1593 0.0647 0.0687 0.0948 0.1305 0.1658 0.0565 0.0426 0.0619 0.0978 0.1343 0.1675 0.0604 0.0288 0.0297 0.0665 0.104 0.1371 0.1663 0.0723 0.0387 0.0 0.0404 0.0786 0.1119 0.1406 0.1665 0.0582 0.0273 0.0277 0.0606 0.093 0.1216 0.1476 0.0526 0.0381 0.0534 0.0811 0.1086 0.1344 0.059 0.0592 0.0771 0.1011 0.1255 0.074 0.0815 0.0992 0.1208 0.0926 0.1033 0.1204 0.1121 0.1241 0.1311
-1.000 0.000 24 0.1339 0.1194 0.1284 0.1052 0.109 0.1253 0.0946 0.0892 0.0993 0.1233 0.0902 0.0705 0.0711 0.093 0.1229 0.0931 0.0615 0.044 0.0606 0.0915 0.1226 0.1019 0.066 0.0298 0.029 0.0619 0.0939 0.1226 0.114 0.0798 0.0404 0.0 0.0377 0.0706 0.0993 0.1252 0.0972 0.0617 0.0272 0.026 0.0546 0.0825 0.1082 0.0848 0.0535 0.0364 0.0487 0.0724 0.0969 0.0793 0.0577 0.0549 0.0695 0.0902 0.0816 0.0702 0.0746 0.0894 0.0902 0.0865 0.0941 0.1028 0.1041 0.1172
1.000 0.000 24 0.1343 0.1254 0.1214 0.1218 0.108 0.1065 0.1213 0.0977 0.0876 0.0935 0.1256 0.0932 0.0692 0.0667 0.0849 0.1324 0.0961 0.0603 0.0409 0.0547 0.0816 0.1424 0.1053 0.0647 0.0277 0.026 0.0545 0.0828 0.1536 0.1187 0.0786 0.0377 0.0 0.0329 0.0617 0.0878 0.1341 0.097 0.0581 0.0244 0.0227 0.0476 0.0729 0.1176 0.0813 0.0487 0.032 0.0426 0.0639 0.1055 0.0736 0.0515 0.0483 0.0616 0.0987 0.0742 0.0624 0.0664 0.0981 0.0815 0.0775 0.1028 0.0931 0.1111
3.000 0.000 30 0.1415 0.1404 0.1223 0.1435 0.1199 0.1022 0.1506 0.12 0.0926 0.0808 0.1601 0.1243 0.0882 0.0633 0.0602 0.1689 0.131 0.0906 0.0546 0.0364 0.0487 0.1783 0.1407 0.099 0.0581 0.0243 0.0228 0.0484 0.1879 0.1525 0.1119 0.0706 0.0329 0.0 0.029 0.0553 0.1659 0.128 0.0879 0.0509 0.0212 0.02 0.0427 0.1464 0.1083 0.0719 0.0424 0.0282 0.0382 0.1305 0.0948 0.0647 0.0454 0.0433 0.1187 0.0881 0.0659 0.056 0.1122 0.088 0.0734 0.1109 0.0931 0.1136
5.000 0.000 36 0.1531 0.1586 0.134 0.1679 0.1381 0.1118 0.18 0.1457 0.112 0.085 0.1924 0.1549 0.1156 0.0803 0.0573 0.2017 0.1632 0.1215 0.0815 0.0487 0.0326 0.2098 0.1718 0.1297 0.0882 0.0512 0.0216 0.0205 0.2174 0.1816 0.1406 0.0993 0.0617 0.029 0.0 0.0263 0.1932 0.1548 0.1144 0.077 0.0448 0.019 0.0182 0.1717 0.1329 0.0956 0.0634 0.0381 0.0257 0.1535 0.1166 0.084 0.0581 0.0415 0.1392 0.1064 0.0793 0.0602 0.1296 0.1018 0.0805 0.1245 0.1018 0.1229
7.000 0.000 42 0.1697 0.1807 0.15 0.1932 0.1602 0.1283 0.2087 0.1726 0.1356 0.1029 0.2227 0.1845 0.1437 0.1053 0.073 0.2319 0.1931 0.1508 0.1097 0.0734 0.044 0.2382 0.2 0.1577 0.116 0.0785 0.046 0.0195 0.2438 0.2076 0.1665 0.1252 0.0878 0.0553 0.0263 0.0 0.2177 0.179 0.1386 0.1012 0.0688 0.0407 0.0174 0.1948 0.1558 0.1183 0.0856 0.0578 0.035 0.1754 0.1382 0.1049 0.0767 0.0537 0.1599 0.1263 0.0973 0.0734 0.1487 0.1191 0.0942 0.1413 0.1155 0.1364
-6.000 1.000 36 0.1688 0.1495 0.1858 0.1295 0.1642 0.2037 0.1072 0.14 0.1792 0.2183 0.0814 0.1118 0.1503 0.1902 0.2267 0.0557 0.0811 0.118 0.1577 0.1942 0.2258 0.0333 0.0513 0.0863 0.1253 0.1617 0.1929 0.2199 0.022 0.0242 0.0582 0.0972 0.1341 0.1659 0.1932 0.2177 0.0 0.0352 0.0739 0.1116 0.1448 0.1732 0.1987 0.0237 0.0566 0.0933 0.1273 0.1572 0.1839 0.0487 0.0802 0.1135 0.1441 0.1719 0.074 0.104 0.1341 0.1623 0.0988 0.1265 0.154 0.1219 0.1476 0.143
-4.000 1.000 30 0.1629 0.1438 0.1707 0.1225 0.1485 0.1789 0.101 0.123 0.1532 0.1858 0.0792 0.0936 0.1225 0.156 0.1881 0.0603 0.0642 0.0891 0.1226 0.1555 0.1849 0.0512 0.0387 0.0569 0.0903 0.124 0.1537 0.1799 0.0541 0.0261 0.0273 0.0617 0.097 0.128 0.1548 0.179 0.0352 0.0 0.0381 0.0751 0.1077 0.1357 0.1609 0.0254 0.0263 0.0588 0.0916 0.1208 0.1471 0.0363 0.0522 0.0808 0.1095 0.1363 0.0574 0.0767 0.1024 0.1283 0.0801 0.0999 0.1233 0.1024 0.1216 0.1232
-2.000 1.000 24 0.1564 0.1395 0.1553 0.123 0.1332 0.1529 0.1059 0.1103 0.1274 0.1505 0.0921 0.0865 0.0971 0.1203 0.1468 0.0848 0.0661 0.0667 0.0875 0.1147 0.1416 0.0854 0.0566 0.0404 0.0561 0.0845 0.1123 0.1378 0.0927 0.0607 0.0277 0.0272 0.0581 0.0879 0.1144 0.1386 0.0739 0.0381 0.0 0.0364 0.0685 0.0964 0.1216 0.0587 0.0264 0.0257 0.0546 0.0829 0.1088 0.0522 0.0364 0.0494 0.0741 0.0994 0.0574 0.0559 0.0717 0.0937 0.0709 0.0767 0.0928 0.0879 0.0971 0.1055
0.000 1.000 18 0.1536 0.1406 0.1422 0.1295 0.1265 0.1302 0.1228 0.1095 0.1083 0.1196 0.1183 0.0954 0.0849 0.0909 0.1091 0.1185 0.088 0.0649 0.0621 0.0786 0.1015 0.1226 0.0892 0.0559 0.0377 0.0501 0.0742 0.0987 0.1311 0.0979 0.0606 0.026 0.0244 0.0509 0.077 0.1012 0.1116 0.0751 0.0364 0.0 0.032 0.06 0.0853 0.0939 0.0574 0.0244 0.0229 0.048 0.0735 0.0808 0.0494 0.033 0.044 0.066 0.0746 0.0532 0.0504 0.0643 0.0762 0.0652 0.0695 0.0842 0.0808 0.0959
2.000 1.000 24 0.1532 0.1486 0.1372 0.1452 0.1274 0.1193 0.1449 0.1214 0.1034 0.0991 0.1473 0.117 0.09 0.077 0.0812 0.1516 0.1172 0.0828 0.0584 0.0548 0.0694 0.157 0.1218 0.084 0.0501 0.0329 0.0438 0.0655 0.1654 0.1315 0.093 0.0546 0.0227 0.0212 0.0448 0.0688 0.1448 0.1077 0.0685 0.032 0.0 0.0282 0.0537 0.1253 0.0876 0.0512 0.0214 0.0202 0.0431 0.109 0.0736 0.0438 0.0292 0.0395 0.0974 0.0674 0.0476 0.0454 0.0915 0.069 0.059 0.0916 0.0768 0.0962
4.000 1.000 30 0.1603 0.1606 0.1415 0.1638 0.1393 0.1184 0.1695 0.1397 0.1126 0.0941 0.1759 0.1419 0.1081 0.0812 0.0689 0.182 0.1458 0.1076 0.0739 0.0516 0.0488 0.1874 0.1515 0.1122 0.0745 0.0439 0.029 0.0393 0.195 0.1607 0.1216 0.0825 0.0476 0.02 0.019 0.0407 0.1732 0.1357 0.0964 0.06 0.0282 0.0 0.0257 0.1526 0.1144 0.0775 0.0452 0.0192 0.0185 0.1346 0.0982 0.0655 0.0394 0.0267 0.1205 0.0877 0.0608 0.0435 0.1109 0.0833 0.0633 0.106 0.0843 0.1052
6.000 1.000 36 0.1726 0.1784 0.1518 0.1867 0.156 0.1291 0.1949 0.162 0.1294 0.1028 0.2037 0.1681 0.1309 0.0978 0.0735 0.2103 0.1733 0.1336 0.0963 0.0662 0.0465 0.215 0.1787 0.1387 0.0999 0.0661 0.0394 0.0263 0.2216 0.1869 0.1476 0.1082 0.0729 0.0427 0.0182 0.0174 0.1987 0.1609 0.1216 0.0853 0.0537 0.0257 0.0 0.1773 0.139 0.1021 0.0696 0.0413 0.0178 0.1586 0.1219 0.0886 0.0599 0.0365 0.1433 0.1097 0.0804 0.0564 0.1319 0.1021 0.0772 0.1241 0.0985 0.1192
-5.000 2.000 30 0.1852 0.1655 0.1965 0.1445 0.173 0.2056 0.1207 0.1471 0.1787 0.211 0.0962 0.1176 0.1478 0.18 0.2096 0.0726 0.0869 0.1143 0.1464 0.1765 0.203 0.0542 0.0585 0.0822 0.114 0.1451 0.1722 0.1961 0.0457 0.0352 0.0526 0.0848 0.1176 0.1464 0.1717 0.1948 0.0237 0.0254 0.0587 0.0939 0.1253 0.1526 0.1773 0.0 0.0363 0.0734 0.1072 0.1366 0.1631 0.0249 0.0572 0.0913 0.1224 0.1504 0.05 0.0797 0.1104 0.1391 0.0743 0.1019 0.1299 0.0974 0.1228 0.1184
-3.000 2.000 24 0.1795 0.16 0.1801 0.141 0.1584 0.1794 0.1215 0.1329 0.1534 0.1766 0.1016 0.1062 0.123 0.1462 0.1703 0.086 0.0806 0.0914 0.1133 0.1381 0.1619 0.0778 0.0611 0.0622 0.0822 0.1079 0.1327 0.1557 0.078 0.0525 0.0381 0.0535 0.0813 0.1083 0.1329 0.1558 0.0566 0.0263 0.0264 0.0574 0.0876 0.1144 0.139 0.0363 0.0 0.0364 0.0696 0.0988 0.1251 0.0257 0.0257 0.0557 0.0857 0.1132 0.036 0.0501 0.0764 0.1035 0.0558 0.0732 0.097 0.0769 0.0948 0.0972
-1.000 2.000 18 0.1727 0.1584 0.1642 0.1431 0.146 0.1554 0.1291 0.1264 0.1311 0.1443 0.1186 0.1061 0.105 0.1154 0.1326 0.1114 0.0902 0.0797 0.0858 0.1021 0.1224 0.1103 0.0825 0.0611 0.0586 0.0741 0.0951 0.117 0.1142 0.0842 0.0534 0.0364 0.0487 0.0719 0.0956 0.1183 0.0933 0.0588 0.0257 0.0244 0.0512 0.0775 0.1021 0.0734 0.0364 0.0 0.033 0.0621 0.0884 0.0572 0.025 0.0238 0.0503 0.0772 0.0501 0.0342 0.0461 0.0696 0.0545 0.0525 0.0675 0.0669 0.0721 0.0824
1.000 2.000 18 0.1688 0.1587 0.155 0.1518 0.1412 0.1376 0.1453 0.1281 0.1194 0.1196 0.1412 0.1178 0.1002 0.0952 0.1026 0.1402 0.111 0.0853 0.0718 0.0755 0.0896 0.1427 0.1107 0.0785 0.0551 0.0513 0.0647 0.0839 0.1483 0.1164 0.0811 0.0487 0.032 0.0424 0.0634 0.0856 0.1273 0.0916 0.0546 0.0229 0.0214 0.0452 0.0696 0.1072 0.0696 0.033 0.0 0.0292 0.0558 0.0891 0.0531 0.0225 0.0213 0.0454 0.0759 0.046 0.0309 0.0418 0.07 0.05 0.0479 0.0716 0.0618 0.0791
3.000 2.000 24 0.1704 0.1664 0.1513 0.1644 0.1456 0.1307 0.1645 0.1399 0.1187 0.1079 0.1658 0.1361 0.1084 0.0897 0.0848 0.1681 0.1351 0.1019 0.0758 0.063 0.0671 0.1723 0.1382 0.1019 0.0696 0.0481 0.0453 0.058 0.1785 0.1456 0.1086 0.0724 0.0426 0.0282 0.0381 0.0578 0.1572 0.1208 0.0829 0.048 0.0202 0.0192 0.0413 0.1366 0.0988 0.0621 0.0292 0.0 0.0267 0.1176 0.081 0.0475 0.0203 0.0195 0.1022 0.0691 0.0417 0.0283 0.0918 0.0641 0.046 0.0868 0.0661 0.0869
5.000 2.000 30 0.1766 0.1793 0.1571 0.1827 0.1563 0.1344 0.1872 0.1568 0.1291 0.1081 0.1907 0.158 0.125 0.0975 0.0809 0.1947 0.1599 0.1235 0.0907 0.0676 0.0567 0.1993 0.1642 0.1262 0.0903 0.0616 0.0432 0.0412 0.2056 0.1722 0.1344 0.0969 0.0639 0.0382 0.0257 0.035 0.1839 0.1471 0.1088 0.0735 0.0431 0.0185 0.0178 0.1631 0.1251 0.0884 0.0558 0.0267 0.0 0.1438 0.1071 0.0733 0.0435 0.0188 0.1275 0.0935 0.0634 0.0387 0.1151 0.0848 0.0595 0.1064 0.0807 0.1014
-4.000 3.000 24 0.2012 0.1818 0.2045 0.1602 0.1821 0.2062 0.1383 0.1565 0.179 0.2026 0.1156 0.1278 0.1484 0.1717 0.1941 0.0943 0.0995 0.1161 0.1389 0.162 0.1834 0.0787 0.0747 0.086 0.1077 0.132 0.1547 0.1759 0.0708 0.0568 0.059 0.0793 0.1055 0.1305 0.1535 0.1754 0.0487 0.0363 0.0522 0.0808 0.109 0.1346 0.1586 0.0249 0.0257 0.0572 0.0891 0.1176 0.1438 0.0 0.036 0.0706 0.1017 0.1299 0.0249 0.0557 0.0875 0.1169 0.0491 0.0768 0.1056 0.0719 0.0974 0.0929
-2.000 3.000 18 0.1933 0.1767 0.1886 0.16 0.1677 0.1803 0.1419 0.1457 0.1559 0.1697 0.125 0.1223 0.128 0.1407 0.1569 0.1118 0.1007 0.1002 0.1103 0.1266 0.1449 0.1041 0.0853 0.0762 0.0826 0.0986 0.1179 0.1379 0.1029 0.0785 0.0592 0.0577 0.0736 0.0948 0.1166 0.1382 0.0802 0.0522 0.0364 0.0494 0.0736 0.0982 0.1219 0.0572 0.0257 0.025 0.0531 0.081 0.1071 0.036 0.0 0.0342 0.0651 0.0932 0.025 0.0244 0.0525 0.0811 0.0345 0.0474 0.0723 0.053 0.0691 0.0723
0.000 3.000 12 0.1872 0.1742 0.1741 0.1619 0.159 0.1588 0.1517 0.1419 0.1385 0.1424 0.1419 0.1256 0.1162 0.1167 0.1252 0.1353 0.1129 0.0961 0.0911 0.0974 0.1114 0.1333 0.1064 0.0824 0.0696 0.0731 0.0864 0.1044 0.1361 0.1073 0.0771 0.0549 0.0515 0.0647 0.084 0.1049 0.1135 0.0808 0.0494 0.033 0.0438 0.0655 0.0886 0.0913 0.0557 0.0238 0.0225 0.0475 0.0733 0.0706 0.0342 0.0 0.0309 0.0591 0.0544 0.0235 0.0224 0.048 0.0473 0.0323 0.0438 0.0514 0.0496 0.0628
2.000 3.000 18 0.1828 0.1766 0.1663 0.1703 0.1558 0.147 0.1654 0.1465 0.1314 0.125 0.1619 0.1373 0.1162 0.1039 0.1036 0.1602 0.1314 0.1041 0.0856 0.08 0.0863 0.1616 0.1306 0.0988 0.0735 0.0608 0.0645 0.0776 0.1665 0.1354 0.1011 0.0695 0.0483 0.0454 0.0581 0.0767 0.1441 0.1095 0.0741 0.044 0.0292 0.0394 0.0599 0.1224 0.0857 0.0503 0.0213 0.0203 0.0435 0.1017 0.0651 0.0309 0.0 0.0283 0.0842 0.0501 0.0214 0.0206 0.0718 0.0438 0.0298 0.0662 0.0477 0.0674
4.000 3.000 24 0.1855 0.1832 0.1665 0.1837 0.1617 0.1436 0.1838 0.1576 0.1347 0.119 0.1843 0.1543 0.1258 0.1044 0.0932 0.1849 0.1528 0.1201 0.0925 0.076 0.0721 0.1881 0.155 0.1198 0.0877 0.065 0.0546 0.0589 0.1941 0.1618 0.1255 0.0902 0.0616 0.0433 0.0415 0.0537 0.1719 0.1363 0.0994 0.066 0.0395 0.0267 0.0365 0.1504 0.1132 0.0772 0.0454 0.0195 0.0188 0.1299 0.0932 0.0591 0.0283 0.0 0.1119 0.0774 0.0461 0.0199 0.0977 0.0666 0.0406 0.0878 0.0617 0.0823
-3.000 4.000 18 0.2156 0.1965 0.2124 0.1776 0.1915 0.2058 0.1577 0.1671 0.1809 0.1957 0.1365 0.1413 0.1521 0.1664 0.1816 0.1178 0.1161 0.1229 0.1358 0.1516 0.168 0.1041 0.0953 0.0963 0.1073 0.1238 0.1417 0.1603 0.0964 0.0809 0.074 0.0816 0.0987 0.1187 0.1392 0.1599 0.074 0.0574 0.0574 0.0746 0.0974 0.1205 0.1433 0.05 0.036 0.0501 0.0759 0.1022 0.1275 0.0249 0.025 0.0544 0.0842 0.1119 0.0 0.0345 0.0669 0.0967 0.0241 0.053 0.083 0.0468 0.0725 0.0675
-1.000 4.000 12 0.2065 0.1926 0.1958 0.1772 0.1787 0.1829 0.162 0.1597 0.1607 0.1666 0.1481 0.1393 0.1364 0.1399 0.1492 0.1362 0.1214 0.1127 0.1136 0.1213 0.1346 0.129 0.109 0.094 0.0898 0.0963 0.1098 0.1267 0.1268 0.1034 0.0815 0.0702 0.0742 0.0881 0.1064 0.1263 0.104 0.0767 0.0559 0.0532 0.0674 0.0877 0.1097 0.0797 0.0501 0.0342 0.046 0.0691 0.0935 0.0557 0.0244 0.0235 0.0501 0.0774 0.0345 0.0 0.0323 0.062 0.0237 0.023 0.0497 0.0325 0.0446 0.0494
1.000 4.000 12 0.1997 0.1895 0.1847 0.1809 0.1715 0.1658 0.1717 0.1578 0.1484 0.1452 0.1635 0.1447 0.1297 0.1226 0.1242 0.1575 0.134 0.1136 0.1009 0.1003 0.1077 0.1552 0.1285 0.1027 0.0847 0.0792 0.0852 0.0988 0.1568 0.129 0.0992 0.0746 0.0624 0.0659 0.0793 0.0973 0.1341 0.1024 0.0717 0.0504 0.0476 0.0608 0.0804 0.1104 0.0764 0.0461 0.0309 0.0417 0.0634 0.0875 0.0525 0.0224 0.0214 0.0461 0.0669 0.0323 0.0 0.0298 0.0514 0.0222 0.0214 0.0446 0.0306 0.0479
3.000 4.000 18 0.1981 0.1927 0.179 0.1884 0.1718 0.1578 0.1856 0.1638 0.1453 0.134 0.1822 0.1563 0.1326 0.1163 0.1099 0.1802 0.1512 0.1229 0.1014 0.0895 0.0903 0.1807 0.1503 0.1187 0.0915 0.075 0.0711 0.0778 0.1846 0.1544 0.1208 0.0894 0.0664 0.056 0.0602 0.0734 0.1623 0.1283 0.0937 0.0643 0.0454 0.0435 0.0564 0.1391 0.1035 0.0696 0.0418 0.0283 0.0387 0.1169 0.0811 0.048 0.0206 0.0199 0.0967 0.062 0.0298 0.0 0.08 0.0479 0.0207 0.068 0.0416 0.0619
-2.000 5.000 12 0.2272 0.2113 0.2197 0.1947 0.2002 0.2074 0.1762 0.1792 0.1846 0.1916 0.1577 0.1562 0.1587 0.1646 0.1735 0.1414 0.1344 0.1329 0.137 0.1461 0.158 0.1288 0.1169 0.1103 0.1123 0.1208 0.1338 0.1495 0.1212 0.105 0.0926 0.0902 0.0981 0.1122 0.1296 0.1487 0.0988 0.0801 0.0709 0.0762 0.0915 0.1109 0.1319 0.0743 0.0558 0.0545 0.07 0.0918 0.1151 0.0491 0.0345 0.0473 0.0718 0.0977 0.0241 0.0237 0.0514 0.08 0.0 0.0325 0.0631 0.0226 0.0495 0.0433
0.000 5.000 6 0.2192 0.2066 0.2048 0.1939 0.1904 0.1873 0.182 0.1737 0.1684 0.1676 0.1695 0.1567 0.1471 0.1441 0.1471 0.1591 0.1416 0.1277 0.1207 0.1218 0.1304 0.1523 0.1314 0.1127 0.1011 0.1004 0.1078 0.1211 0.1495 0.1265 0.1033 0.0865 0.0815 0.088 0.1018 0.1191 0.1265 0.0999 0.0767 0.0652 0.069 0.0833 0.1021 0.1019 0.0732 0.0525 0.05 0.0641 0.0848 0.0768 0.0474 0.0323 0.0438 0.0666 0.053 0.023 0.0222 0.0479 0.0325 0.0 0.0306 0.0222 0.0215 0.03
2.000 5.000 12 0.2128 0.2058 0.1957 0.1983 0.1852 0.1753 0.191 0.1745 0.1603 0.1522 0.1846 0.1633 0.1447 0.132 0.1292 0.179 0.1543 0.1309 0.1144 0.1075 0.1097 0.1766 0.1497 0.1228 0.1016 0.0899 0.0903 0.0986 0.177 0.15 0.1204 0.0941 0.0775 0.0734 0.0805 0.0942 0.154 0.1233 0.0928 0.0695 0.059 0.0633 0.0772 0.1299 0.097 0.0675 0.0479 0.046 0.0595 0.1056 0.0723 0.0438 0.0298 0.0406 0.083 0.0497 0.0214 0.0207 0.0631 0.0306 0.0 0.0481 0.0208 0.041
-1.000 6.000 6 0.2388 0.2254 0.2264 0.2101 0.2103 0.2107 0.1942 0.1919 0.1901 0.1912 0.1785 0.1717 0.1673 0.1665 0.1707 0.1636 0.1529 0.1448 0.1424 0.1451 0.1531 0.1521 0.138 0.1264 0.1208 0.1226 0.1309 0.1436 0.1444 0.1278 0.1121 0.1028 0.1028 0.1109 0.1245 0.1413 0.1219 0.1024 0.0879 0.0842 0.0916 0.106 0.1241 0.0974 0.0769 0.0669 0.0716 0.0868 0.1064 0.0719 0.053 0.0514 0.0662 0.0878 0.0468 0.0325 0.0446 0.068 0.0226 0.0222 0.0481 0.0 0.03 0.0206
1.000 6.000 6 0.2308 0.2206 0.2149 0.2112 0.2022 0.1948 0.2005 0.1883 0.1781 0.1725 0.1899 0.174 0.16 0.1512 0.1495 0.1808 0.1613 0.1436 0.1309 0.1275 0.1311 0.1745 0.1525 0.1311 0.1153 0.1084 0.1106 0.12 0.1713 0.1483 0.1241 0.1041 0.0931 0.0931 0.1018 0.1155 0.1476 0.1216 0.0971 0.0808 0.0768 0.0843 0.0985 0.1228 0.0948 0.0721 0.0618 0.0661 0.0807 0.0974 0.0691 0.0496 0.0477 0.0617 0.0725 0.0446 0.0306 0.0416 0.0495 0.0215 0.0208 0.03 0.0 0.02
0.000 7.000 0 0.25 0.2377 0.2345 0.2249 0.2208 0.2154 0.212 0.2044 0.1975 0.1937 0.1976 0.187 0.1773 0.1716 0.1711 0.1843 0.1707 0.1582 0.1499 0.1478 0.1525 0.1739 0.1579 0.1427 0.1316 0.1281 0.1317 0.1411 0.1662 0.1489 0.1311 0.1172 0.1111 0.1136 0.1229 0.1364 0.143 0.1232 0.1055 0.0959 0.0962 0.1052 0.1192 0.1184 0.0972 0.0824 0.0791 0.0869 0.1014 0.0929 0.0723 0.0628 0.0674 0.0823 0.0675 0.0494 0.0479 0.0619 0.0433 0.03 0.041 0.0206 0.02 0.0