n 66
m 2
tmax 2.5
Vmax 1.6
Vmin 1.4
kappa 1
dmax 3.0
-0.500 0.000 0 0.0 0.1258 0.107 0.0923 0.0831 0.0831 0.0931 0.1103 0.1313 0.1223 0.0989 0.0788 0.0657 0.0654 0.0787 0.1011 0.1267 0.085 0.0632 0.0427 0.0292 0.0299 0.0464 0.074 0.1052 0.0717 0.0509 0.0302 0.011 0.0113 0.0335 0.0628 0.0961 0.0701 0.0507 0.032 0.017 0.0176 0.0359 0.0647 0.0993 0.0725 0.0561 0.0416 0.0326 0.0337 0.0474 0.074 0.108 0.0771 0.0641 0.0532 0.0471 0.0486 0.061 0.0862 0.1193 0.0827 0.0726 0.0641 0.0596 0.0615 0.0734 0.0984 0.1306 0.0096
-7.000 -7.000 35 0.1258 0.0 0.0167 0.0343 0.0514 0.0676 0.084 0.1022 0.1207 0.0171 0.0258 0.042 0.0593 0.0763 0.0945 0.1156 0.1374 0.0478 0.0569 0.0725 0.0917 0.1112 0.1322 0.157 0.1824 0.0795 0.0855 0.0989 0.1141 0.1328 0.1537 0.1811 0.2115 0.0986 0.1035 0.1139 0.1268 0.1412 0.1606 0.1892 0.2228 0.1161 0.1203 0.1287 0.1389 0.1509 0.1686 0.1976 0.2336 0.1309 0.1351 0.1425 0.1507 0.1602 0.1765 0.2049 0.2422 0.1431 0.1479 0.1545 0.1614 0.1686 0.183 0.2102 0.2478 0.1302
-7.000 -5.000 35 0.107 0.0167 0.0 0.0174 0.0343 0.0503 0.0668 0.085 0.1035 0.0258 0.0189 0.0269 0.0419 0.0582 0.0761 0.0971 0.1188 0.0571 0.0505 0.0575 0.0709 0.0884 0.1087 0.1333 0.1586 0.0854 0.0842 0.0871 0.0976 0.1114 0.1316 0.1579 0.1872 0.1036 0.1045 0.1056 0.1128 0.1245 0.142 0.1693 0.2015 0.1206 0.123 0.1228 0.1278 0.1369 0.1531 0.1812 0.2159 0.1357 0.1389 0.1382 0.1417 0.1487 0.1633 0.1917 0.2284 0.1486 0.1522 0.1516 0.1541 0.1595 0.172 0.1997 0.2373 0.1144
-7.000 -3.000 35 0.0923 0.0343 0.0174 0.0 0.0168 0.0328 0.0494 0.0678 0.0863 0.042 0.0269 0.0188 0.0259 0.0404 0.0579 0.0787 0.1001 0.0734 0.058 0.0493 0.0548 0.0673 0.0863 0.1103 0.1352 0.0987 0.0871 0.0827 0.0838 0.0939 0.1107 0.1363 0.164 0.1138 0.1055 0.1026 0.1019 0.1093 0.1253 0.1514 0.1814 0.1289 0.1226 0.1209 0.1185 0.1242 0.1393 0.167 0.1995 0.1426 0.1378 0.1366 0.1334 0.1378 0.1522 0.1809 0.2163 0.1545 0.151 0.15 0.1465 0.1498 0.1633 0.192 0.2292 0.1004
-7.000 -1.000 35 0.0831 0.0514 0.0343 0.0168 0.0 0.0162 0.033 0.0515 0.07 0.0594 0.042 0.026 0.0179 0.0252 0.0411 0.0615 0.0824 0.0938 0.0721 0.0553 0.0464 0.0525 0.0672 0.0899 0.1137 0.114 0.0976 0.0838 0.0787 0.0812 0.0953 0.1178 0.1435 0.1263 0.1123 0.1015 0.0979 0.0996 0.1133 0.1377 0.1646 0.1382 0.1269 0.1179 0.1155 0.1164 0.1307 0.1575 0.1871 0.1496 0.1403 0.1325 0.1307 0.1313 0.1464 0.1758 0.2084 0.1597 0.1521 0.1453 0.1436 0.1441 0.1596 0.1911 0.2262 0.0928
-7.000 1.000 35 0.0831 0.0676 0.0503 0.0328 0.0162 0.0 0.017 0.0357 0.0541 0.0766 0.0583 0.0403 0.0252 0.0181 0.027 0.0453 0.0651 0.1152 0.091 0.0686 0.0529 0.046 0.0548 0.0725 0.0936 0.1325 0.1112 0.0937 0.081 0.0787 0.0862 0.1047 0.1246 0.1398 0.1229 0.1079 0.0986 0.0992 0.1088 0.1293 0.1509 0.1488 0.1345 0.1222 0.115 0.1183 0.1301 0.1545 0.178 0.1574 0.1456 0.1353 0.1297 0.1348 0.1492 0.178 0.2048 0.1651 0.1557 0.1471 0.1426 0.1488 0.1653 0.1981 0.2286 0.0928
-7.000 3.000 35 0.0931 0.084 0.0668 0.0494 0.033 0.017 0.0 0.0185 0.0365 0.0945 0.076 0.0575 0.0409 0.0269 0.0202 0.0299 0.0467 0.1382 0.1128 0.0885 0.068 0.055 0.0503 0.0595 0.0737 0.1523 0.1302 0.1091 0.0939 0.0852 0.0868 0.0955 0.1077 0.1562 0.1376 0.1212 0.1095 0.106 0.1134 0.1256 0.1371 0.1627 0.147 0.1334 0.1251 0.1258 0.1392 0.156 0.1688 0.1698 0.1563 0.1454 0.1398 0.1439 0.1627 0.185 0.2004 0.1758 0.1648 0.1565 0.1531 0.1598 0.1829 0.2106 0.2294 0.1018
-7.000 5.000 35 0.1103 0.1022 0.085 0.0678 0.0515 0.0357 0.0185 0.0 0.0175 0.1146 0.096 0.0775 0.0605 0.0448 0.0298 0.0212 0.0284 0.164 0.138 0.1128 0.0908 0.0727 0.0597 0.0524 0.056 0.1756 0.1526 0.1313 0.1131 0.1016 0.0942 0.0918 0.0909 0.1771 0.1575 0.1402 0.1279 0.1217 0.1218 0.1246 0.1222 0.182 0.1651 0.1514 0.143 0.1423 0.1495 0.1586 0.1555 0.1873 0.1738 0.1628 0.158 0.1621 0.1758 0.1915 0.1889 0.1926 0.1818 0.1737 0.1722 0.1803 0.1994 0.2212 0.2201 0.1193
-7.000 7.000 35 0.1313 0.1207 0.1035 0.0863 0.07 0.0541 0.0365 0.0175 0.0 0.1351 0.1164 0.0979 0.0807 0.0643 0.0466 0.0285 0.0182 0.1906 0.1642 0.1384 0.1152 0.0947 0.0749 0.0568 0.0445 0.2003 0.1767 0.1547 0.1362 0.12 0.1067 0.0916 0.0787 0.1995 0.1794 0.1614 0.1479 0.1396 0.1323 0.1222 0.1078 0.203 0.1863 0.1714 0.1624 0.1596 0.1595 0.1544 0.1391 0.2071 0.1937 0.1831 0.1773 0.1797 0.1862 0.1863 0.1704 0.2124 0.2014 0.1938 0.1917 0.1987 0.2108 0.2155 0.1995 0.1382
-5.000 -7.000 35 0.1223 0.0171 0.0258 0.042 0.0594 0.0766 0.0945 0.1146 0.1351 0.0 0.0219 0.0445 0.0661 0.0865 0.1074 0.1312 0.1561 0.0357 0.05 0.0782 0.1082 0.1371 0.1664 0.1983 0.2305 0.0626 0.0698 0.0896 0.1118 0.136 0.1633 0.197 0.234 0.0796 0.0853 0.0986 0.1147 0.1343 0.1575 0.1895 0.2276 0.0959 0.1011 0.111 0.1238 0.1384 0.1586 0.1894 0.228 0.11 0.1152 0.1234 0.1332 0.1447 0.1622 0.1914 0.2301 0.1217 0.1273 0.1344 0.1423 0.1514 0.1666 0.1934 0.231 0.1231
-5.000 -5.000 25 0.0989 0.0258 0.0189 0.0269 0.042 0.0583 0.076 0.096 0.1164 0.0219 0.0 0.0223 0.0437 0.064 0.085 0.1089 0.1339 0.0499 0.0367 0.0499 0.076 0.1037 0.1326 0.1645 0.1966 0.0696 0.0658 0.0709 0.0886 0.1094 0.1351 0.1677 0.2037 0.0854 0.0841 0.0869 0.0978 0.113 0.135 0.166 0.2028 0.1014 0.1014 0.1031 0.1104 0.1222 0.1404 0.1704 0.2079 0.1158 0.1165 0.1178 0.1229 0.1318 0.1475 0.1764 0.2142 0.128 0.1293 0.1306 0.1342 0.1409 0.1544 0.1816 0.219 0.1027
-5.000 -3.000 25 0.0788 0.042 0.0269 0.0188 0.026 0.0403 0.0575 0.0775 0.0979 0.0445 0.0223 0.0 0.0213 0.0416 0.0628 0.087 0.1119 0.078 0.0499 0.0354 0.0473 0.0718 0.0999 0.1318 0.1637 0.0888 0.0705 0.0646 0.0683 0.0853 0.1084 0.1396 0.1742 0.0982 0.0865 0.0827 0.0839 0.0948 0.1139 0.1439 0.1789 0.111 0.1028 0.0998 0.0996 0.1074 0.1243 0.1531 0.189 0.1234 0.1174 0.1149 0.114 0.1197 0.1348 0.1634 0.2001 0.1343 0.13 0.1277 0.1265 0.1307 0.1443 0.1723 0.2095 0.0847
-5.000 -1.000 25 0.0657 0.0593 0.0419 0.0259 0.0179 0.0252 0.0409 0.0605 0.0807 0.0661 0.0437 0.0213 0.0 0.0205 0.042 0.0665 0.0915 0.108 0.0761 0.0474 0.0331 0.0448 0.0704 0.1016 0.1331 0.1099 0.0873 0.0678 0.0617 0.0662 0.0862 0.1148 0.1472 0.1132 0.0965 0.0832 0.0791 0.0821 0.0983 0.1255 0.1581 0.1226 0.109 0.0988 0.0957 0.098 0.1131 0.1409 0.1737 0.1319 0.1213 0.113 0.1102 0.1124 0.1273 0.1563 0.1904 0.1407 0.1323 0.1253 0.1227 0.1247 0.1394 0.1695 0.2049 0.0751
-5.000 1.000 25 0.0654 0.0763 0.0582 0.0404 0.0252 0.0181 0.0269 0.0448 0.0643 0.0865 0.064 0.0416 0.0205 0.0 0.0219 0.0465 0.0713 0.1373 0.1042 0.0721 0.0449 0.0321 0.0456 0.0739 0.1041 0.132 0.1066 0.0836 0.0655 0.0615 0.07 0.0945 0.1225 0.1308 0.11 0.0927 0.0809 0.0805 0.0899 0.1129 0.1394 0.1351 0.1191 0.1051 0.0967 0.0986 0.1101 0.1349 0.1624 0.1412 0.1285 0.1173 0.111 0.1145 0.1284 0.1564 0.1857 0.1476 0.1375 0.1283 0.1235 0.1279 0.1439 0.175 0.2066 0.0751
-5.000 3.000 25 0.0787 0.0945 0.0761 0.0579 0.0411 0.027 0.0202 0.0298 0.0466 0.1074 0.085 0.0628 0.042 0.0219 0.0 0.0245 0.0487 0.1673 0.1336 0.1007 0.0707 0.0456 0.0337 0.0483 0.0743 0.1559 0.1293 0.1044 0.0838 0.0688 0.0675 0.0777 0.0985 0.1502 0.1287 0.1088 0.0946 0.0877 0.0928 0.1051 0.1222 0.1515 0.1338 0.1187 0.1085 0.107 0.1177 0.1343 0.151 0.1552 0.1408 0.1292 0.1224 0.1248 0.1405 0.1623 0.1805 0.16 0.1482 0.1394 0.1352 0.1405 0.1602 0.187 0.2077 0.0857
-5.000 5.000 25 0.1011 0.1156 0.0971 0.0787 0.0615 0.0453 0.0299 0.0212 0.0285 0.1312 0.1089 0.087 0.0665 0.0465 0.0245 0.0 0.0235 0.1998 0.166 0.1328 0.1021 0.074 0.0484 0.0343 0.0453 0.1833 0.1565 0.131 0.1088 0.0911 0.0764 0.0716 0.0748 0.1743 0.1524 0.1325 0.1162 0.1066 0.1021 0.1033 0.1041 0.1735 0.1554 0.1398 0.1294 0.1257 0.1293 0.1366 0.1365 0.1759 0.1611 0.1492 0.1431 0.1449 0.1554 0.1689 0.1693 0.1793 0.1679 0.159 0.1565 0.1626 0.1788 0.198 0.1998 0.1074
-5.000 7.000 35 0.1267 0.1374 0.1188 0.1001 0.0824 0.0651 0.0467 0.0284 0.0182 0.1561 0.1339 0.1119 0.0915 0.0713 0.0487 0.0235 0.0 0.2328 0.1988 0.1654 0.1342 0.1049 0.075 0.0455 0.0289 0.2119 0.185 0.1593 0.1364 0.1161 0.0959 0.0743 0.0615 0.2004 0.1784 0.1582 0.1418 0.1281 0.1169 0.1029 0.0899 0.198 0.1799 0.164 0.1525 0.1468 0.1424 0.1344 0.1206 0.1995 0.1849 0.1725 0.1654 0.1654 0.1683 0.1659 0.1514 0.2022 0.1909 0.1825 0.1788 0.1836 0.1923 0.1948 0.1801 0.1315
-3.000 -7.000 35 0.085 0.0478 0.0571 0.0734 0.0938 0.1152 0.1382 0.164 0.1906 0.0357 0.0499 0.078 0.108 0.1373 0.1673 0.1998 0.2328 0.0 0.0347 0.0706 0.1056 0.1392 0.1733 0.2109 0.25 0.0214 0.0326 0.0532 0.0757 0.0984 0.1237 0.1553 0.1911 0.0396 0.0467 0.0601 0.0768 0.095 0.1168 0.1466 0.1827 0.0567 0.0624 0.0722 0.0849 0.0992 0.1181 0.1467 0.1835 0.0714 0.0766 0.0843 0.094 0.1057 0.1222 0.1493 0.1859 0.0836 0.0888 0.0954 0.1031 0.1124 0.1266 0.1509 0.1861 0.0847
-3.000 -5.000 25 0.0632 0.0569 0.0505 0.058 0.0721 0.091 0.1128 0.138 0.1642 0.05 0.0367 0.0499 0.0761 0.1042 0.1336 0.166 0.1988 0.0347 0.0 0.0356 0.0703 0.1038 0.1379 0.1756 0.2147 0.0327 0.023 0.0336 0.0532 0.075 0.1 0.1316 0.1672 0.0469 0.0423 0.0479 0.0596 0.0758 0.0968 0.1265 0.1623 0.0626 0.0604 0.0638 0.0717 0.0838 0.1011 0.1295 0.1659 0.0769 0.0761 0.0785 0.0839 0.0927 0.1081 0.1352 0.1715 0.0891 0.0893 0.0913 0.0951 0.1018 0.1149 0.1402 0.1749 0.0658
-3.000 -3.000 15 0.0427 0.0725 0.0575 0.0493 0.0553 0.0686 0.0885 0.1128 0.1384 0.0782 0.0499 0.0354 0.0474 0.0721 0.1007 0.1328 0.1654 0.0706 0.0356 0.0 0.0346 0.0681 0.1024 0.1404 0.1795 0.0535 0.0337 0.0228 0.0327 0.052 0.0764 0.1079 0.1431 0.0603 0.0479 0.0417 0.0463 0.0581 0.0778 0.1071 0.1422 0.0725 0.0639 0.0595 0.0617 0.0699 0.0866 0.1138 0.1495 0.0845 0.0784 0.075 0.0759 0.0818 0.0958 0.123 0.1589 0.0953 0.091 0.0882 0.0883 0.0926 0.105 0.1312 0.1666 0.0484
-3.000 -1.000 15 0.0292 0.0917 0.0709 0.0548 0.0464 0.0529 0.068 0.0908 0.1152 0.1082 0.076 0.0473 0.0331 0.0449 0.0707 0.1021 0.1342 0.1056 0.0703 0.0346 0.0 0.0337 0.0684 0.1067 0.1459 0.0761 0.0533 0.0327 0.0221 0.0325 0.0549 0.0857 0.1202 0.0773 0.0597 0.0463 0.0402 0.0461 0.0623 0.0904 0.1241 0.0851 0.0716 0.0616 0.0572 0.0615 0.0757 0.103 0.1361 0.0938 0.0836 0.0757 0.0721 0.0756 0.0892 0.116 0.1503 0.1024 0.0944 0.088 0.0849 0.0878 0.1009 0.1281 0.1628 0.0373
-3.000 1.000 15 0.0299 0.1112 0.0884 0.0673 0.0525 0.046 0.055 0.0727 0.0947 0.1371 0.1037 0.0718 0.0448 0.0321 0.0456 0.074 0.1049 0.1392 0.1038 0.0681 0.0337 0.0 0.0352 0.0738 0.1127 0.0988 0.075 0.0519 0.0324 0.0231 0.0365 0.0647 0.0974 0.0955 0.0758 0.058 0.046 0.0425 0.0534 0.077 0.1073 0.0992 0.0836 0.0697 0.0614 0.0609 0.0726 0.0965 0.1258 0.1053 0.0923 0.0816 0.0756 0.077 0.0904 0.1163 0.1461 0.1115 0.1011 0.0925 0.088 0.0907 0.1056 0.1337 0.1649 0.0382
-3.000 3.000 15 0.0464 0.1322 0.1087 0.0863 0.0672 0.0548 0.0503 0.0597 0.0749 0.1664 0.1326 0.0999 0.0704 0.0456 0.0337 0.0484 0.075 0.1733 0.1379 0.1024 0.0684 0.0352 0.0 0.0385 0.0767 0.1232 0.0992 0.0757 0.0544 0.0364 0.0279 0.0441 0.072 0.1165 0.0962 0.0772 0.0617 0.053 0.0533 0.0676 0.0892 0.1176 0.1004 0.0858 0.0749 0.0718 0.0784 0.0952 0.1149 0.1213 0.1073 0.0952 0.0884 0.0894 0.1013 0.1223 0.1423 0.1258 0.1145 0.1052 0.1009 0.105 0.121 0.1462 0.1678 0.053
-3.000 5.000 25 0.074 0.157 0.1333 0.1103 0.0899 0.0725 0.0595 0.0524 0.0568 0.1983 0.1645 0.1318 0.1016 0.0739 0.0483 0.0343 0.0455 0.2109 0.1756 0.1404 0.1067 0.0738 0.0385 0.0 0.037 0.1524 0.1285 0.1052 0.0837 0.0637 0.0438 0.032 0.0446 0.1434 0.1231 0.1039 0.0877 0.0753 0.0668 0.0637 0.0701 0.1428 0.1255 0.1099 0.099 0.0932 0.0933 0.097 0.1012 0.1452 0.131 0.1189 0.1116 0.1117 0.1191 0.1292 0.1331 0.1482 0.1375 0.1285 0.1247 0.1291 0.1424 0.1582 0.1629 0.0784
-3.000 7.000 35 0.1052 0.1824 0.1586 0.1352 0.1137 0.0936 0.0737 0.056 0.0445 0.2305 0.1966 0.1637 0.1331 0.1041 0.0743 0.0453 0.0289 0.25 0.2147 0.1795 0.1459 0.1127 0.0767 0.037 0.0 0.184 0.1603 0.1372 0.1157 0.0948 0.0711 0.0445 0.028 0.1738 0.1535 0.1343 0.1176 0.1031 0.0876 0.0699 0.0563 0.1723 0.155 0.1393 0.1271 0.1185 0.1112 0.1005 0.087 0.1736 0.1594 0.1472 0.1391 0.1365 0.1361 0.1315 0.1178 0.1761 0.165 0.1562 0.1518 0.1539 0.1595 0.16 0.1464 0.108
-1.000 -7.000 35 0.0717 0.0795 0.0854 0.0987 0.114 0.1325 0.1523 0.1756 0.2003 0.0626 0.0696 0.0888 0.1099 0.132 0.1559 0.1833 0.2119 0.0214 0.0327 0.0535 0.0761 0.0988 0.1232 0.1524 0.184 0.0 0.0206 0.0419 0.0624 0.0821 0.1037 0.1316 0.1646 0.019 0.028 0.0449 0.0631 0.0813 0.1022 0.1306 0.1655 0.0361 0.042 0.0539 0.0682 0.0837 0.1026 0.1302 0.166 0.0508 0.0556 0.0644 0.0755 0.0882 0.1045 0.1304 0.1659 0.063 0.0676 0.0746 0.0833 0.0935 0.1075 0.1312 0.1647 0.0717
-1.000 -5.000 25 0.0509 0.0855 0.0842 0.0871 0.0976 0.1112 0.1302 0.1526 0.1767 0.0698 0.0658 0.0705 0.0873 0.1066 0.1293 0.1565 0.185 0.0326 0.023 0.0337 0.0533 0.075 0.0992 0.1285 0.1603 0.0206 0.0 0.021 0.0413 0.061 0.0827 0.111 0.1441 0.028 0.0202 0.0286 0.0444 0.0619 0.0827 0.1113 0.1461 0.042 0.0384 0.0428 0.0533 0.067 0.0853 0.113 0.1487 0.0557 0.054 0.0569 0.064 0.0743 0.0898 0.1157 0.1512 0.0677 0.0673 0.0695 0.0744 0.0821 0.0952 0.1191 0.1528 0.0519
-1.000 -3.000 15 0.0302 0.0989 0.0871 0.0827 0.0838 0.0937 0.1091 0.1313 0.1547 0.0896 0.0709 0.0646 0.0678 0.0836 0.1044 0.131 0.1593 0.0532 0.0336 0.0228 0.0327 0.0519 0.0757 0.1052 0.1372 0.0419 0.021 0.0 0.0202 0.04 0.0621 0.0907 0.124 0.0449 0.0286 0.0199 0.0275 0.0431 0.0636 0.0924 0.1271 0.0539 0.0428 0.0378 0.0413 0.0518 0.0691 0.0968 0.1322 0.0644 0.0568 0.0533 0.055 0.0622 0.0769 0.1027 0.138 0.0744 0.0692 0.0665 0.0672 0.0723 0.0846 0.109 0.143 0.0327
-1.000 -1.000 5 0.011 0.1141 0.0976 0.0838 0.0787 0.081 0.0939 0.1131 0.1362 0.1118 0.0886 0.0683 0.0617 0.0655 0.0838 0.1088 0.1364 0.0757 0.0532 0.0327 0.0221 0.0324 0.0544 0.0837 0.1157 0.0624 0.0413 0.0202 0.0 0.02 0.0427 0.0719 0.1053 0.0631 0.0444 0.0275 0.0191 0.0273 0.0466 0.0753 0.1096 0.0681 0.0532 0.0413 0.0363 0.0411 0.0563 0.0834 0.118 0.0751 0.0637 0.0549 0.0513 0.0548 0.068 0.0941 0.1282 0.0826 0.0738 0.067 0.064 0.0668 0.0789 0.104 0.1376 0.0174
-1.000 1.000 5 0.0113 0.1328 0.1114 0.0939 0.0812 0.0787 0.0852 0.1016 0.12 0.136 0.1094 0.0853 0.0662 0.0615 0.0688 0.0911 0.1161 0.0984 0.075 0.052 0.0325 0.0231 0.0364 0.0637 0.0948 0.0821 0.061 0.04 0.02 0.0 0.0233 0.053 0.0863 0.0812 0.0618 0.0431 0.0273 0.0204 0.0323 0.0592 0.0923 0.0835 0.0668 0.0517 0.0411 0.0389 0.0493 0.0736 0.1054 0.0876 0.074 0.0622 0.0548 0.055 0.0664 0.0907 0.1215 0.0925 0.0816 0.0724 0.0671 0.0687 0.0812 0.1066 0.1375 0.0179
-1.000 3.000 15 0.0335 0.1537 0.1316 0.1107 0.0953 0.0862 0.0868 0.0942 0.1067 0.1633 0.1351 0.1084 0.0862 0.07 0.0675 0.0764 0.0959 0.1237 0.1 0.0764 0.0549 0.0365 0.0279 0.0438 0.0711 0.1037 0.0827 0.0621 0.0427 0.0233 0.0 0.0297 0.0623 0.1019 0.0824 0.0634 0.0464 0.0322 0.0263 0.0425 0.0711 0.1021 0.085 0.0689 0.0561 0.0491 0.0514 0.067 0.0911 0.104 0.0896 0.077 0.0681 0.0661 0.0742 0.0926 0.1149 0.1072 0.0955 0.0854 0.0798 0.0814 0.0938 0.1157 0.1381 0.0364
-1.000 5.000 25 0.0628 0.1811 0.1579 0.1363 0.1178 0.1047 0.0955 0.0918 0.0916 0.197 0.1677 0.1396 0.1148 0.0945 0.0777 0.0716 0.0743 0.1553 0.1316 0.1079 0.0857 0.0647 0.0441 0.032 0.0445 0.1316 0.111 0.0907 0.0719 0.053 0.0297 0.0 0.0311 0.1294 0.1101 0.0914 0.0744 0.0586 0.0423 0.0326 0.0455 0.1283 0.1112 0.0952 0.082 0.0725 0.0663 0.0658 0.0734 0.1289 0.1144 0.1015 0.0926 0.089 0.0913 0.0978 0.1039 0.1311 0.1194 0.1096 0.104 0.1054 0.1141 0.1266 0.1328 0.0647
-1.000 7.000 35 0.0961 0.2115 0.1872 0.164 0.1435 0.1246 0.1077 0.0909 0.0787 0.234 0.2037 0.1742 0.1472 0.1225 0.0985 0.0748 0.0615 0.1911 0.1672 0.1431 0.1202 0.0974 0.072 0.0446 0.028 0.1646 0.1441 0.124 0.1053 0.0863 0.0623 0.0311 0.0 0.1619 0.1427 0.1241 0.1071 0.0906 0.0704 0.0455 0.0292 0.1602 0.1432 0.1272 0.1135 0.102 0.0895 0.073 0.0599 0.16 0.1457 0.1327 0.123 0.1164 0.1117 0.1029 0.0905 0.1613 0.1497 0.1398 0.1335 0.1325 0.1336 0.1308 0.1189 0.0978
1.000 -7.000 35 0.0701 0.0986 0.1036 0.1138 0.1263 0.1398 0.1562 0.1771 0.1995 0.0796 0.0854 0.0982 0.1132 0.1308 0.1502 0.1743 0.2004 0.0396 0.0469 0.0603 0.0773 0.0955 0.1165 0.1434 0.1738 0.019 0.028 0.0449 0.0631 0.0812 0.1019 0.1294 0.1619 0.0 0.0189 0.0383 0.057 0.0751 0.0952 0.1228 0.1576 0.017 0.025 0.0401 0.0564 0.0728 0.0917 0.1189 0.1542 0.0316 0.0368 0.0473 0.0601 0.0739 0.0906 0.1158 0.1504 0.0437 0.0481 0.056 0.0658 0.077 0.0911 0.1137 0.146 0.0671
1.000 -5.000 25 0.0507 0.1035 0.1045 0.1055 0.1123 0.1229 0.1376 0.1575 0.1794 0.0853 0.0841 0.0865 0.0965 0.11 0.1287 0.1524 0.1784 0.0467 0.0423 0.0479 0.0597 0.0758 0.0962 0.1231 0.1535 0.028 0.0202 0.0286 0.0444 0.0618 0.0824 0.1101 0.1427 0.0189 0.0 0.0192 0.0378 0.0558 0.076 0.104 0.139 0.025 0.0181 0.0255 0.0397 0.0554 0.0743 0.1017 0.1371 0.0368 0.0337 0.0377 0.047 0.0591 0.0753 0.1008 0.1354 0.0481 0.0469 0.0496 0.0559 0.0649 0.0782 0.101 0.1335 0.0476
1.000 -3.000 15 0.032 0.1139 0.1056 0.1026 0.1015 0.1079 0.1212 0.1402 0.1614 0.0986 0.0869 0.0827 0.0832 0.0927 0.1088 0.1325 0.1582 0.0601 0.0479 0.0417 0.0463 0.058 0.0772 0.1039 0.1343 0.0449 0.0286 0.0199 0.0275 0.0431 0.0634 0.0914 0.1241 0.0383 0.0192 0.0 0.0185 0.0366 0.0572 0.0857 0.121 0.0401 0.0255 0.0178 0.0246 0.0386 0.0573 0.0851 0.1205 0.0473 0.0376 0.0333 0.0364 0.0457 0.0611 0.0868 0.1215 0.0558 0.0494 0.0465 0.0481 0.0543 0.067 0.0898 0.1227 0.0283
1.000 -1.000 5 0.017 0.1268 0.1128 0.1019 0.0979 0.0986 0.1095 0.1279 0.1479 0.1147 0.0978 0.0839 0.0791 0.0809 0.0946 0.1162 0.1418 0.0768 0.0596 0.0463 0.0402 0.046 0.0617 0.0877 0.1176 0.0631 0.0444 0.0275 0.0191 0.0273 0.0464 0.0744 0.1071 0.057 0.0378 0.0185 0.0 0.0184 0.0396 0.0687 0.1043 0.0563 0.0397 0.0246 0.0171 0.0245 0.0422 0.0701 0.1054 0.0598 0.0468 0.0364 0.032 0.0363 0.05 0.0755 0.1099 0.0653 0.0555 0.048 0.0448 0.0478 0.0593 0.083 0.1153 0.0103
1.000 1.000 5 0.0176 0.1412 0.1245 0.1093 0.0996 0.0992 0.106 0.1217 0.1396 0.1343 0.113 0.0948 0.0821 0.0805 0.0877 0.1066 0.1281 0.095 0.0758 0.0581 0.0461 0.0425 0.053 0.0753 0.1031 0.0813 0.0619 0.0431 0.0273 0.0204 0.0322 0.0586 0.0906 0.0751 0.0558 0.0366 0.0184 0.0 0.022 0.0518 0.0873 0.0726 0.0553 0.0386 0.0245 0.0184 0.0298 0.0563 0.0906 0.0734 0.0589 0.0457 0.0364 0.0345 0.0444 0.068 0.1003 0.0763 0.0646 0.0544 0.048 0.0481 0.0584 0.0814 0.1115 0.0106
1.000 3.000 15 0.0359 0.1606 0.142 0.1253 0.1133 0.1088 0.1134 0.1218 0.1323 0.1575 0.135 0.1139 0.0983 0.0899 0.0928 0.1021 0.1169 0.1168 0.0968 0.0778 0.0623 0.0534 0.0533 0.0668 0.0876 0.1022 0.0827 0.0636 0.0466 0.0323 0.0263 0.0423 0.0704 0.0952 0.076 0.0572 0.0396 0.022 0.0 0.03 0.0648 0.0916 0.0743 0.0574 0.0422 0.0297 0.025 0.0417 0.0718 0.0904 0.0754 0.0614 0.0502 0.0444 0.0476 0.0638 0.0892 0.0912 0.0788 0.068 0.0602 0.0589 0.067 0.0854 0.1086 0.0319
1.000 5.000 25 0.0647 0.1892 0.1693 0.1514 0.1377 0.1293 0.1256 0.1246 0.1222 0.1895 0.166 0.1439 0.1255 0.1129 0.1051 0.1033 0.1029 0.1466 0.1265 0.1071 0.0904 0.077 0.0676 0.0637 0.0699 0.1306 0.1113 0.0924 0.0753 0.0592 0.0425 0.0326 0.0455 0.1228 0.104 0.0857 0.0687 0.0518 0.03 0.0 0.0332 0.1184 0.1013 0.0847 0.0698 0.056 0.0416 0.033 0.0471 0.1158 0.101 0.087 0.0756 0.0677 0.0634 0.0647 0.0736 0.1152 0.1029 0.0918 0.0844 0.0818 0.0852 0.0931 0.1008 0.0614
1.000 7.000 35 0.0993 0.2228 0.2015 0.1814 0.1646 0.1509 0.1371 0.1222 0.1078 0.2276 0.2028 0.1789 0.1581 0.1394 0.1222 0.1041 0.0899 0.1827 0.1623 0.1422 0.1241 0.1073 0.0892 0.0701 0.0563 0.1655 0.1461 0.1271 0.1096 0.0923 0.0711 0.0455 0.0292 0.1576 0.139 0.121 0.1043 0.0873 0.0648 0.0332 0.0 0.1522 0.1353 0.1189 0.1039 0.0894 0.0712 0.047 0.0305 0.1487 0.134 0.1201 0.1082 0.0985 0.088 0.0732 0.0608 0.1473 0.135 0.1239 0.1155 0.1102 0.1068 0.0997 0.0888 0.0966
3.000 -7.000 35 0.0725 0.1161 0.1206 0.1289 0.1382 0.1488 0.1627 0.182 0.203 0.0959 0.1014 0.111 0.1226 0.1351 0.1515 0.1735 0.198 0.0567 0.0626 0.0725 0.0851 0.0992 0.1176 0.1428 0.1723 0.0361 0.042 0.0539 0.0681 0.0835 0.1021 0.1283 0.1602 0.017 0.025 0.0401 0.0563 0.0726 0.0916 0.1184 0.1522 0.0 0.0165 0.0335 0.05 0.0659 0.0838 0.1096 0.1441 0.0146 0.0215 0.0347 0.0489 0.0632 0.0797 0.1041 0.1373 0.0267 0.0313 0.0405 0.0517 0.0636 0.0778 0.0995 0.1302 0.0668
3.000 -5.000 25 0.0561 0.1203 0.123 0.1226 0.1269 0.1345 0.147 0.1651 0.1863 0.1011 0.1014 0.1028 0.109 0.1191 0.1338 0.1554 0.1799 0.0624 0.0604 0.0639 0.0716 0.0836 0.1004 0.1255 0.155 0.042 0.0384 0.0428 0.0532 0.0668 0.085 0.1112 0.1432 0.025 0.0181 0.0255 0.0397 0.0553 0.0743 0.1013 0.1353 0.0165 0.0 0.0169 0.0332 0.0491 0.0671 0.0932 0.1281 0.0215 0.0156 0.0221 0.0345 0.0482 0.0647 0.0893 0.1228 0.0313 0.0288 0.0324 0.0406 0.051 0.0648 0.0867 0.1177 0.0499
3.000 -3.000 15 0.0416 0.1287 0.1228 0.1209 0.1179 0.1222 0.1334 0.1514 0.1714 0.111 0.1031 0.0998 0.0988 0.1051 0.1187 0.1398 0.164 0.0722 0.0638 0.0595 0.0616 0.0697 0.0858 0.1099 0.1393 0.0539 0.0428 0.0378 0.0413 0.0517 0.0689 0.0952 0.1272 0.0401 0.0255 0.0178 0.0246 0.0386 0.0574 0.0847 0.1189 0.0335 0.0169 0.0 0.0163 0.0322 0.0506 0.0773 0.1124 0.0346 0.0221 0.0155 0.0214 0.0336 0.0499 0.075 0.1087 0.0404 0.0324 0.0287 0.0315 0.0394 0.0525 0.0748 0.106 0.0342
3.000 -1.000 15 0.0326 0.1389 0.1278 0.1185 0.1155 0.115 0.1251 0.143 0.1624 0.1238 0.1104 0.0996 0.0957 0.0967 0.1085 0.1294 0.1525 0.0849 0.0717 0.0617 0.0572 0.0614 0.0749 0.099 0.1271 0.0682 0.0533 0.0413 0.0363 0.0411 0.0561 0.082 0.1135 0.0564 0.0397 0.0246 0.0171 0.0245 0.0422 0.0698 0.1039 0.05 0.0332 0.0163 0.0 0.0162 0.0351 0.0626 0.0981 0.0488 0.0345 0.0214 0.0149 0.0213 0.0368 0.0623 0.0961 0.0514 0.0404 0.0315 0.0277 0.0312 0.0429 0.0654 0.0967 0.0234
3.000 1.000 15 0.0337 0.1509 0.1369 0.1242 0.1164 0.1183 0.1258 0.1423 0.1596 0.1384 0.1222 0.1074 0.098 0.0986 0.107 0.1257 0.1468 0.0992 0.0838 0.0699 0.0615 0.0609 0.0718 0.0932 0.1185 0.0837 0.067 0.0518 0.0411 0.0389 0.0491 0.0725 0.102 0.0728 0.0554 0.0386 0.0245 0.0184 0.0297 0.056 0.0894 0.0659 0.0491 0.0322 0.0162 0.0 0.0198 0.048 0.0836 0.063 0.0481 0.0336 0.0213 0.016 0.0262 0.0508 0.084 0.0632 0.0509 0.0395 0.0314 0.0297 0.0383 0.0596 0.0897 0.0242
3.000 3.000 15 0.0474 0.1686 0.1531 0.1393 0.1307 0.1301 0.1392 0.1495 0.1595 0.1586 0.1404 0.1243 0.1131 0.1101 0.1177 0.1293 0.1424 0.1181 0.1011 0.0866 0.0757 0.0726 0.0784 0.0933 0.1112 0.1026 0.0853 0.0691 0.0563 0.0493 0.0514 0.0663 0.0895 0.0917 0.0743 0.0573 0.0422 0.0298 0.025 0.0416 0.0712 0.0838 0.0671 0.0506 0.0351 0.0198 0.0 0.0286 0.0636 0.0797 0.0648 0.0502 0.037 0.0263 0.0225 0.0386 0.0682 0.0781 0.0654 0.0532 0.0435 0.0386 0.0418 0.0572 0.0817 0.039
3.000 5.000 25 0.074 0.1976 0.1812 0.167 0.1575 0.1545 0.156 0.1586 0.1544 0.1894 0.1704 0.1531 0.1409 0.1349 0.1343 0.1366 0.1344 0.1467 0.1295 0.1138 0.103 0.0965 0.0952 0.097 0.1005 0.1302 0.113 0.0968 0.0834 0.0736 0.067 0.0658 0.073 0.1189 0.1017 0.0851 0.0701 0.0563 0.0417 0.033 0.047 0.1096 0.0932 0.0773 0.0626 0.048 0.0286 0.0 0.0333 0.1045 0.0899 0.0756 0.0626 0.0509 0.0386 0.0314 0.0458 0.1015 0.0889 0.0768 0.0669 0.0603 0.0573 0.0595 0.069 0.0662
3.000 7.000 35 0.108 0.2336 0.2159 0.1995 0.1871 0.178 0.1688 0.1555 0.1391 0.228 0.2079 0.189 0.1737 0.1624 0.151 0.1365 0.1206 0.1835 0.1659 0.1495 0.1361 0.1258 0.1149 0.1012 0.087 0.166 0.1487 0.1322 0.118 0.1054 0.0911 0.0734 0.0599 0.1542 0.1371 0.1205 0.1054 0.0906 0.0718 0.0471 0.0305 0.1441 0.1281 0.1124 0.0981 0.0836 0.0636 0.0333 0.0 0.1377 0.1233 0.1091 0.0961 0.0837 0.0678 0.0457 0.03 0.1335 0.1209 0.1089 0.0985 0.0902 0.0813 0.0686 0.0577 0.1012
5.000 -7.000 35 0.0771 0.1309 0.1357 0.1426 0.1496 0.1574 0.1698 0.1873 0.2071 0.11 0.1158 0.1234 0.1319 0.1412 0.1552 0.1759 0.1995 0.0714 0.0769 0.0845 0.0938 0.1053 0.1213 0.1452 0.1736 0.0508 0.0557 0.0644 0.0751 0.0876 0.104 0.1289 0.16 0.0316 0.0368 0.0473 0.0598 0.0734 0.0904 0.1158 0.1487 0.0146 0.0215 0.0346 0.0488 0.063 0.0797 0.1045 0.1377 0.0 0.014 0.0287 0.0429 0.0567 0.0721 0.0948 0.1269 0.0122 0.0181 0.0294 0.0417 0.054 0.0679 0.0885 0.1176 0.0698
5.000 -5.000 25 0.0641 0.1351 0.1389 0.1378 0.1403 0.1456 0.1563 0.1738 0.1937 0.1152 0.1165 0.1174 0.1213 0.1285 0.1408 0.1611 0.1849 0.0766 0.0761 0.0784 0.0836 0.0923 0.1073 0.131 0.1594 0.0556 0.054 0.0568 0.0637 0.074 0.0896 0.1144 0.1457 0.0368 0.0337 0.0376 0.0468 0.0589 0.0754 0.101 0.134 0.0215 0.0156 0.0221 0.0345 0.0481 0.0648 0.0899 0.1233 0.014 0.0 0.0145 0.0286 0.0423 0.0578 0.0809 0.1133 0.0181 0.0132 0.0189 0.0296 0.0413 0.0552 0.0761 0.1054 0.0561
5.000 -3.000 25 0.0532 0.1425 0.1382 0.1366 0.1325 0.1353 0.1454 0.1628 0.1831 0.1234 0.1178 0.1149 0.113 0.1173 0.1292 0.1492 0.1725 0.0843 0.0785 0.075 0.0757 0.0816 0.0952 0.1189 0.1472 0.0644 0.0569 0.0533 0.0549 0.0622 0.077 0.1015 0.1327 0.0473 0.0377 0.0333 0.0364 0.0457 0.0614 0.087 0.1201 0.0347 0.0221 0.0155 0.0214 0.0336 0.0502 0.0756 0.1091 0.0287 0.0145 0.0 0.0141 0.0278 0.0436 0.0672 0.0999 0.0294 0.0189 0.0133 0.0184 0.0288 0.0425 0.0639 0.0935 0.0444
5.000 -1.000 25 0.0471 0.1507 0.1417 0.1334 0.1307 0.1297 0.1398 0.158 0.1773 0.1332 0.1229 0.114 0.1102 0.111 0.1224 0.1431 0.1654 0.094 0.0839 0.0759 0.0721 0.0756 0.0884 0.1116 0.1391 0.0755 0.064 0.055 0.0513 0.0548 0.0681 0.0926 0.123 0.0601 0.047 0.0364 0.032 0.0364 0.0502 0.0756 0.1082 0.0489 0.0345 0.0214 0.0149 0.0213 0.037 0.0626 0.0961 0.0429 0.0286 0.0141 0.0 0.0139 0.0303 0.0546 0.0877 0.0416 0.0296 0.0184 0.0128 0.0182 0.0313 0.053 0.0829 0.0376
5.000 1.000 25 0.0486 0.1602 0.1487 0.1378 0.1313 0.1348 0.1439 0.1621 0.1797 0.1447 0.1318 0.1197 0.1124 0.1145 0.1248 0.1449 0.1654 0.1057 0.0927 0.0818 0.0756 0.077 0.0894 0.1117 0.1365 0.0882 0.0743 0.0622 0.0548 0.055 0.0661 0.089 0.1164 0.0739 0.0591 0.0457 0.0363 0.0345 0.0444 0.0677 0.0985 0.0632 0.0482 0.0336 0.0213 0.016 0.0263 0.0509 0.0837 0.0567 0.0423 0.0278 0.0139 0.0 0.0171 0.0423 0.0756 0.0538 0.0413 0.0288 0.0182 0.0136 0.0222 0.0435 0.0731 0.0388
5.000 3.000 25 0.061 0.1765 0.1633 0.1522 0.1464 0.1492 0.1627 0.1758 0.1862 0.1622 0.1475 0.1348 0.1273 0.1284 0.1405 0.1554 0.1683 0.1222 0.1081 0.0958 0.0892 0.0904 0.1013 0.1191 0.1361 0.1045 0.0898 0.0769 0.068 0.0664 0.0742 0.0913 0.1117 0.0906 0.0753 0.0611 0.05 0.0444 0.0476 0.0634 0.088 0.0797 0.0647 0.0499 0.0368 0.0262 0.0225 0.0386 0.0678 0.0721 0.0578 0.0436 0.0303 0.0171 0.0 0.0257 0.0585 0.0681 0.0555 0.0429 0.0315 0.0223 0.0192 0.0336 0.0603 0.051
5.000 5.000 25 0.0862 0.2049 0.1917 0.1809 0.1758 0.178 0.185 0.1915 0.1863 0.1914 0.1764 0.1634 0.1563 0.1564 0.1623 0.1689 0.1659 0.1493 0.1352 0.123 0.116 0.1163 0.1223 0.1292 0.1315 0.1304 0.1157 0.1027 0.0941 0.0907 0.0926 0.0978 0.1029 0.1158 0.1008 0.0868 0.0755 0.068 0.0638 0.0647 0.0732 0.1041 0.0893 0.075 0.0623 0.0508 0.0386 0.0314 0.0457 0.0948 0.0809 0.0672 0.0546 0.0423 0.0257 0.0 0.0313 0.0899 0.0775 0.0652 0.054 0.044 0.0337 0.0279 0.0413 0.0761
5.000 7.000 35 0.1193 0.2422 0.2284 0.2163 0.2084 0.2048 0.2004 0.1889 0.1704 0.2301 0.2142 0.2001 0.1904 0.1857 0.1805 0.1693 0.1514 0.1859 0.1715 0.1589 0.1503 0.1461 0.1423 0.1331 0.1178 0.1659 0.1512 0.138 0.1282 0.1215 0.1149 0.1039 0.0905 0.1504 0.1354 0.1215 0.1099 0.1003 0.0892 0.0736 0.0608 0.1373 0.1228 0.1087 0.0961 0.084 0.0682 0.0458 0.03 0.1269 0.1133 0.0999 0.0877 0.0756 0.0585 0.0313 0.0 0.1203 0.108 0.0958 0.0845 0.0739 0.0604 0.0412 0.0274 0.1094
7.000 -7.000 35 0.0827 0.1431 0.1486 0.1545 0.1597 0.1651 0.1758 0.1926 0.2124 0.1217 0.128 0.1343 0.1407 0.1476 0.16 0.1793 0.2022 0.0836 0.0891 0.0953 0.1024 0.1115 0.1258 0.1482 0.1761 0.063 0.0677 0.0744 0.0826 0.0925 0.1072 0.1311 0.1613 0.0437 0.0481 0.0558 0.0653 0.0763 0.0912 0.1152 0.1473 0.0267 0.0313 0.0404 0.0514 0.0632 0.0781 0.1015 0.1335 0.0122 0.0181 0.0294 0.0416 0.0538 0.0681 0.0899 0.1203 0.0 0.0117 0.0242 0.0365 0.0482 0.0611 0.0801 0.1075 0.0744
7.000 -5.000 35 0.0726 0.1479 0.1522 0.151 0.1521 0.1557 0.1648 0.1818 0.2014 0.1273 0.1293 0.13 0.1323 0.1375 0.1482 0.1679 0.1909 0.0888 0.0893 0.091 0.0944 0.1011 0.1145 0.1375 0.165 0.0676 0.0673 0.0692 0.0738 0.0816 0.0955 0.1194 0.1497 0.0481 0.0469 0.0494 0.0555 0.0646 0.0788 0.1029 0.135 0.0313 0.0288 0.0324 0.0404 0.0509 0.0654 0.0889 0.1209 0.0181 0.0132 0.0189 0.0296 0.0413 0.0555 0.0775 0.108 0.0117 0.0 0.0123 0.0244 0.0361 0.0491 0.0683 0.096 0.0638
7.000 -3.000 35 0.0641 0.1545 0.1516 0.15 0.1453 0.1471 0.1565 0.1737 0.1938 0.1344 0.1306 0.1277 0.1253 0.1283 0.1394 0.159 0.1825 0.0954 0.0913 0.0882 0.088 0.0925 0.1052 0.1285 0.1562 0.0746 0.0695 0.0665 0.067 0.0724 0.0854 0.1096 0.1398 0.056 0.0496 0.0465 0.048 0.0544 0.068 0.0918 0.1239 0.0405 0.0324 0.0287 0.0315 0.0395 0.0532 0.0768 0.1089 0.0294 0.0189 0.0133 0.0184 0.0288 0.0429 0.0652 0.0958 0.0242 0.0123 0.0 0.012 0.0237 0.0369 0.0566 0.0846 0.0549
7.000 -1.000 35 0.0596 0.1614 0.1541 0.1465 0.1436 0.1426 0.1531 0.1722 0.1917 0.1423 0.1342 0.1265 0.1227 0.1235 0.1352 0.1565 0.1788 0.1031 0.0951 0.0883 0.0849 0.088 0.1009 0.1247 0.1518 0.0833 0.0744 0.0672 0.064 0.0671 0.0798 0.104 0.1335 0.0658 0.0559 0.0481 0.0448 0.048 0.0602 0.0844 0.1155 0.0517 0.0406 0.0315 0.0277 0.0314 0.0435 0.0669 0.0985 0.0417 0.0296 0.0184 0.0128 0.0182 0.0315 0.054 0.0845 0.0365 0.0244 0.012 0.0 0.0118 0.0254 0.0457 0.0741 0.05
7.000 1.000 35 0.0615 0.1686 0.1595 0.1498 0.1441 0.1488 0.1598 0.1803 0.1987 0.1514 0.1409 0.1307 0.1247 0.1279 0.1405 0.1626 0.1836 0.1124 0.1018 0.0926 0.0878 0.0907 0.105 0.1291 0.1539 0.0935 0.0821 0.0723 0.0668 0.0687 0.0814 0.1054 0.1325 0.077 0.0649 0.0543 0.0478 0.0481 0.0589 0.0818 0.1102 0.0636 0.051 0.0394 0.0312 0.0297 0.0386 0.0603 0.0902 0.054 0.0413 0.0288 0.0182 0.0136 0.0223 0.044 0.0739 0.0482 0.0361 0.0237 0.0118 0.0 0.0142 0.0354 0.064 0.0516
7.000 3.000 35 0.0734 0.183 0.172 0.1633 0.1596 0.1653 0.1829 0.1994 0.2108 0.1666 0.1544 0.1443 0.1394 0.1439 0.1602 0.1788 0.1923 0.1266 0.1149 0.105 0.1009 0.1056 0.121 0.1424 0.1595 0.1075 0.0952 0.0846 0.0789 0.0812 0.0938 0.1141 0.1336 0.0911 0.0782 0.067 0.0593 0.0584 0.067 0.0852 0.1068 0.0778 0.0648 0.0525 0.0429 0.0383 0.0418 0.0573 0.0813 0.0679 0.0552 0.0425 0.0313 0.0222 0.0192 0.0337 0.0604 0.0611 0.0491 0.0369 0.0254 0.0142 0.0 0.0217 0.05 0.0629
7.000 5.000 35 0.0984 0.2102 0.1997 0.192 0.1911 0.1981 0.2106 0.2212 0.2155 0.1934 0.1816 0.1723 0.1695 0.175 0.187 0.198 0.1948 0.1509 0.1402 0.1312 0.1281 0.1337 0.1462 0.1582 0.16 0.1312 0.1191 0.109 0.104 0.1066 0.1157 0.1266 0.1308 0.1137 0.101 0.0898 0.083 0.0814 0.0854 0.0931 0.0997 0.0995 0.0867 0.0748 0.0654 0.0596 0.0572 0.0595 0.0686 0.0885 0.0761 0.0639 0.053 0.0435 0.0336 0.0279 0.0412 0.0801 0.0683 0.0566 0.0457 0.0354 0.0217 0.0 0.0271 0.0869
7.000 7.000 35 0.1306 0.2478 0.2373 0.2292 0.2262 0.2286 0.2294 0.2201 0.1995 0.231 0.219 0.2095 0.2049 0.2066 0.2077 0.1998 0.1801 0.1861 0.1749 0.1666 0.1628 0.1649 0.1678 0.1629 0.1464 0.1647 0.1528 0.143 0.1376 0.1375 0.1381 0.1328 0.1189 0.146 0.1335 0.1227 0.1153 0.1115 0.1086 0.1008 0.0888 0.1302 0.1177 0.106 0.0967 0.0897 0.0817 0.069 0.0577 0.1176 0.1054 0.0935 0.0829 0.0731 0.0603 0.0413 0.0274 0.1075 0.096 0.0846 0.0741 0.064 0.05 0.0271 0.0 0.1188
0.500 0.000 0 0.0096 0.1302 0.1144 0.1004 0.0928 0.0928 0.1018 0.1193 0.1382 0.1231 0.1027 0.0847 0.0751 0.0751 0.0857 0.1074 0.1315 0.0847 0.0658 0.0484 0.0373 0.0382 0.053 0.0784 0.108 0.0717 0.0519 0.0327 0.0174 0.0179 0.0364 0.0647 0.0978 0.0671 0.0476 0.0283 0.0103 0.0106 0.0319 0.0614 0.0966 0.0668 0.0499 0.0342 0.0234 0.0242 0.039 0.0662 0.1012 0.0698 0.0561 0.0444 0.0376 0.0388 0.051 0.0761 0.1094 0.0744 0.0638 0.0549 0.05 0.0516 0.0629 0.0869 0.1188 0.0