n 66
m 2
tmax 32.5
Vcpm 1.4
R 1
dmax 39.0
-0.500 0.000 0 0.0 0.1514 0.1314 0.1144 0.1027 0.099 0.1033 0.1139 0.128 0.1349 0.1091 0.0856 0.0698 0.0662 0.0737 0.0883 0.1058 0.1208 0.0891 0.0592 0.0381 0.0353 0.0478 0.0656 0.0851 0.1117 0.0774 0.0436 0.0146 0.0133 0.0332 0.0521 0.0712 0.1097 0.0769 0.0455 0.022 0.0197 0.033 0.0485 0.0653 0.113 0.0847 0.0588 0.0416 0.0368 0.0418 0.0521 0.0654 0.1178 0.0956 0.0743 0.0594 0.0525 0.0527 0.0586 0.0693 0.1221 0.1054 0.0879 0.0743 0.066 0.0632 0.0663 0.0746 0.0118
-7.000 -7.000 35 0.1514 0.0 0.0243 0.0523 0.0823 0.1125 0.1412 0.168 0.1928 0.0248 0.0389 0.0655 0.0959 0.1268 0.1562 0.1841 0.2106 0.0543 0.0667 0.0888 0.115 0.142 0.168 0.1936 0.2191 0.0855 0.0983 0.1162 0.136 0.1572 0.1769 0.1974 0.2195 0.116 0.13 0.1446 0.159 0.172 0.1849 0.1996 0.2174 0.1432 0.1589 0.1715 0.1811 0.1881 0.1949 0.205 0.2185 0.1648 0.1828 0.1949 0.2014 0.2041 0.2071 0.212 0.2218 0.18 0.2005 0.2133 0.2186 0.2187 0.2185 0.2201 0.2273 0.1602
-7.000 -5.000 35 0.1314 0.0243 0.0 0.0277 0.0575 0.0874 0.1159 0.1424 0.167 0.0389 0.0296 0.0437 0.0706 0.1002 0.129 0.1565 0.1827 0.0667 0.0639 0.0733 0.0933 0.1172 0.1418 0.1666 0.1916 0.0987 0.0993 0.1055 0.1185 0.1346 0.1531 0.1725 0.194 0.1306 0.1337 0.137 0.1436 0.1529 0.1632 0.1768 0.1942 0.1596 0.165 0.1662 0.1677 0.1706 0.1746 0.183 0.1966 0.1831 0.1911 0.1915 0.1896 0.1877 0.1869 0.1912 0.2008 0.2005 0.2111 0.2118 0.2082 0.2032 0.1989 0.1997 0.2062 0.1425
-7.000 -3.000 35 0.1144 0.0523 0.0277 0.0 0.0295 0.0592 0.0873 0.1137 0.1381 0.0656 0.0438 0.0319 0.0456 0.0716 0.0991 0.1262 0.1519 0.0897 0.0739 0.0672 0.0744 0.0925 0.1142 0.1377 0.1618 0.1188 0.1073 0.1015 0.1038 0.114 0.1282 0.1465 0.167 0.1488 0.1401 0.1334 0.1308 0.134 0.1417 0.1536 0.1699 0.1764 0.17 0.1622 0.1554 0.1528 0.1545 0.1614 0.174 0.199 0.1951 0.1868 0.1771 0.1701 0.1671 0.17 0.1796 0.2157 0.2144 0.2066 0.1953 0.1855 0.1791 0.1788 0.1856 0.1259
-7.000 -1.000 35 0.1027 0.0823 0.0575 0.0295 0.0 0.0294 0.0573 0.0835 0.1079 0.0967 0.071 0.0457 0.0324 0.045 0.0691 0.095 0.1202 0.118 0.095 0.0751 0.0665 0.072 0.0881 0.1089 0.1316 0.143 0.123 0.1058 0.0973 0.0976 0.1066 0.1214 0.1403 0.1694 0.1513 0.1345 0.1238 0.1194 0.1223 0.1322 0.1467 0.1932 0.1774 0.1602 0.1469 0.1383 0.1364 0.142 0.1533 0.2124 0.1991 0.1821 0.1668 0.1549 0.1493 0.1515 0.1603 0.2263 0.2155 0.1994 0.1831 0.1692 0.1608 0.1605 0.1673 0.1151
-7.000 1.000 35 0.099 0.1125 0.0874 0.0592 0.0294 0.0 0.0278 0.054 0.0783 0.1285 0.1012 0.072 0.045 0.0311 0.0425 0.0653 0.0894 0.148 0.1208 0.0939 0.0724 0.0629 0.0676 0.0834 0.1033 0.1692 0.1429 0.1179 0.099 0.0899 0.0903 0.1006 0.1158 0.1901 0.1655 0.141 0.1219 0.1111 0.1082 0.1146 0.1265 0.2088 0.1861 0.1618 0.1418 0.1286 0.1229 0.1266 0.136 0.2232 0.203 0.1795 0.1586 0.1434 0.1356 0.1373 0.1449 0.2327 0.2152 0.1932 0.1723 0.1559 0.1464 0.1467 0.1532 0.1103
-7.000 3.000 35 0.1033 0.1412 0.1159 0.0873 0.0573 0.0278 0.0 0.0263 0.0504 0.1589 0.1306 0.0998 0.0692 0.0425 0.0293 0.0403 0.0612 0.177 0.1472 0.1165 0.0888 0.0677 0.0591 0.0644 0.0789 0.1943 0.1641 0.1339 0.1085 0.0906 0.0837 0.0864 0.0961 0.21 0.1804 0.1507 0.1259 0.109 0.1019 0.1035 0.1105 0.2231 0.195 0.1659 0.1413 0.124 0.1163 0.1174 0.1229 0.2326 0.2065 0.1787 0.1543 0.1367 0.1283 0.1293 0.1341 0.2372 0.2141 0.1884 0.1648 0.1472 0.1384 0.1394 0.144 0.1121
-7.000 5.000 35 0.1139 0.168 0.1424 0.1137 0.0835 0.054 0.0263 0.0 0.0238 0.1875 0.1585 0.127 0.0951 0.0653 0.0403 0.0277 0.0367 0.2044 0.173 0.1402 0.1094 0.0832 0.0642 0.0565 0.0593 0.2181 0.1853 0.1522 0.1228 0.1003 0.0858 0.0806 0.0804 0.2289 0.1959 0.1629 0.1349 0.1142 0.1025 0.0989 0.0976 0.237 0.205 0.1728 0.1456 0.1262 0.1159 0.1136 0.112 0.2409 0.2116 0.1811 0.155 0.1365 0.1274 0.1261 0.1246 0.2408 0.215 0.187 0.1627 0.1453 0.1371 0.1368 0.1358 0.1204
-7.000 7.000 35 0.128 0.1928 0.167 0.1381 0.1079 0.0783 0.0504 0.0238 0.0 0.2141 0.1847 0.1526 0.1201 0.0892 0.0611 0.0367 0.0235 0.2301 0.1976 0.1636 0.1312 0.1024 0.0784 0.0591 0.0483 0.2406 0.2059 0.1709 0.1396 0.1136 0.0943 0.0797 0.0696 0.2468 0.2116 0.1764 0.1462 0.1233 0.1072 0.0959 0.0861 0.25 0.2158 0.1815 0.1526 0.1315 0.1181 0.1093 0.0997 0.2491 0.2177 0.1858 0.1586 0.1392 0.1279 0.121 0.1115 0.2453 0.2172 0.1884 0.1636 0.1461 0.1364 0.1311 0.1218 0.1316
-5.000 -7.000 35 0.1349 0.0248 0.0389 0.0656 0.0967 0.1285 0.1589 0.1875 0.2141 0.0 0.0302 0.0639 0.0985 0.1322 0.1637 0.1932 0.2211 0.029 0.045 0.0743 0.1059 0.1362 0.1644 0.1912 0.2176 0.0598 0.0728 0.0952 0.1199 0.1436 0.1655 0.187 0.2095 0.0899 0.1029 0.12 0.1376 0.1548 0.1699 0.1855 0.2035 0.1167 0.1309 0.145 0.1578 0.1681 0.1773 0.1879 0.2019 0.1378 0.1541 0.167 0.1762 0.182 0.1869 0.1939 0.2043 0.1527 0.1712 0.1844 0.1919 0.195 0.1973 0.2007 0.2084 0.1423
-5.000 -5.000 25 0.1091 0.0389 0.0296 0.0438 0.071 0.1012 0.1306 0.1585 0.1847 0.0302 0.0 0.0333 0.0675 0.1008 0.132 0.1613 0.1891 0.045 0.0337 0.0486 0.0763 0.1054 0.133 0.1597 0.186 0.073 0.0687 0.0769 0.0949 0.1155 0.1361 0.1572 0.1797 0.1032 0.1026 0.1069 0.1169 0.129 0.1426 0.1575 0.1753 0.1311 0.1335 0.1354 0.1395 0.1452 0.1518 0.1614 0.1751 0.1539 0.1592 0.1602 0.1605 0.1612 0.1628 0.168 0.1781 0.1707 0.1789 0.1801 0.1785 0.1759 0.174 0.1759 0.183 0.1182
-5.000 -3.000 25 0.0856 0.0655 0.0437 0.0319 0.0457 0.072 0.0998 0.127 0.1526 0.0639 0.0333 0.0 0.0339 0.067 0.098 0.1271 0.1548 0.0748 0.0488 0.0346 0.048 0.0736 0.1002 0.1266 0.1527 0.0964 0.0776 0.0683 0.0734 0.0884 0.1066 0.1269 0.1489 0.1222 0.1084 0.0998 0.0991 0.1055 0.1156 0.1296 0.147 0.1471 0.1372 0.1283 0.1232 0.1231 0.1269 0.1353 0.1486 0.168 0.1615 0.1527 0.1446 0.1399 0.1387 0.1429 0.1528 0.1836 0.1801 0.1722 0.1626 0.1549 0.1503 0.1512 0.1581 0.0962
-5.000 -1.000 25 0.0698 0.0959 0.0706 0.0456 0.0324 0.045 0.0692 0.0951 0.1201 0.0985 0.0675 0.0339 0.0 0.0328 0.0637 0.0928 0.1205 0.1076 0.0771 0.0482 0.0333 0.0453 0.0687 0.0942 0.1199 0.1238 0.097 0.0742 0.0634 0.0669 0.0803 0.0986 0.1197 0.1436 0.1208 0.101 0.0895 0.0874 0.0931 0.1049 0.1212 0.1637 0.1443 0.1256 0.1124 0.1059 0.106 0.1128 0.1253 0.1802 0.1643 0.1468 0.1322 0.1224 0.1184 0.1215 0.131 0.1921 0.1797 0.1637 0.1485 0.1366 0.1298 0.1301 0.1374 0.0817
-5.000 1.000 25 0.0662 0.1268 0.1002 0.0716 0.045 0.0311 0.0425 0.0653 0.0892 0.1322 0.1008 0.067 0.0328 0.0 0.0308 0.06 0.0877 0.1399 0.1074 0.0743 0.0454 0.0309 0.0419 0.0646 0.0893 0.1515 0.1202 0.0903 0.0675 0.0571 0.0606 0.0747 0.0937 0.1656 0.1366 0.1092 0.0887 0.0779 0.0772 0.0856 0.0996 0.1793 0.1534 0.1278 0.1077 0.0953 0.0915 0.0962 0.1068 0.1902 0.1679 0.1441 0.1241 0.1101 0.1039 0.1063 0.1146 0.1973 0.1787 0.1571 0.1375 0.1225 0.1147 0.1154 0.1222 0.077
-5.000 3.000 25 0.0737 0.1562 0.129 0.0991 0.0691 0.0425 0.0293 0.0403 0.0611 0.1637 0.132 0.098 0.0637 0.0308 0.0 0.0294 0.0569 0.1699 0.1363 0.1016 0.069 0.0419 0.0289 0.0401 0.0616 0.1774 0.1435 0.1099 0.0813 0.0608 0.0526 0.058 0.072 0.1859 0.153 0.1213 0.0951 0.0777 0.0705 0.0736 0.083 0.1936 0.1634 0.1332 0.1087 0.0921 0.0847 0.0869 0.0939 0.1988 0.1721 0.1443 0.1209 0.1045 0.0967 0.0984 0.1042 0.2013 0.1781 0.153 0.131 0.1149 0.1068 0.1084 0.1136 0.0815
-5.000 5.000 25 0.0883 0.1841 0.1565 0.1262 0.095 0.0653 0.0403 0.0277 0.0367 0.1932 0.1613 0.1271 0.0928 0.06 0.0294 0.0 0.0271 0.198 0.1637 0.1282 0.0945 0.0645 0.04 0.0278 0.0373 0.2017 0.1662 0.1308 0.0996 0.0746 0.0577 0.0512 0.0547 0.2051 0.17 0.1356 0.1069 0.0855 0.0731 0.0691 0.0704 0.2075 0.1747 0.1421 0.115 0.0961 0.0861 0.0836 0.0841 0.2078 0.1783 0.1485 0.1233 0.1059 0.0974 0.096 0.0963 0.2054 0.1799 0.1534 0.1304 0.1144 0.1071 0.1068 0.1072 0.0928
-5.000 7.000 35 0.1058 0.2106 0.1827 0.1519 0.1202 0.0894 0.0612 0.0367 0.0235 0.2211 0.1891 0.1548 0.1205 0.0877 0.0569 0.0271 0.0 0.2246 0.1898 0.1538 0.1197 0.0887 0.0612 0.0372 0.024 0.2249 0.1883 0.1519 0.1195 0.0924 0.071 0.0543 0.0446 0.2238 0.1873 0.1516 0.1212 0.0977 0.0811 0.0694 0.0608 0.2214 0.1871 0.1533 0.125 0.1042 0.091 0.0824 0.0742 0.2173 0.1863 0.1556 0.1297 0.1111 0.1004 0.094 0.086 0.211 0.1844 0.1571 0.1341 0.1177 0.1089 0.1041 0.0963 0.1075
-3.000 -7.000 35 0.1208 0.0543 0.0667 0.0897 0.118 0.148 0.177 0.2044 0.2301 0.029 0.045 0.0748 0.1076 0.1399 0.1699 0.198 0.2246 0.0 0.0329 0.0684 0.1025 0.1334 0.161 0.1865 0.2113 0.0304 0.0469 0.076 0.1055 0.1316 0.1542 0.1752 0.1966 0.0601 0.0731 0.0946 0.117 0.1369 0.1538 0.1699 0.1875 0.0864 0.0995 0.1161 0.1322 0.1468 0.1586 0.1703 0.1844 0.1072 0.1217 0.136 0.1484 0.1578 0.1655 0.1738 0.185 0.1218 0.1382 0.1519 0.1619 0.1684 0.1731 0.179 0.1877 0.125
-3.000 -5.000 25 0.0891 0.0667 0.0639 0.0739 0.095 0.1208 0.1472 0.173 0.1976 0.045 0.0337 0.0488 0.0771 0.1074 0.1363 0.1637 0.1898 0.0329 0.0 0.0348 0.0683 0.0989 0.1262 0.1515 0.1763 0.0469 0.0346 0.0486 0.074 0.0987 0.1208 0.1418 0.1633 0.0731 0.0682 0.075 0.0902 0.1068 0.1223 0.138 0.1555 0.0993 0.0987 0.1022 0.1101 0.1193 0.129 0.1398 0.1536 0.1212 0.1241 0.1262 0.1296 0.1337 0.1381 0.1449 0.1556 0.1375 0.1435 0.1456 0.1465 0.147 0.1479 0.1516 0.1593 0.0948
-3.000 -3.000 15 0.0592 0.0888 0.0733 0.0672 0.0751 0.0939 0.1165 0.1402 0.1636 0.0743 0.0486 0.0346 0.0482 0.0743 0.1016 0.1282 0.1538 0.0684 0.0348 0.0 0.0332 0.0635 0.0907 0.1161 0.1409 0.0764 0.0488 0.0335 0.0449 0.0664 0.0876 0.1085 0.13 0.0951 0.0754 0.0647 0.0674 0.0785 0.0918 0.1069 0.1244 0.1162 0.1025 0.093 0.0906 0.094 0.1006 0.1104 0.1239 0.1349 0.1259 0.1173 0.1116 0.1099 0.1113 0.1169 0.1272 0.1493 0.1441 0.1367 0.1294 0.1244 0.1221 0.1245 0.1321 0.0677
-3.000 -1.000 15 0.0381 0.115 0.0933 0.0744 0.0665 0.0724 0.0888 0.1094 0.1312 0.1059 0.0763 0.048 0.0333 0.0454 0.069 0.0945 0.1197 0.1025 0.0683 0.0332 0.0 0.0302 0.0574 0.0829 0.1079 0.107 0.0747 0.045 0.0299 0.0393 0.058 0.0784 0.0999 0.1191 0.0915 0.068 0.0559 0.0571 0.0663 0.0801 0.0971 0.1336 0.1113 0.0913 0.0788 0.075 0.0777 0.0862 0.0989 0.1474 0.1295 0.1118 0.0986 0.0913 0.0895 0.0937 0.1037 0.1574 0.1438 0.1284 0.1149 0.1054 0.1006 0.102 0.1096 0.0495
-3.000 1.000 15 0.0353 0.142 0.1172 0.0925 0.072 0.0629 0.0677 0.0832 0.1024 0.1362 0.1054 0.0736 0.0453 0.0309 0.0419 0.0645 0.0887 0.1334 0.0989 0.0635 0.0302 0.0 0.0273 0.0531 0.0782 0.1348 0.1006 0.067 0.0394 0.0259 0.0345 0.0529 0.0737 0.1414 0.1097 0.0797 0.0575 0.0468 0.0486 0.0593 0.0749 0.1501 0.1221 0.0955 0.0755 0.0643 0.0623 0.0684 0.0801 0.1575 0.1341 0.1104 0.0915 0.0792 0.0748 0.0779 0.0867 0.1624 0.1435 0.1227 0.1048 0.0918 0.0856 0.0869 0.0939 0.0455
-3.000 3.000 15 0.0478 0.168 0.1418 0.1142 0.0881 0.0676 0.0591 0.0642 0.0784 0.1644 0.133 0.1002 0.0687 0.0419 0.0289 0.04 0.0612 0.161 0.1262 0.0907 0.0574 0.0273 0.0 0.0261 0.0511 0.1593 0.124 0.089 0.0584 0.0345 0.0234 0.0327 0.0511 0.161 0.1271 0.0941 0.0671 0.0487 0.0413 0.0459 0.0578 0.1641 0.1331 0.103 0.0786 0.0626 0.0557 0.0586 0.0669 0.166 0.1392 0.1121 0.0899 0.0748 0.0679 0.07 0.0765 0.1661 0.1437 0.12 0.0996 0.0852 0.0782 0.08 0.0856 0.0536
-3.000 5.000 25 0.0656 0.1936 0.1666 0.1377 0.1089 0.0834 0.0644 0.0565 0.0591 0.1912 0.1597 0.1266 0.0942 0.0646 0.0401 0.0278 0.0372 0.1865 0.1515 0.1161 0.0829 0.0531 0.0261 0.0 0.0247 0.1818 0.1458 0.1104 0.0789 0.0529 0.0327 0.023 0.0314 0.1792 0.1441 0.1099 0.081 0.0593 0.0457 0.0409 0.0446 0.1775 0.1448 0.113 0.0871 0.0684 0.0583 0.0556 0.0576 0.1748 0.1463 0.1177 0.0938 0.0776 0.0695 0.0682 0.0696 0.171 0.1467 0.1218 0.1006 0.086 0.0793 0.0791 0.0803 0.0679
-3.000 7.000 35 0.0851 0.2191 0.1916 0.1618 0.1316 0.1033 0.0789 0.0593 0.0483 0.2176 0.186 0.1527 0.1199 0.0893 0.0616 0.0373 0.024 0.2113 0.1763 0.1409 0.1079 0.0782 0.0511 0.0247 0.0 0.2036 0.1673 0.1316 0.0999 0.0732 0.0508 0.0313 0.0203 0.1974 0.1615 0.1268 0.0972 0.0742 0.0571 0.0442 0.0364 0.1916 0.1582 0.1257 0.0986 0.0789 0.0656 0.0569 0.05 0.185 0.1557 0.1266 0.1023 0.0849 0.0746 0.0684 0.0618 0.1778 0.1529 0.1277 0.1063 0.0912 0.083 0.0787 0.0723 0.0846
-1.000 -7.000 35 0.1117 0.0855 0.0987 0.1188 0.143 0.1692 0.1943 0.2181 0.2406 0.0598 0.073 0.0964 0.1238 0.1515 0.1774 0.2017 0.2249 0.0304 0.0469 0.0764 0.107 0.1348 0.1593 0.1818 0.2036 0.0 0.033 0.0677 0.099 0.1252 0.1466 0.1657 0.185 0.0293 0.0453 0.0732 0.1002 0.1227 0.1406 0.1567 0.1734 0.0552 0.0679 0.0883 0.1091 0.1267 0.1409 0.1538 0.1681 0.0756 0.0885 0.1047 0.1202 0.1338 0.1443 0.1544 0.1664 0.0899 0.1042 0.1186 0.1312 0.141 0.1488 0.1566 0.1667 0.1117
-1.000 -5.000 25 0.0774 0.0983 0.0993 0.1073 0.123 0.1429 0.1641 0.1853 0.2059 0.0728 0.0687 0.0776 0.097 0.1202 0.1435 0.1662 0.1883 0.0469 0.0346 0.0488 0.0747 0.1006 0.124 0.1458 0.1673 0.033 0.0 0.0338 0.0645 0.0902 0.1114 0.1304 0.1497 0.0453 0.0333 0.0463 0.069 0.0899 0.1072 0.1231 0.1398 0.0677 0.0635 0.0698 0.0832 0.0973 0.1097 0.1219 0.1359 0.0882 0.0886 0.0924 0.0997 0.1079 0.1157 0.1244 0.1358 0.1038 0.1077 0.111 0.1149 0.1191 0.1232 0.129 0.1381 0.0785
-1.000 -3.000 15 0.0436 0.1162 0.1055 0.1015 0.1058 0.1179 0.1339 0.1522 0.1709 0.0952 0.0769 0.0683 0.0742 0.0903 0.1099 0.1308 0.1519 0.076 0.0486 0.0335 0.045 0.067 0.089 0.1104 0.1316 0.0677 0.0338 0.0 0.0303 0.0558 0.0769 0.0961 0.1155 0.0732 0.0463 0.0312 0.0407 0.0584 0.0749 0.0906 0.1075 0.0879 0.0697 0.0594 0.0609 0.0695 0.0798 0.0913 0.1052 0.1033 0.0918 0.0834 0.0809 0.0833 0.0881 0.0954 0.1065 0.116 0.1094 0.1027 0.0981 0.0966 0.0973 0.1016 0.1102 0.0467
-1.000 -1.000 5 0.0146 0.136 0.1185 0.1038 0.0973 0.099 0.1085 0.1228 0.1396 0.1199 0.0949 0.0734 0.0634 0.0675 0.0813 0.0996 0.1195 0.1055 0.074 0.0449 0.0299 0.0394 0.0584 0.0789 0.0999 0.099 0.0645 0.0303 0.0 0.0255 0.0468 0.0662 0.0859 0.1005 0.0692 0.0408 0.0262 0.0333 0.0476 0.0631 0.08 0.1085 0.0831 0.0609 0.0492 0.049 0.0555 0.066 0.0796 0.1176 0.0984 0.0805 0.069 0.0647 0.066 0.0723 0.0826 0.1259 0.1114 0.0966 0.0853 0.0786 0.0764 0.0793 0.0876 0.0228
-1.000 1.000 5 0.0133 0.1572 0.1346 0.114 0.0976 0.0899 0.0906 0.1003 0.1136 0.1436 0.1155 0.0884 0.0669 0.0571 0.0608 0.0746 0.0924 0.1316 0.0987 0.0664 0.0393 0.0259 0.0345 0.0529 0.0732 0.1252 0.0902 0.0558 0.0255 0.0 0.0215 0.0414 0.0614 0.1235 0.0905 0.0587 0.0333 0.0211 0.0273 0.0414 0.058 0.1262 0.0972 0.0696 0.049 0.0389 0.0394 0.0476 0.0604 0.1301 0.1058 0.0824 0.0644 0.054 0.0515 0.0561 0.0659 0.1326 0.1137 0.0938 0.0775 0.0667 0.0622 0.0646 0.0721 0.0205
-1.000 3.000 15 0.0332 0.1769 0.1531 0.1282 0.1066 0.0903 0.0837 0.0858 0.0943 0.1655 0.1361 0.1066 0.0803 0.0606 0.0526 0.0577 0.071 0.1542 0.1208 0.0876 0.058 0.0345 0.0234 0.0327 0.0508 0.1466 0.1114 0.0769 0.0468 0.0215 0.0 0.0203 0.0404 0.1422 0.1083 0.0754 0.0478 0.0273 0.0182 0.0255 0.0404 0.1405 0.1098 0.0799 0.0556 0.0394 0.0329 0.0367 0.0467 0.1394 0.113 0.0868 0.0655 0.0514 0.0454 0.0478 0.0552 0.1374 0.1159 0.0935 0.0747 0.0617 0.0558 0.0577 0.0637 0.0347
-1.000 5.000 25 0.0521 0.1974 0.1725 0.1465 0.1214 0.1006 0.0864 0.0806 0.0797 0.187 0.1572 0.1269 0.0986 0.0747 0.058 0.0512 0.0543 0.1752 0.1418 0.1085 0.0784 0.0529 0.0327 0.023 0.0313 0.1657 0.1304 0.0961 0.0662 0.0414 0.0203 0.0 0.0198 0.1588 0.1245 0.0914 0.0633 0.0414 0.0255 0.0181 0.0252 0.1535 0.1221 0.0914 0.066 0.0475 0.0366 0.0331 0.0366 0.1484 0.1211 0.0938 0.0716 0.0557 0.0476 0.046 0.0482 0.1429 0.1203 0.097 0.0773 0.0638 0.0574 0.057 0.0588 0.0512
-1.000 7.000 35 0.0712 0.2195 0.194 0.167 0.1403 0.1158 0.0961 0.0804 0.0696 0.2095 0.1797 0.1489 0.1197 0.0937 0.072 0.0547 0.0446 0.1966 0.1633 0.13 0.0999 0.0737 0.0511 0.0314 0.0203 0.185 0.1497 0.1155 0.0859 0.0614 0.0404 0.0198 0.0 0.1756 0.1412 0.108 0.0799 0.0578 0.0402 0.0251 0.0163 0.1674 0.1357 0.1048 0.0792 0.0599 0.0463 0.0363 0.0301 0.1592 0.1315 0.104 0.0812 0.0648 0.0544 0.0477 0.0422 0.1508 0.1278 0.1044 0.0846 0.0705 0.0625 0.058 0.0528 0.0687
1.000 -7.000 35 0.1097 0.116 0.1306 0.1488 0.1694 0.1901 0.21 0.2289 0.2468 0.0899 0.1032 0.1222 0.1436 0.1656 0.1859 0.2051 0.2238 0.0601 0.0731 0.0951 0.1191 0.1414 0.161 0.1792 0.1974 0.0293 0.0453 0.0732 0.1005 0.1235 0.1422 0.1588 0.1756 0.0 0.0307 0.063 0.0915 0.1141 0.1314 0.1462 0.1616 0.0256 0.0402 0.0657 0.0903 0.1103 0.1257 0.1391 0.1532 0.0457 0.0575 0.0761 0.0952 0.1114 0.1242 0.1356 0.1483 0.0598 0.072 0.0871 0.1018 0.1149 0.125 0.1344 0.1455 0.1049
1.000 -5.000 25 0.0769 0.13 0.1337 0.1401 0.1513 0.1655 0.1804 0.1959 0.2116 0.1029 0.1026 0.1084 0.1208 0.1366 0.153 0.17 0.1873 0.0731 0.0682 0.0754 0.0915 0.1097 0.1271 0.1441 0.1615 0.0453 0.0333 0.0463 0.0692 0.0905 0.1083 0.1245 0.1412 0.0307 0.0 0.0314 0.0592 0.0813 0.0983 0.113 0.1284 0.0402 0.0299 0.0418 0.0622 0.0805 0.0951 0.1081 0.1221 0.0574 0.0547 0.0609 0.0731 0.0857 0.0966 0.107 0.1192 0.0719 0.0736 0.0782 0.0855 0.0934 0.1006 0.1084 0.1186 0.0722
1.000 -3.000 15 0.0455 0.1446 0.137 0.1334 0.1345 0.141 0.1507 0.1629 0.1764 0.12 0.1069 0.0998 0.101 0.1092 0.1213 0.1356 0.1516 0.0946 0.075 0.0647 0.068 0.0797 0.0941 0.1099 0.1268 0.0732 0.0463 0.0312 0.0408 0.0587 0.0754 0.0914 0.108 0.063 0.0314 0.0 0.0273 0.0492 0.0662 0.081 0.0967 0.0654 0.0417 0.028 0.0363 0.0516 0.0653 0.0781 0.0921 0.0754 0.0605 0.0519 0.0534 0.0608 0.0695 0.0791 0.091 0.0855 0.0771 0.071 0.0696 0.0719 0.0763 0.0825 0.0921 0.0401
1.000 -1.000 5 0.022 0.159 0.1436 0.1308 0.1238 0.1219 0.1259 0.1349 0.1462 0.1376 0.1169 0.0991 0.0895 0.0887 0.0951 0.1069 0.1212 0.117 0.0902 0.0674 0.0559 0.0575 0.0671 0.081 0.0972 0.1002 0.069 0.0407 0.0262 0.0333 0.0478 0.0633 0.0799 0.0915 0.0592 0.0273 0.0 0.0219 0.039 0.0542 0.0702 0.0896 0.0619 0.0363 0.023 0.0288 0.0405 0.0531 0.0672 0.0932 0.0721 0.0531 0.0428 0.0424 0.0476 0.0562 0.0678 0.0978 0.0829 0.0685 0.0591 0.0555 0.0565 0.0617 0.0706 0.0132
1.000 1.000 5 0.0197 0.172 0.1529 0.134 0.1194 0.1111 0.109 0.1142 0.1233 0.1548 0.129 0.1055 0.0874 0.0779 0.0777 0.0855 0.0977 0.1369 0.1068 0.0785 0.0571 0.0468 0.0487 0.0593 0.0742 0.1227 0.0899 0.0584 0.0333 0.0211 0.0273 0.0414 0.0578 0.1141 0.0813 0.0492 0.0219 0.0 0.0175 0.0332 0.0495 0.1091 0.0799 0.0514 0.0288 0.0179 0.0227 0.0342 0.0482 0.1078 0.0837 0.0601 0.0421 0.0331 0.0332 0.0399 0.051 0.1079 0.0887 0.0698 0.0547 0.0459 0.0435 0.0473 0.0559 0.0117
1.000 3.000 15 0.033 0.1849 0.1632 0.1417 0.1223 0.1082 0.1019 0.1025 0.1072 0.1699 0.1426 0.1156 0.0931 0.0772 0.0705 0.0731 0.0811 0.1538 0.1223 0.0918 0.0663 0.0486 0.0413 0.0457 0.0571 0.1406 0.1072 0.0749 0.0476 0.0273 0.0182 0.0255 0.0402 0.1314 0.0983 0.0662 0.039 0.0175 0.0 0.0162 0.0327 0.124 0.0942 0.0649 0.0404 0.0227 0.015 0.021 0.0337 0.1189 0.0935 0.068 0.0471 0.0331 0.0275 0.0307 0.0396 0.1149 0.0942 0.0728 0.0551 0.0431 0.0381 0.0403 0.047 0.0286
1.000 5.000 25 0.0485 0.1996 0.1768 0.1536 0.1322 0.1146 0.1035 0.0989 0.0959 0.1855 0.1575 0.1296 0.1049 0.0856 0.0736 0.0691 0.0694 0.1699 0.138 0.1069 0.0801 0.0593 0.0459 0.0409 0.0442 0.1567 0.1231 0.0906 0.0631 0.0414 0.0255 0.0181 0.0251 0.1462 0.113 0.081 0.0542 0.0332 0.0162 0.0 0.0163 0.1369 0.1069 0.0775 0.0529 0.0342 0.021 0.0152 0.0213 0.1288 0.1029 0.0771 0.0554 0.0397 0.0307 0.0282 0.0314 0.1216 0.1003 0.0783 0.0599 0.0468 0.0401 0.0393 0.0416 0.0444
1.000 7.000 35 0.0653 0.2174 0.1942 0.1699 0.1467 0.1265 0.1105 0.0976 0.0861 0.2035 0.1753 0.147 0.1212 0.0996 0.083 0.0704 0.0608 0.1875 0.1555 0.1244 0.0971 0.0749 0.0578 0.0446 0.0364 0.1734 0.1398 0.1075 0.08 0.058 0.0404 0.0252 0.0163 0.1616 0.1284 0.0967 0.0702 0.0495 0.0327 0.0163 0.0 0.1506 0.1206 0.0913 0.0668 0.048 0.0336 0.0213 0.0139 0.1401 0.1142 0.0884 0.0667 0.0505 0.0394 0.0313 0.0261 0.1305 0.1091 0.0871 0.0684 0.055 0.0465 0.0413 0.0368 0.0609
3.000 -7.000 35 0.113 0.1432 0.1596 0.1764 0.1932 0.2088 0.2231 0.237 0.25 0.1167 0.1311 0.1471 0.1637 0.1793 0.1936 0.2075 0.2214 0.0864 0.0993 0.1162 0.1336 0.1501 0.1641 0.1775 0.1916 0.0552 0.0677 0.0879 0.1085 0.1262 0.1405 0.1535 0.1674 0.0256 0.0402 0.0654 0.0896 0.1091 0.124 0.1369 0.1506 0.0 0.0259 0.0541 0.0792 0.0989 0.1136 0.1259 0.1391 0.02 0.0324 0.0541 0.0755 0.0931 0.1067 0.1183 0.1308 0.0341 0.0444 0.0604 0.0773 0.0918 0.1034 0.1137 0.1251 0.1041
3.000 -5.000 25 0.0847 0.1589 0.165 0.17 0.1774 0.1861 0.195 0.205 0.2158 0.1309 0.1335 0.1372 0.1443 0.1534 0.1634 0.1747 0.1871 0.0995 0.0987 0.1025 0.1113 0.1221 0.1331 0.1448 0.1582 0.0679 0.0635 0.0697 0.0831 0.0972 0.1098 0.1221 0.1357 0.0402 0.0299 0.0417 0.0619 0.0799 0.0942 0.1069 0.1206 0.0259 0.0 0.0273 0.0517 0.0709 0.0852 0.0974 0.1106 0.0324 0.0246 0.035 0.0528 0.0687 0.0814 0.0926 0.1049 0.0444 0.0434 0.0495 0.0604 0.0717 0.0815 0.0907 0.1016 0.0755
3.000 -3.000 15 0.0588 0.1715 0.1662 0.1622 0.1602 0.1618 0.1659 0.1728 0.1815 0.145 0.1354 0.1283 0.1256 0.1278 0.1332 0.1421 0.1533 0.1161 0.1022 0.093 0.0913 0.0955 0.103 0.113 0.1257 0.0883 0.0698 0.0594 0.0609 0.0696 0.0799 0.0914 0.1048 0.0657 0.0418 0.028 0.0363 0.0514 0.0649 0.0775 0.0913 0.0541 0.0273 0.0 0.0239 0.0428 0.0571 0.0695 0.0828 0.0538 0.0349 0.0238 0.031 0.0442 0.0559 0.0668 0.0791 0.0599 0.049 0.0428 0.0447 0.0513 0.0589 0.0673 0.0777 0.0483
3.000 -1.000 15 0.0416 0.1811 0.1677 0.1554 0.1469 0.1418 0.1413 0.1456 0.1526 0.1578 0.1395 0.1232 0.1124 0.1077 0.1087 0.115 0.125 0.1322 0.1101 0.0906 0.0788 0.0755 0.0786 0.0871 0.0986 0.1091 0.0832 0.0609 0.0492 0.049 0.0556 0.066 0.0792 0.0903 0.0622 0.0363 0.023 0.0288 0.0404 0.0529 0.0668 0.0792 0.0517 0.0239 0.0 0.0189 0.0333 0.046 0.0597 0.0745 0.0523 0.0309 0.0197 0.0247 0.0346 0.0452 0.0575 0.0751 0.0592 0.0442 0.036 0.0359 0.0404 0.0477 0.0579 0.0297
3.000 1.000 15 0.0368 0.1881 0.1706 0.1528 0.1383 0.1286 0.124 0.1262 0.1315 0.1681 0.1452 0.1231 0.1059 0.0953 0.0921 0.0961 0.1042 0.1468 0.1193 0.094 0.075 0.0643 0.0626 0.0684 0.0789 0.1267 0.0973 0.0695 0.049 0.0389 0.0394 0.0475 0.0599 0.1103 0.0805 0.0516 0.0288 0.0179 0.0227 0.0342 0.048 0.0989 0.0709 0.0428 0.0189 0.0 0.0147 0.0279 0.042 0.0911 0.0676 0.0438 0.0246 0.0153 0.0193 0.029 0.0411 0.0874 0.069 0.0502 0.0355 0.028 0.0281 0.0338 0.0435 0.0262
3.000 3.000 15 0.0418 0.1949 0.1746 0.1545 0.1364 0.1229 0.1163 0.1159 0.1181 0.1773 0.1518 0.1269 0.106 0.0915 0.0847 0.0861 0.091 0.1586 0.129 0.1006 0.0777 0.0623 0.0557 0.0583 0.0656 0.1409 0.1097 0.0798 0.0555 0.0394 0.0329 0.0366 0.0463 0.1257 0.0951 0.0653 0.0405 0.0227 0.015 0.021 0.0336 0.1136 0.0852 0.0571 0.0333 0.0147 0.0 0.0137 0.028 0.1035 0.0795 0.0551 0.0343 0.0192 0.0126 0.0179 0.029 0.0965 0.0771 0.0568 0.0397 0.0279 0.0232 0.0261 0.0341 0.0338
3.000 5.000 25 0.0521 0.205 0.183 0.1614 0.142 0.1266 0.1174 0.1136 0.1093 0.1879 0.1614 0.1353 0.1128 0.0962 0.0869 0.0836 0.0824 0.1703 0.1398 0.1104 0.0862 0.0684 0.0586 0.0556 0.0569 0.1538 0.1219 0.0913 0.066 0.0476 0.0367 0.0331 0.0363 0.1391 0.1081 0.0781 0.0531 0.0342 0.021 0.0152 0.0213 0.1259 0.0974 0.0695 0.046 0.0279 0.0137 0.0 0.0141 0.1142 0.0901 0.0656 0.0448 0.0289 0.0178 0.013 0.0185 0.1047 0.085 0.0644 0.0466 0.0336 0.0261 0.0242 0.0274 0.0453
3.000 7.000 35 0.0654 0.2185 0.1966 0.174 0.1533 0.136 0.1229 0.112 0.0997 0.2019 0.1751 0.1486 0.1253 0.1068 0.0939 0.0841 0.0742 0.1844 0.1536 0.1239 0.0989 0.0801 0.0669 0.0576 0.05 0.1681 0.1359 0.1052 0.0796 0.0604 0.0467 0.0366 0.0301 0.1532 0.1221 0.0921 0.0672 0.0482 0.0337 0.0213 0.0139 0.1391 0.1106 0.0828 0.0597 0.042 0.028 0.0141 0.0 0.1259 0.1018 0.0775 0.0568 0.0409 0.0289 0.0185 0.0122 0.1145 0.0947 0.0742 0.0565 0.0431 0.0339 0.0272 0.0229 0.0594
5.000 -7.000 35 0.1178 0.1648 0.1831 0.199 0.2124 0.2232 0.2326 0.2409 0.2491 0.1378 0.1539 0.168 0.1802 0.1902 0.1988 0.2078 0.2173 0.1072 0.1212 0.1349 0.1474 0.1575 0.166 0.1748 0.185 0.0756 0.0882 0.1033 0.1176 0.1301 0.1394 0.1484 0.1592 0.0457 0.0574 0.0754 0.0932 0.1078 0.1189 0.1288 0.1401 0.02 0.0324 0.0538 0.0745 0.0911 0.1035 0.1142 0.1259 0.0 0.0199 0.0428 0.0638 0.0806 0.0932 0.1037 0.1151 0.0142 0.024 0.0413 0.059 0.0741 0.0859 0.096 0.107 0.106
5.000 -5.000 25 0.0956 0.1828 0.1911 0.1951 0.1991 0.203 0.2065 0.2116 0.2177 0.1541 0.1592 0.1615 0.1643 0.1679 0.1721 0.1783 0.1863 0.1217 0.1241 0.1259 0.1295 0.1341 0.1392 0.1463 0.1557 0.0885 0.0886 0.0918 0.0984 0.1058 0.113 0.1211 0.1315 0.0575 0.0547 0.0605 0.0721 0.0837 0.0935 0.1029 0.1142 0.0324 0.0246 0.0349 0.0523 0.0676 0.0795 0.0901 0.1018 0.0199 0.0 0.0221 0.0425 0.0587 0.071 0.0814 0.0928 0.024 0.0188 0.0275 0.0423 0.0559 0.0668 0.0765 0.0873 0.0835
5.000 -3.000 25 0.0743 0.1949 0.1915 0.1868 0.1821 0.1795 0.1787 0.1811 0.1858 0.167 0.1602 0.1527 0.1468 0.1441 0.1443 0.1485 0.1556 0.136 0.1262 0.1173 0.1118 0.1104 0.1121 0.1177 0.1266 0.1047 0.0924 0.0834 0.0805 0.0824 0.0868 0.0938 0.104 0.0761 0.0609 0.0519 0.0531 0.0601 0.068 0.0771 0.0884 0.0541 0.035 0.0238 0.0309 0.0438 0.0551 0.0656 0.0775 0.0428 0.0221 0.0 0.0199 0.0359 0.0481 0.0585 0.0701 0.0411 0.0274 0.019 0.0253 0.0365 0.0465 0.0559 0.0666 0.062
5.000 -1.000 25 0.0594 0.2014 0.1896 0.1771 0.1668 0.1586 0.1543 0.155 0.1586 0.1762 0.1605 0.1446 0.1322 0.1241 0.1209 0.1233 0.1297 0.1484 0.1296 0.1116 0.0986 0.0915 0.0899 0.0938 0.1023 0.1202 0.0997 0.0809 0.069 0.0644 0.0655 0.0716 0.0812 0.0952 0.0731 0.0534 0.0428 0.0421 0.0471 0.0554 0.0667 0.0755 0.0528 0.031 0.0197 0.0246 0.0343 0.0448 0.0568 0.0638 0.0425 0.0199 0.0 0.0159 0.0282 0.0389 0.0508 0.0582 0.0418 0.0252 0.0163 0.0206 0.029 0.0381 0.0487 0.0472
5.000 1.000 25 0.0525 0.2041 0.1877 0.1701 0.1549 0.1434 0.1367 0.1365 0.1392 0.182 0.1612 0.1399 0.1224 0.1101 0.1045 0.1059 0.1111 0.1578 0.1337 0.1099 0.0913 0.0792 0.0748 0.0776 0.0849 0.1338 0.1079 0.0833 0.0647 0.054 0.0514 0.0557 0.0648 0.1114 0.0857 0.0608 0.0424 0.0331 0.0331 0.0397 0.0505 0.0931 0.0687 0.0442 0.0247 0.0153 0.0192 0.0289 0.0409 0.0806 0.0587 0.0359 0.0159 0.0 0.0124 0.0236 0.0358 0.0721 0.0547 0.036 0.0205 0.0128 0.0162 0.0245 0.0351 0.0417
5.000 3.000 25 0.0527 0.2071 0.1869 0.1671 0.1493 0.1356 0.1283 0.1274 0.1279 0.1869 0.1628 0.1387 0.1184 0.1039 0.0967 0.0974 0.1004 0.1655 0.1381 0.1113 0.0895 0.0748 0.0679 0.0695 0.0746 0.1443 0.1157 0.0881 0.066 0.0515 0.0454 0.0476 0.0544 0.1242 0.0966 0.0695 0.0476 0.0332 0.0275 0.0307 0.0394 0.1067 0.0814 0.0559 0.0346 0.0193 0.0126 0.0178 0.0289 0.0932 0.071 0.0481 0.0282 0.0124 0.0 0.0116 0.0241 0.0826 0.0647 0.0456 0.0287 0.0162 0.0107 0.0152 0.0249 0.0435
5.000 5.000 25 0.0586 0.212 0.1912 0.17 0.1515 0.1373 0.1293 0.1261 0.121 0.1939 0.168 0.1429 0.1215 0.1063 0.0984 0.096 0.094 0.1738 0.1449 0.1169 0.0937 0.0779 0.07 0.0682 0.0684 0.1544 0.1244 0.0954 0.0723 0.0561 0.0478 0.046 0.0477 0.1356 0.107 0.0791 0.0562 0.0399 0.0307 0.0282 0.0313 0.1183 0.0926 0.0668 0.0452 0.029 0.0179 0.013 0.0185 0.1037 0.0814 0.0585 0.0389 0.0236 0.0116 0.0 0.0123 0.0916 0.0737 0.0545 0.0376 0.0244 0.0152 0.0112 0.0161 0.0508
5.000 7.000 35 0.0693 0.2218 0.2008 0.1796 0.1603 0.1449 0.1341 0.1246 0.1115 0.2043 0.1781 0.1528 0.131 0.1146 0.1042 0.0963 0.086 0.185 0.1556 0.1272 0.1037 0.0867 0.0765 0.0696 0.0618 0.1664 0.1358 0.1065 0.0826 0.0659 0.0552 0.0482 0.0422 0.1483 0.1192 0.091 0.0678 0.051 0.0396 0.0314 0.0261 0.1308 0.1049 0.0791 0.0575 0.0411 0.029 0.0185 0.0122 0.1151 0.0928 0.0701 0.0508 0.0358 0.0241 0.0123 0.0 0.1018 0.0839 0.0649 0.0481 0.0349 0.0248 0.0161 0.0107 0.0619
7.000 -7.000 35 0.1221 0.18 0.2005 0.2157 0.2263 0.2327 0.2372 0.2408 0.2453 0.1527 0.1707 0.1836 0.1921 0.1973 0.2013 0.2054 0.211 0.1218 0.1375 0.1493 0.1574 0.1624 0.1661 0.171 0.1778 0.0899 0.1038 0.116 0.1259 0.1326 0.1374 0.1429 0.1508 0.0598 0.0719 0.0855 0.0978 0.1079 0.1149 0.1216 0.1305 0.0341 0.0444 0.0599 0.0751 0.0874 0.0965 0.1047 0.1145 0.0142 0.024 0.0411 0.0582 0.0721 0.0826 0.0916 0.1018 0.0 0.0142 0.0316 0.0485 0.0625 0.0732 0.0822 0.0922 0.1094
7.000 -5.000 35 0.1054 0.2005 0.2111 0.2144 0.2155 0.2152 0.2141 0.215 0.2172 0.1712 0.1789 0.1801 0.1797 0.1787 0.1781 0.1799 0.1844 0.1382 0.1435 0.1441 0.1438 0.1435 0.1437 0.1467 0.1529 0.1042 0.1077 0.1094 0.1114 0.1137 0.1159 0.1203 0.1278 0.072 0.0736 0.0771 0.0829 0.0887 0.0942 0.1003 0.1091 0.0444 0.0434 0.049 0.0592 0.069 0.0771 0.085 0.0947 0.024 0.0188 0.0274 0.0418 0.0547 0.0647 0.0737 0.0839 0.0142 0.0 0.0169 0.0332 0.0467 0.0571 0.066 0.076 0.092
7.000 -3.000 35 0.0879 0.2133 0.2118 0.2066 0.1994 0.1932 0.1884 0.187 0.1884 0.1844 0.1801 0.1722 0.1637 0.1571 0.153 0.1534 0.1571 0.1519 0.1456 0.1367 0.1284 0.1227 0.12 0.1218 0.1277 0.1186 0.111 0.1027 0.0966 0.0938 0.0935 0.097 0.1044 0.0871 0.0782 0.071 0.0685 0.0698 0.0728 0.0783 0.0871 0.0604 0.0495 0.0428 0.0442 0.0502 0.0568 0.0644 0.0742 0.0413 0.0275 0.019 0.0252 0.036 0.0456 0.0545 0.0649 0.0316 0.0169 0.0 0.0159 0.0292 0.0394 0.0483 0.0584 0.075
7.000 -1.000 35 0.0743 0.2186 0.2082 0.1953 0.1831 0.1723 0.1648 0.1627 0.1636 0.1919 0.1785 0.1626 0.1485 0.1375 0.131 0.1304 0.1341 0.1619 0.1465 0.1294 0.1149 0.1048 0.0996 0.1006 0.1063 0.1312 0.1149 0.0981 0.0853 0.0775 0.0747 0.0773 0.0846 0.1018 0.0855 0.0696 0.0591 0.0547 0.0551 0.0599 0.0684 0.0773 0.0604 0.0447 0.036 0.0355 0.0397 0.0466 0.0565 0.059 0.0423 0.0253 0.0163 0.0205 0.0287 0.0376 0.0481 0.0485 0.0332 0.0159 0.0 0.0131 0.0234 0.0325 0.0428 0.062
7.000 1.000 35 0.066 0.2187 0.2032 0.1855 0.1692 0.1559 0.1472 0.1453 0.1461 0.195 0.1759 0.1549 0.1366 0.1225 0.1149 0.1144 0.1177 0.1684 0.147 0.1244 0.1054 0.0918 0.0852 0.086 0.0912 0.141 0.1191 0.0966 0.0786 0.0667 0.0617 0.0638 0.0705 0.1149 0.0934 0.0719 0.0555 0.0459 0.0431 0.0468 0.055 0.0918 0.0717 0.0513 0.0359 0.028 0.0279 0.0336 0.0431 0.0741 0.0559 0.0365 0.0206 0.0128 0.0162 0.0244 0.0349 0.0625 0.0467 0.0292 0.0131 0.0 0.0104 0.0199 0.0304 0.055
7.000 3.000 35 0.0632 0.2185 0.1989 0.1791 0.1608 0.1464 0.1384 0.1371 0.1364 0.1973 0.174 0.1503 0.1298 0.1147 0.1068 0.1071 0.1089 0.1731 0.1479 0.1221 0.1006 0.0856 0.0782 0.0793 0.083 0.1488 0.1232 0.0973 0.0764 0.0622 0.0558 0.0574 0.0625 0.125 0.1006 0.0763 0.0565 0.0435 0.0381 0.0401 0.0465 0.1034 0.0815 0.0589 0.0404 0.0281 0.0232 0.0261 0.0339 0.0859 0.0668 0.0465 0.029 0.0162 0.0107 0.0152 0.0248 0.0732 0.0571 0.0394 0.0234 0.0104 0.0 0.0098 0.0206 0.0535
7.000 5.000 35 0.0663 0.2201 0.1997 0.1788 0.1605 0.1467 0.1394 0.1368 0.1311 0.2007 0.1759 0.1512 0.1301 0.1154 0.1084 0.1068 0.1041 0.179 0.1516 0.1245 0.102 0.0869 0.08 0.0791 0.0787 0.1566 0.129 0.1016 0.0793 0.0646 0.0577 0.057 0.058 0.1344 0.1084 0.0825 0.0617 0.0473 0.0403 0.0393 0.0413 0.1137 0.0907 0.0673 0.0477 0.0338 0.0261 0.0242 0.0272 0.096 0.0765 0.0559 0.0381 0.0245 0.0152 0.0112 0.0161 0.0822 0.066 0.0483 0.0325 0.0199 0.0098 0.0 0.0107 0.0577
7.000 7.000 35 0.0746 0.2273 0.2062 0.1856 0.1673 0.1532 0.144 0.1358 0.1218 0.2084 0.183 0.1581 0.1374 0.1222 0.1136 0.1072 0.0963 0.1877 0.1593 0.1321 0.1096 0.0939 0.0856 0.0803 0.0723 0.1667 0.1381 0.1102 0.0876 0.0721 0.0637 0.0588 0.0528 0.1455 0.1186 0.0921 0.0706 0.0559 0.047 0.0416 0.0368 0.1251 0.1016 0.0777 0.0579 0.0435 0.0341 0.0274 0.0229 0.107 0.0873 0.0666 0.0487 0.0351 0.0249 0.0161 0.0107 0.0922 0.076 0.0584 0.0428 0.0304 0.0206 0.0107 0.0 0.0661
0.500 0.000 0 0.0118 0.1602 0.1425 0.1259 0.1151 0.1103 0.1121 0.1204 0.1316 0.1423 0.1182 0.0962 0.0817 0.077 0.0815 0.0928 0.1075 0.125 0.0948 0.0677 0.0495 0.0455 0.0536 0.0679 0.0846 0.1117 0.0785 0.0467 0.0228 0.0205 0.0347 0.0512 0.0687 0.1049 0.0722 0.0401 0.0132 0.0117 0.0286 0.0444 0.0609 0.1041 0.0755 0.0483 0.0297 0.0262 0.0338 0.0453 0.0594 0.106 0.0835 0.062 0.0472 0.0417 0.0435 0.0508 0.0619 0.1094 0.092 0.075 0.062 0.055 0.0535 0.0577 0.0661 0.0