n 66
m 2
tmax 25.0
Vcpm 1.4
R 1
dmax 35.0
-0.500 0.000 0 0.0 0.1204 0.1096 0.097 0.0844 0.0754 0.0715 0.0719 0.0745 0.1104 0.0956 0.0782 0.063 0.0562 0.0573 0.0624 0.0688 0.1033 0.0837 0.0595 0.0387 0.0346 0.0437 0.0548 0.0652 0.1007 0.078 0.0481 0.0168 0.0151 0.0359 0.0525 0.0659 0.1053 0.0831 0.0546 0.0279 0.0253 0.0418 0.0582 0.0724 0.1171 0.0983 0.0762 0.0578 0.053 0.0605 0.0727 0.0851 0.1333 0.1204 0.104 0.09 0.0835 0.0856 0.0931 0.1026 0.1518 0.144 0.1324 0.1211 0.1136 0.1122 0.1159 0.1218 0.0147
-7.000 -7.000 35 0.1204 0.0 0.0156 0.0354 0.0577 0.0783 0.0939 0.105 0.1134 0.0145 0.0239 0.0433 0.0667 0.0883 0.1042 0.1152 0.1233 0.0308 0.0405 0.059 0.0825 0.104 0.1191 0.1292 0.1365 0.0486 0.0607 0.0801 0.1034 0.1243 0.1381 0.1469 0.1531 0.0674 0.0827 0.1043 0.1283 0.1477 0.16 0.1676 0.173 0.087 0.1058 0.1301 0.155 0.1739 0.1853 0.1928 0.1974 0.1068 0.1292 0.1563 0.1825 0.2013 0.2132 0.2198 0.2236 0.126 0.1514 0.181 0.2083 0.2276 0.2397 0.2461 0.25 0.1322
-7.000 -5.000 35 0.1096 0.0156 0.0 0.0197 0.0416 0.0617 0.0768 0.0875 0.0957 0.0238 0.0193 0.0304 0.051 0.071 0.0859 0.0963 0.1042 0.0401 0.0415 0.0521 0.07 0.0877 0.1007 0.1095 0.1162 0.0598 0.0661 0.0785 0.0951 0.1099 0.1205 0.127 0.1321 0.0812 0.0923 0.1076 0.124 0.1368 0.1439 0.1483 0.1517 0.1038 0.1195 0.138 0.1551 0.1663 0.1712 0.1738 0.176 0.1268 0.1469 0.1685 0.1867 0.1972 0.201 0.2027 0.2029 0.1492 0.1732 0.1975 0.2168 0.2273 0.2305 0.2312 0.2299 0.1237
-7.000 -3.000 35 0.097 0.0354 0.0197 0.0 0.0214 0.0408 0.0554 0.0658 0.0738 0.0428 0.0304 0.0231 0.0332 0.0498 0.0634 0.0732 0.0809 0.058 0.0517 0.0501 0.057 0.0683 0.078 0.0854 0.0916 0.0779 0.0776 0.0804 0.0861 0.0928 0.0978 0.1023 0.1063 0.1009 0.1062 0.1127 0.1182 0.1214 0.1226 0.1235 0.1252 0.1257 0.1361 0.1464 0.1521 0.1529 0.1509 0.1491 0.1485 0.1514 0.1664 0.18 0.1865 0.1859 0.1819 0.1779 0.1752 0.1766 0.1956 0.2121 0.2193 0.2182 0.213 0.2071 0.2023 0.1122
-7.000 -1.000 35 0.0844 0.0577 0.0416 0.0214 0.0 0.0188 0.0331 0.0434 0.0515 0.0658 0.0507 0.0332 0.0227 0.0292 0.0403 0.0496 0.0572 0.0805 0.0694 0.057 0.0494 0.0499 0.055 0.0608 0.0665 0.1 0.094 0.0861 0.0793 0.0754 0.0749 0.0767 0.0798 0.1237 0.1222 0.1181 0.1115 0.1041 0.099 0.097 0.0974 0.1492 0.1525 0.1517 0.1453 0.1352 0.1266 0.1215 0.1193 0.1759 0.1835 0.1855 0.1796 0.1679 0.1569 0.1493 0.1445 0.2023 0.2135 0.2177 0.2126 0.1999 0.1874 0.1777 0.1703 0.0998
-7.000 1.000 35 0.0754 0.0783 0.0617 0.0408 0.0188 0.0 0.0142 0.0248 0.0331 0.0874 0.071 0.0501 0.0293 0.0181 0.0219 0.03 0.0375 0.1021 0.0877 0.0688 0.0503 0.0392 0.0374 0.0409 0.0459 0.1214 0.1096 0.0937 0.0761 0.063 0.0567 0.056 0.0583 0.1434 0.1361 0.1222 0.1048 0.0892 0.0792 0.075 0.0744 0.1679 0.1643 0.1529 0.1355 0.1178 0.1048 0.0977 0.0946 0.1937 0.1934 0.1841 0.167 0.148 0.1329 0.1236 0.1179 0.2191 0.2216 0.214 0.1974 0.178 0.1615 0.1502 0.1421 0.0893
-7.000 3.000 35 0.0715 0.0939 0.0768 0.0554 0.0331 0.0142 0.0 0.0108 0.0193 0.1041 0.0867 0.0642 0.0407 0.022 0.0133 0.0165 0.0231 0.1188 0.1022 0.0797 0.0559 0.0377 0.0288 0.028 0.0314 0.1371 0.1222 0.1003 0.0765 0.0573 0.0464 0.0427 0.0433 0.1574 0.145 0.1248 0.1006 0.0798 0.0666 0.0604 0.0585 0.1799 0.17 0.1514 0.1271 0.105 0.0898 0.0815 0.0772 0.2044 0.196 0.179 0.155 0.1322 0.1157 0.1054 0.0989 0.2274 0.221 0.2054 0.1822 0.1593 0.1422 0.1302 0.1213 0.0833
-7.000 5.000 35 0.0719 0.105 0.0875 0.0658 0.0434 0.0248 0.0108 0.0 0.0086 0.1164 0.0983 0.075 0.0505 0.0303 0.0165 0.0103 0.013 0.1311 0.113 0.0887 0.0626 0.0415 0.0282 0.0222 0.0221 0.1485 0.1311 0.1063 0.0793 0.0571 0.0431 0.036 0.0338 0.1673 0.1513 0.1271 0.0993 0.0761 0.0609 0.0523 0.0482 0.1885 0.1734 0.1501 0.1224 0.0983 0.0819 0.0717 0.0658 0.2097 0.1969 0.1743 0.1472 0.123 0.1057 0.0941 0.0861 0.2301 0.2188 0.1975 0.1717 0.1479 0.1302 0.1173 0.107 0.0816
-7.000 7.000 35 0.0745 0.1134 0.0957 0.0738 0.0515 0.0331 0.0193 0.0086 0.0 0.1258 0.1073 0.0835 0.0587 0.0381 0.0233 0.013 0.0082 0.1407 0.1217 0.0962 0.0692 0.0471 0.0318 0.0222 0.0176 0.1575 0.1384 0.1119 0.0832 0.06 0.044 0.0341 0.0286 0.175 0.1567 0.1302 0.1007 0.0762 0.0595 0.0487 0.042 0.1945 0.177 0.1506 0.1212 0.0961 0.0785 0.0666 0.0583 0.2136 0.1975 0.1724 0.1436 0.1187 0.1005 0.0873 0.0771 0.2326 0.2169 0.1933 0.1658 0.1418 0.1232 0.1087 0.0966 0.0832
-5.000 -7.000 35 0.1104 0.0145 0.0238 0.0428 0.0658 0.0874 0.1041 0.1164 0.1258 0.0 0.0181 0.0415 0.0683 0.0931 0.1116 0.1245 0.1341 0.0163 0.0271 0.0495 0.077 0.1023 0.121 0.134 0.1438 0.034 0.045 0.0661 0.0928 0.1175 0.1356 0.1481 0.1575 0.0527 0.0661 0.0877 0.1137 0.1376 0.1545 0.1663 0.1753 0.0722 0.0887 0.112 0.1382 0.1605 0.1763 0.1877 0.1963 0.092 0.1117 0.1372 0.1638 0.1853 0.2006 0.2123 0.2204 0.1111 0.1337 0.1611 0.1882 0.2094 0.225 0.2356 0.243 0.1207
-5.000 -5.000 25 0.0956 0.0239 0.0193 0.0304 0.0507 0.071 0.0867 0.0983 0.1073 0.0181 0.0 0.0233 0.0497 0.0737 0.0916 0.104 0.1134 0.027 0.0221 0.0352 0.0593 0.0827 0.1003 0.1126 0.1219 0.0447 0.0466 0.0588 0.0794 0.0999 0.1153 0.1263 0.1349 0.0655 0.0727 0.0867 0.1054 0.1225 0.1358 0.145 0.1523 0.0877 0.0998 0.1164 0.1347 0.1499 0.1601 0.1676 0.1739 0.1106 0.1271 0.1465 0.1651 0.1789 0.1874 0.1935 0.1988 0.1328 0.1532 0.175 0.1942 0.2073 0.2146 0.2201 0.2233 0.1081
-5.000 -3.000 25 0.0782 0.0433 0.0304 0.0231 0.0332 0.0501 0.0642 0.075 0.0835 0.0415 0.0233 0.0 0.0257 0.0489 0.066 0.0781 0.0873 0.0491 0.0352 0.0269 0.0389 0.0583 0.0741 0.0857 0.0947 0.0652 0.0585 0.057 0.0649 0.0781 0.0896 0.0989 0.1066 0.0862 0.0861 0.0893 0.0959 0.104 0.111 0.1174 0.1233 0.1099 0.1156 0.1227 0.1291 0.1339 0.1374 0.1408 0.1447 0.1349 0.1456 0.1562 0.163 0.1658 0.1667 0.1677 0.1694 0.1596 0.1745 0.1881 0.1953 0.1971 0.1963 0.1953 0.1948 0.0924
-5.000 -1.000 25 0.063 0.0667 0.051 0.0332 0.0227 0.0293 0.0407 0.0505 0.0587 0.0683 0.0497 0.0257 0.0 0.0225 0.0392 0.0512 0.0605 0.0762 0.0591 0.0389 0.0266 0.0341 0.047 0.0578 0.0667 0.0913 0.079 0.0649 0.0563 0.0571 0.0632 0.0703 0.0774 0.1113 0.1045 0.0958 0.0884 0.0848 0.0853 0.0885 0.0929 0.1353 0.1333 0.1287 0.1221 0.1155 0.1117 0.1114 0.1134 0.1605 0.1634 0.1622 0.1563 0.1477 0.1412 0.1381 0.1374 0.1858 0.1926 0.194 0.189 0.1793 0.171 0.1655 0.1621 0.0783
-5.000 1.000 25 0.0562 0.0883 0.071 0.0498 0.0292 0.0181 0.022 0.0303 0.0381 0.0931 0.0737 0.0489 0.0225 0.0 0.0168 0.029 0.0385 0.1015 0.0827 0.0584 0.0341 0.0211 0.0255 0.0348 0.0436 0.1159 0.0997 0.0783 0.0572 0.0448 0.043 0.0472 0.0534 0.1351 0.1218 0.1041 0.0849 0.071 0.0648 0.0649 0.0682 0.1567 0.1482 0.1332 0.1151 0.0995 0.0902 0.0869 0.0873 0.1803 0.1756 0.1634 0.1462 0.1297 0.1181 0.1123 0.11 0.2039 0.2025 0.1926 0.1764 0.1596 0.1464 0.1384 0.1335 0.0699
-5.000 3.000 25 0.0573 0.1042 0.0859 0.0634 0.0403 0.0219 0.0133 0.0165 0.0233 0.1116 0.0916 0.066 0.0392 0.0168 0.0 0.0125 0.0223 0.1207 0.1008 0.0747 0.0472 0.0255 0.0154 0.019 0.0268 0.1346 0.1158 0.0904 0.0636 0.0431 0.0331 0.0325 0.0366 0.1521 0.1355 0.1113 0.0855 0.0649 0.0533 0.0498 0.0509 0.1715 0.1576 0.136 0.1108 0.0898 0.0766 0.0707 0.0692 0.1925 0.1813 0.1621 0.138 0.1168 0.1025 0.0946 0.0906 0.2144 0.2047 0.1875 0.1648 0.1438 0.129 0.1192 0.1128 0.0683
-5.000 5.000 25 0.0624 0.1152 0.0963 0.0732 0.0496 0.03 0.0165 0.0103 0.013 0.1245 0.104 0.0781 0.0512 0.029 0.0125 0.0 0.0099 0.1346 0.1139 0.0869 0.0584 0.035 0.0191 0.0119 0.015 0.1481 0.1278 0.1003 0.0711 0.0475 0.0326 0.0257 0.0258 0.1643 0.145 0.118 0.0888 0.0651 0.0499 0.0421 0.0399 0.1817 0.1642 0.1387 0.1102 0.0865 0.0707 0.0617 0.0575 0.2013 0.1849 0.1613 0.1341 0.1107 0.0944 0.0841 0.0777 0.2195 0.2058 0.1834 0.158 0.1353 0.1188 0.1073 0.0986 0.0711
-5.000 7.000 35 0.0688 0.1233 0.1042 0.0809 0.0572 0.0375 0.0231 0.013 0.0082 0.1341 0.1134 0.0873 0.0605 0.0385 0.0223 0.0099 0.0 0.1452 0.124 0.0964 0.0677 0.044 0.0269 0.015 0.0095 0.1586 0.1373 0.1088 0.0787 0.054 0.0368 0.0258 0.0206 0.1739 0.1529 0.1243 0.0937 0.0688 0.0513 0.0402 0.034 0.1899 0.1703 0.1427 0.1126 0.0874 0.0697 0.0579 0.0504 0.2076 0.1893 0.1627 0.134 0.1094 0.0914 0.0785 0.0693 0.2238 0.2071 0.1827 0.1554 0.1319 0.1137 0.0997 0.0888 0.0762
-3.000 -7.000 35 0.1033 0.0308 0.0401 0.058 0.0805 0.1021 0.1188 0.1311 0.1407 0.0163 0.027 0.0491 0.0762 0.1015 0.1207 0.1346 0.1452 0.0 0.0201 0.0466 0.0772 0.1055 0.1267 0.1416 0.1529 0.0176 0.0296 0.0544 0.0849 0.1134 0.1349 0.1504 0.1624 0.0363 0.0483 0.0712 0.1003 0.1278 0.1488 0.1645 0.1768 0.0558 0.07 0.0929 0.1206 0.147 0.1672 0.1828 0.1952 0.0755 0.0925 0.1165 0.1439 0.1683 0.1876 0.2029 0.2151 0.0945 0.1141 0.1395 0.1664 0.1896 0.2079 0.2233 0.2347 0.1108
-3.000 -5.000 25 0.0837 0.0405 0.0415 0.0517 0.0694 0.0877 0.1022 0.113 0.1217 0.0271 0.0221 0.0352 0.0591 0.0827 0.1008 0.1139 0.124 0.0201 0.0 0.0264 0.0565 0.084 0.1044 0.1188 0.1297 0.0295 0.0244 0.039 0.0658 0.0922 0.1123 0.1271 0.1385 0.0481 0.0504 0.0637 0.0863 0.1092 0.1274 0.1413 0.1526 0.0697 0.0774 0.0923 0.1124 0.1318 0.1481 0.1607 0.1713 0.0921 0.1045 0.1217 0.141 0.1584 0.1719 0.1831 0.1925 0.1141 0.1305 0.1497 0.1688 0.1846 0.1962 0.2058 0.2141 0.0926
-3.000 -3.000 15 0.0595 0.059 0.0521 0.0501 0.057 0.0688 0.0797 0.0887 0.0962 0.0495 0.0352 0.0269 0.0389 0.0584 0.0747 0.0869 0.0964 0.0466 0.0264 0.0 0.0293 0.0558 0.0754 0.0893 0.1 0.0541 0.0389 0.0299 0.0433 0.0651 0.0833 0.0972 0.1082 0.0707 0.0636 0.062 0.0708 0.0857 0.0996 0.1114 0.1216 0.0921 0.092 0.0953 0.1028 0.1126 0.1221 0.1315 0.14 0.1158 0.1214 0.1287 0.1359 0.1426 0.149 0.1555 0.1621 0.1396 0.1499 0.1603 0.1676 0.1726 0.1765 0.1805 0.1846 0.0713
-3.000 -1.000 15 0.0387 0.0825 0.07 0.057 0.0494 0.0503 0.0559 0.0626 0.0692 0.077 0.0593 0.0389 0.0266 0.0341 0.0472 0.0584 0.0677 0.0772 0.0565 0.0293 0.0 0.0257 0.0449 0.0587 0.0695 0.0844 0.0657 0.0433 0.0296 0.0382 0.053 0.0659 0.0767 0.0994 0.086 0.0708 0.0616 0.063 0.0707 0.08 0.0892 0.1193 0.1118 0.1025 0.0952 0.0925 0.0948 0.1004 0.107 0.1427 0.1402 0.1352 0.1292 0.1241 0.1227 0.1249 0.129 0.1663 0.1683 0.1666 0.1617 0.1552 0.1513 0.1507 0.1518 0.0535
-3.000 1.000 15 0.0346 0.104 0.0877 0.0683 0.0499 0.0392 0.0377 0.0415 0.0471 0.1023 0.0827 0.0583 0.0341 0.0211 0.0255 0.035 0.044 0.1055 0.084 0.0558 0.0257 0.0 0.0192 0.0333 0.0444 0.1127 0.092 0.0651 0.0382 0.0237 0.0289 0.04 0.0505 0.1264 0.1087 0.0855 0.0629 0.0499 0.0487 0.0544 0.0623 0.1448 0.1304 0.1117 0.092 0.0783 0.0732 0.0748 0.0798 0.1653 0.1559 0.1403 0.1227 0.1085 0.1007 0.0991 0.1009 0.1866 0.1809 0.1685 0.1525 0.1382 0.1286 0.1244 0.1233 0.0479
-3.000 3.000 15 0.0437 0.1191 0.1007 0.078 0.055 0.0374 0.0288 0.0282 0.0318 0.121 0.1003 0.0741 0.047 0.0255 0.0154 0.0191 0.0269 0.1267 0.1044 0.0754 0.0449 0.0192 0.0 0.0145 0.0258 0.1342 0.1123 0.0834 0.053 0.0289 0.0177 0.0221 0.0313 0.1469 0.1265 0.0991 0.0704 0.0486 0.038 0.0379 0.0432 0.1633 0.1454 0.12 0.0936 0.0728 0.0613 0.0583 0.0604 0.181 0.1662 0.1443 0.1196 0.0995 0.0872 0.0819 0.0811 0.1992 0.1873 0.1684 0.1457 0.1263 0.1136 0.1062 0.1027 0.053
-3.000 5.000 25 0.0548 0.1292 0.1095 0.0854 0.0608 0.0409 0.028 0.0222 0.0222 0.134 0.1126 0.0857 0.0578 0.0348 0.019 0.0119 0.015 0.1416 0.1188 0.0893 0.0587 0.0333 0.0145 0.0 0.0115 0.1498 0.1271 0.0973 0.066 0.0401 0.0221 0.0139 0.0177 0.1619 0.1399 0.1106 0.0795 0.0543 0.0379 0.0304 0.0307 0.1767 0.1563 0.1283 0.0985 0.0742 0.0583 0.0501 0.0479 0.1924 0.1741 0.1486 0.1208 0.0975 0.0817 0.0725 0.068 0.209 0.192 0.1691 0.1436 0.1216 0.1058 0.0956 0.0887 0.0619
-3.000 7.000 35 0.0652 0.1365 0.1162 0.0916 0.0665 0.0459 0.0314 0.0221 0.0176 0.1438 0.1219 0.0947 0.0667 0.0436 0.0268 0.015 0.0095 0.1529 0.1297 0.1 0.0695 0.0444 0.0258 0.0115 0.0 0.162 0.1387 0.1085 0.0769 0.0506 0.0314 0.0177 0.0112 0.1739 0.1509 0.1206 0.0887 0.0623 0.0433 0.0308 0.0248 0.1878 0.1658 0.1363 0.1052 0.0794 0.0606 0.0482 0.0412 0.202 0.1818 0.1543 0.1249 0.0999 0.0815 0.0685 0.0602 0.2166 0.1981 0.1722 0.145 0.1215 0.1032 0.0895 0.0796 0.071
-1.000 -7.000 35 0.1007 0.0486 0.0598 0.0779 0.1 0.1214 0.1371 0.1485 0.1575 0.034 0.0447 0.0652 0.0913 0.1159 0.1346 0.1481 0.1586 0.0176 0.0295 0.0541 0.0844 0.1127 0.1342 0.1498 0.162 0.0 0.0216 0.0503 0.0837 0.1148 0.1385 0.1559 0.1695 0.0187 0.0314 0.0578 0.0904 0.1212 0.1456 0.1643 0.1793 0.0381 0.0506 0.0745 0.105 0.1345 0.1586 0.1779 0.1938 0.0577 0.0721 0.0954 0.1238 0.1518 0.175 0.1941 0.2101 0.0766 0.0932 0.1169 0.1441 0.1694 0.1909 0.2091 0.2242 0.1043
-1.000 -5.000 25 0.078 0.0607 0.0661 0.0776 0.094 0.1096 0.1222 0.1311 0.1384 0.045 0.0466 0.0585 0.079 0.0997 0.1158 0.1278 0.1373 0.0296 0.0244 0.0389 0.0657 0.092 0.1123 0.1271 0.1387 0.0216 0.0 0.0286 0.0614 0.0916 0.1145 0.1314 0.1445 0.0313 0.0259 0.0415 0.0702 0.0989 0.1219 0.1397 0.1541 0.0505 0.0528 0.0668 0.0905 0.1155 0.1366 0.1541 0.1687 0.0721 0.0798 0.0949 0.1158 0.1369 0.1562 0.1723 0.1861 0.0935 0.1056 0.1223 0.1417 0.1605 0.1765 0.1906 0.2028 0.0822
-1.000 -3.000 15 0.0481 0.0801 0.0785 0.0804 0.0861 0.0937 0.1003 0.1063 0.1119 0.0661 0.0588 0.057 0.0649 0.0783 0.0904 0.1003 0.1088 0.0544 0.039 0.0299 0.0433 0.0651 0.0834 0.0973 0.1085 0.0503 0.0286 0.0 0.0319 0.061 0.0831 0.0995 0.1124 0.0577 0.0415 0.032 0.0463 0.0702 0.091 0.1078 0.1217 0.0743 0.0667 0.0651 0.0746 0.0912 0.1078 0.1228 0.1361 0.0955 0.0949 0.0982 0.1063 0.1178 0.1301 0.1427 0.1542 0.1177 0.1227 0.1296 0.1372 0.1456 0.1547 0.164 0.173 0.0539
-1.000 -1.000 5 0.0168 0.1034 0.0951 0.0861 0.0793 0.0761 0.0765 0.0793 0.0832 0.0928 0.0794 0.0649 0.0563 0.0572 0.0636 0.0711 0.0787 0.0849 0.0658 0.0433 0.0296 0.0382 0.053 0.066 0.0769 0.0837 0.0614 0.0319 0.0 0.0283 0.0499 0.0662 0.0792 0.0901 0.0701 0.0463 0.0319 0.0415 0.0586 0.0743 0.0877 0.1046 0.0903 0.0744 0.0653 0.0678 0.0777 0.0898 0.1017 0.1236 0.1156 0.1059 0.0991 0.098 0.1027 0.1109 0.1201 0.145 0.1418 0.1366 0.1314 0.1282 0.1293 0.1339 0.14 0.0275
-1.000 1.000 5 0.0151 0.1243 0.1099 0.0928 0.0754 0.063 0.0573 0.0571 0.06 0.1175 0.0999 0.0781 0.0571 0.0448 0.0431 0.0475 0.054 0.1134 0.0922 0.0651 0.0382 0.0237 0.0289 0.0401 0.0506 0.1148 0.0916 0.061 0.0283 0.0 0.0217 0.0382 0.0515 0.1206 0.0986 0.07 0.0414 0.0261 0.0326 0.0461 0.059 0.1333 0.1146 0.0906 0.0674 0.0546 0.0547 0.0625 0.0728 0.1503 0.1352 0.1162 0.097 0.0846 0.0811 0.0846 0.0914 0.1682 0.1582 0.1427 0.1263 0.1142 0.1082 0.1084 0.1117 0.0248
-1.000 3.000 15 0.0359 0.1381 0.1205 0.0978 0.0749 0.0567 0.0464 0.0431 0.044 0.1356 0.1153 0.0896 0.0632 0.043 0.0331 0.0326 0.0368 0.1349 0.1123 0.0833 0.053 0.0289 0.0177 0.0221 0.0314 0.1385 0.1145 0.0831 0.0499 0.0217 0.0 0.0169 0.0304 0.1444 0.1211 0.0905 0.0584 0.0326 0.0204 0.0259 0.0373 0.1557 0.1343 0.1061 0.0768 0.0544 0.0438 0.0445 0.0515 0.1703 0.1518 0.1263 0.1005 0.0803 0.0696 0.0673 0.0705 0.185 0.1697 0.1485 0.1253 0.1067 0.0958 0.0911 0.091 0.0407
-1.000 5.000 25 0.0525 0.1469 0.127 0.1023 0.0767 0.056 0.0427 0.036 0.0341 0.1481 0.1263 0.0989 0.0703 0.0472 0.0325 0.0257 0.0258 0.1504 0.1271 0.0972 0.0659 0.04 0.0221 0.0139 0.0177 0.1559 0.1314 0.0995 0.0662 0.0382 0.0169 0.0 0.0137 0.1624 0.1383 0.1069 0.0738 0.0459 0.0259 0.0166 0.0213 0.173 0.1501 0.12 0.0883 0.0621 0.0444 0.0363 0.0371 0.1859 0.1649 0.1371 0.1077 0.0835 0.0672 0.0588 0.0566 0.1981 0.1796 0.1549 0.1287 0.1064 0.0908 0.0817 0.0769 0.0562
-1.000 7.000 35 0.0659 0.1531 0.1321 0.1063 0.0798 0.0583 0.0433 0.0338 0.0286 0.1575 0.1349 0.1066 0.0774 0.0534 0.0366 0.0258 0.0206 0.1624 0.1385 0.1082 0.0767 0.0505 0.0313 0.0177 0.0112 0.1695 0.1445 0.1124 0.0792 0.0515 0.0304 0.0137 0.0 0.1769 0.1523 0.1205 0.0872 0.0589 0.0373 0.0214 0.0137 0.1874 0.1636 0.1326 0.1 0.0724 0.0516 0.0372 0.0302 0.1992 0.1768 0.1476 0.1169 0.0906 0.0707 0.0569 0.0491 0.2097 0.1894 0.1628 0.1347 0.1103 0.0913 0.0773 0.0683 0.0697
1.000 -7.000 35 0.1053 0.0674 0.0812 0.1009 0.1237 0.1434 0.1574 0.1673 0.175 0.0527 0.0655 0.0862 0.1113 0.1351 0.1521 0.1643 0.1739 0.0363 0.0481 0.0707 0.0994 0.1264 0.1469 0.1619 0.1739 0.0187 0.0313 0.0577 0.0901 0.1206 0.1444 0.1624 0.1769 0.0 0.0226 0.0528 0.0878 0.1209 0.1473 0.1678 0.1845 0.0194 0.0325 0.0597 0.0933 0.1258 0.1529 0.175 0.1935 0.0389 0.0515 0.0755 0.1062 0.1367 0.1631 0.1856 0.2045 0.0576 0.0716 0.0942 0.1217 0.1499 0.1745 0.1958 0.2139 0.1045
1.000 -5.000 25 0.0831 0.0827 0.0923 0.1062 0.1222 0.1361 0.145 0.1513 0.1567 0.0661 0.0727 0.0861 0.1045 0.1218 0.1355 0.145 0.1529 0.0483 0.0504 0.0636 0.086 0.1087 0.1265 0.1399 0.1509 0.0314 0.0259 0.0415 0.0701 0.0986 0.1211 0.1383 0.1523 0.0226 0.0 0.03 0.0645 0.0967 0.1223 0.1422 0.1585 0.0325 0.0268 0.0429 0.0726 0.1029 0.1286 0.1499 0.1677 0.0515 0.0537 0.0676 0.0917 0.1178 0.1414 0.162 0.1796 0.0719 0.0793 0.0937 0.1142 0.1358 0.1568 0.1752 0.1913 0.081
1.000 -3.000 15 0.0546 0.1043 0.1076 0.1127 0.1181 0.1222 0.1248 0.1271 0.1302 0.0877 0.0867 0.0893 0.0958 0.1041 0.1113 0.118 0.1243 0.0712 0.0637 0.062 0.0708 0.0855 0.0991 0.1106 0.1206 0.0578 0.0415 0.032 0.0463 0.07 0.0905 0.1069 0.1205 0.0528 0.03 0.0 0.0336 0.0647 0.0895 0.109 0.125 0.0597 0.0429 0.033 0.048 0.0735 0.0971 0.1172 0.1343 0.0757 0.0677 0.0659 0.0758 0.0937 0.1128 0.1308 0.147 0.0951 0.0941 0.0971 0.1051 0.1177 0.132 0.1469 0.1606 0.0501
1.000 -1.000 5 0.0279 0.1283 0.124 0.1182 0.1115 0.1048 0.1006 0.0993 0.1007 0.1137 0.1054 0.0959 0.0884 0.0849 0.0855 0.0888 0.0937 0.1003 0.0863 0.0708 0.0616 0.0629 0.0704 0.0795 0.0887 0.0904 0.0702 0.0463 0.0319 0.0414 0.0584 0.0738 0.0872 0.0878 0.0645 0.0336 0.0 0.0303 0.0547 0.0741 0.0902 0.0932 0.0725 0.0479 0.0333 0.044 0.0637 0.0825 0.0991 0.1064 0.0917 0.0756 0.0669 0.0706 0.0828 0.0977 0.1123 0.1231 0.1145 0.1049 0.099 0.0992 0.106 0.1163 0.1275 0.0176
1.000 1.000 5 0.0253 0.1477 0.1368 0.1214 0.1041 0.0892 0.0798 0.0761 0.0762 0.1376 0.1225 0.104 0.0848 0.071 0.0649 0.0651 0.0688 0.1278 0.1092 0.0857 0.063 0.0499 0.0486 0.0543 0.0623 0.1212 0.0989 0.0702 0.0415 0.0261 0.0326 0.0459 0.0589 0.1209 0.0967 0.0647 0.0303 0.0 0.0244 0.044 0.0603 0.1253 0.1025 0.0732 0.044 0.0284 0.0364 0.0526 0.0685 0.1361 0.117 0.0929 0.0702 0.0583 0.0598 0.0698 0.0823 0.1501 0.1347 0.1162 0.0982 0.0875 0.0855 0.0907 0.0988 0.016
1.000 3.000 15 0.0418 0.16 0.1439 0.1226 0.099 0.0792 0.0666 0.0609 0.0595 0.1545 0.1358 0.111 0.0853 0.0648 0.0533 0.0499 0.0513 0.1488 0.1274 0.0996 0.0707 0.0487 0.038 0.0379 0.0433 0.1456 0.1219 0.091 0.0586 0.0326 0.0204 0.0259 0.0373 0.1473 0.1223 0.0895 0.0547 0.0244 0.0 0.0199 0.0364 0.1514 0.1274 0.0961 0.0633 0.0363 0.0234 0.0303 0.0441 0.1604 0.1386 0.1106 0.0817 0.0594 0.0491 0.0507 0.0593 0.1714 0.1528 0.1281 0.1037 0.0847 0.075 0.0733 0.0774 0.0388
1.000 5.000 25 0.0582 0.1676 0.1483 0.1235 0.097 0.075 0.0604 0.0523 0.0487 0.1663 0.145 0.1174 0.0885 0.0649 0.0498 0.0421 0.0402 0.1645 0.1413 0.1114 0.08 0.0544 0.0379 0.0304 0.0308 0.1643 0.1397 0.1078 0.0743 0.0461 0.0259 0.0166 0.0214 0.1678 0.1422 0.109 0.0741 0.044 0.0199 0.0 0.0166 0.1724 0.1476 0.1155 0.0817 0.0524 0.0303 0.0197 0.0256 0.1803 0.1571 0.1272 0.0958 0.0693 0.0506 0.042 0.0431 0.1889 0.168 0.1411 0.1129 0.0896 0.0732 0.0647 0.0624 0.0577
1.000 7.000 35 0.0724 0.173 0.1517 0.1252 0.0974 0.0744 0.0585 0.0482 0.042 0.1753 0.1523 0.1233 0.0929 0.0682 0.0509 0.0399 0.034 0.1768 0.1526 0.1216 0.0892 0.0623 0.0432 0.0307 0.0248 0.1793 0.1541 0.1217 0.0877 0.059 0.0373 0.0213 0.0137 0.1845 0.1585 0.125 0.0902 0.0603 0.0364 0.0166 0.0 0.1899 0.1647 0.1322 0.0981 0.0683 0.0442 0.0256 0.0165 0.1974 0.1733 0.1425 0.1102 0.0819 0.0594 0.0432 0.0353 0.2044 0.1821 0.1537 0.1241 0.098 0.0775 0.0626 0.0543 0.0735
3.000 -7.000 35 0.1171 0.087 0.1038 0.1257 0.1492 0.1679 0.1799 0.1885 0.1945 0.0722 0.0877 0.1099 0.1353 0.1567 0.1715 0.1817 0.1899 0.0558 0.0697 0.0921 0.1193 0.1448 0.1633 0.1767 0.1878 0.0381 0.0505 0.0743 0.1046 0.1333 0.1557 0.173 0.1874 0.0194 0.0325 0.0597 0.0932 0.1253 0.1514 0.1724 0.1899 0.0 0.0231 0.0537 0.0893 0.1235 0.1521 0.1756 0.1955 0.0194 0.0325 0.0594 0.0926 0.1254 0.154 0.1786 0.1994 0.038 0.05 0.0729 0.1021 0.1317 0.1585 0.182 0.2022 0.1122
3.000 -5.000 25 0.0983 0.1058 0.1195 0.1361 0.1525 0.1643 0.17 0.1734 0.177 0.0887 0.0998 0.1156 0.1333 0.1482 0.1576 0.1642 0.1703 0.07 0.0774 0.092 0.1118 0.1304 0.1454 0.1563 0.1658 0.0506 0.0528 0.0667 0.0903 0.1146 0.1343 0.1501 0.1636 0.0325 0.0268 0.0429 0.0725 0.1025 0.1274 0.1476 0.1647 0.0231 0.0 0.0305 0.0654 0.0988 0.1267 0.1497 0.1692 0.0325 0.0267 0.0426 0.072 0.1028 0.1302 0.1538 0.174 0.0502 0.0521 0.0652 0.0883 0.1139 0.1381 0.1599 0.1789 0.0913
3.000 -3.000 15 0.0762 0.1301 0.138 0.1464 0.1517 0.1529 0.1514 0.1501 0.1506 0.112 0.1164 0.1227 0.1287 0.1332 0.136 0.1387 0.1427 0.0929 0.0923 0.0953 0.1025 0.1117 0.12 0.1283 0.1363 0.0745 0.0668 0.0651 0.0744 0.0906 0.1061 0.12 0.1326 0.0597 0.0429 0.033 0.0479 0.0732 0.0961 0.1155 0.1322 0.0537 0.0305 0.0 0.0341 0.0665 0.0937 0.1163 0.1355 0.0595 0.0426 0.0327 0.0477 0.0739 0.0992 0.1217 0.1413 0.0735 0.0655 0.0635 0.0731 0.0911 0.1111 0.1306 0.1481 0.0654
3.000 -1.000 15 0.0578 0.155 0.1551 0.1521 0.1453 0.1355 0.1271 0.1224 0.1212 0.1382 0.1347 0.1291 0.1221 0.1151 0.1108 0.1102 0.1126 0.1206 0.1124 0.1028 0.0952 0.092 0.0936 0.0985 0.1052 0.105 0.0905 0.0746 0.0653 0.0674 0.0768 0.0883 0.1 0.0933 0.0726 0.048 0.0333 0.044 0.0633 0.0817 0.0981 0.0893 0.0654 0.0341 0.0 0.0317 0.0585 0.0809 0.1001 0.0929 0.072 0.0477 0.0334 0.0449 0.0663 0.0875 0.1064 0.1033 0.0886 0.073 0.0651 0.0696 0.083 0.0992 0.1151 0.0433
3.000 1.000 15 0.053 0.1739 0.1663 0.1529 0.1352 0.1178 0.105 0.0983 0.0961 0.1605 0.1499 0.1339 0.1155 0.0995 0.0898 0.0865 0.0874 0.147 0.1318 0.1126 0.0925 0.0783 0.0728 0.0742 0.0794 0.1345 0.1155 0.0912 0.0678 0.0546 0.0544 0.0621 0.0724 0.1258 0.1029 0.0735 0.044 0.0284 0.0363 0.0524 0.0683 0.1235 0.0988 0.0665 0.0317 0.0 0.0268 0.0494 0.0687 0.1254 0.1025 0.0736 0.0448 0.0296 0.0388 0.0571 0.0751 0.1325 0.1136 0.0905 0.0692 0.0585 0.0611 0.0723 0.0858 0.0398
3.000 3.000 15 0.0605 0.1853 0.1712 0.1509 0.1266 0.1048 0.0898 0.0819 0.0785 0.1763 0.1601 0.1374 0.1117 0.0902 0.0766 0.0707 0.0697 0.1672 0.1481 0.1221 0.0948 0.0732 0.0613 0.0583 0.0606 0.1586 0.1366 0.1078 0.0777 0.0547 0.0438 0.0444 0.0516 0.1529 0.1286 0.0971 0.0637 0.0364 0.0234 0.0303 0.0442 0.1521 0.1267 0.0937 0.0585 0.0268 0.0 0.0228 0.0422 0.153 0.129 0.0983 0.0659 0.0387 0.0255 0.0335 0.0491 0.1575 0.1361 0.1093 0.082 0.0608 0.051 0.0532 0.0624 0.0523
3.000 5.000 25 0.0727 0.1928 0.1738 0.1491 0.1215 0.0977 0.0815 0.0717 0.0666 0.1877 0.1676 0.1408 0.1114 0.0869 0.0707 0.0617 0.0579 0.1828 0.1607 0.1315 0.1004 0.0748 0.0583 0.0501 0.0482 0.1779 0.1541 0.1228 0.0898 0.0625 0.0445 0.0363 0.0372 0.175 0.1499 0.1172 0.0825 0.0526 0.0303 0.0197 0.0256 0.1756 0.1497 0.1163 0.0809 0.0494 0.0228 0.0 0.0194 0.1763 0.1516 0.1201 0.0867 0.0569 0.0335 0.022 0.0287 0.1789 0.1561 0.1274 0.0976 0.0718 0.0531 0.0443 0.0454 0.0682
3.000 7.000 35 0.0851 0.1974 0.176 0.1485 0.1193 0.0946 0.0772 0.0658 0.0583 0.1963 0.1739 0.1447 0.1134 0.0873 0.0692 0.0575 0.0504 0.1952 0.1713 0.14 0.107 0.0798 0.0604 0.0479 0.0412 0.1938 0.1687 0.1361 0.1017 0.0728 0.0515 0.0371 0.0302 0.1935 0.1677 0.1343 0.0991 0.0685 0.0441 0.0256 0.0165 0.1955 0.1692 0.1355 0.1001 0.0687 0.0422 0.0194 0.0 0.1963 0.1711 0.1392 0.1055 0.075 0.0492 0.0287 0.0185 0.1974 0.1737 0.1441 0.1131 0.0853 0.0624 0.0455 0.0372 0.0834
5.000 -7.000 35 0.1333 0.1068 0.1268 0.1514 0.1759 0.1937 0.2044 0.2097 0.2136 0.092 0.1106 0.1349 0.1605 0.1803 0.1925 0.2013 0.2076 0.0755 0.0921 0.1158 0.1427 0.1653 0.181 0.1924 0.202 0.0577 0.0721 0.0955 0.1236 0.1503 0.1703 0.1859 0.1992 0.0389 0.0515 0.0757 0.1064 0.1361 0.1604 0.1803 0.1974 0.0194 0.0325 0.0595 0.0929 0.1254 0.153 0.1763 0.1963 0.0 0.0225 0.0521 0.0864 0.1198 0.1489 0.1738 0.1951 0.0184 0.0306 0.0557 0.0865 0.1172 0.1448 0.1691 0.1899 0.1253
5.000 -5.000 25 0.1204 0.1292 0.1469 0.1664 0.1835 0.1934 0.196 0.1969 0.1975 0.1117 0.1271 0.1456 0.1634 0.1756 0.1813 0.1849 0.1893 0.0925 0.1045 0.1214 0.1402 0.1559 0.1662 0.1741 0.1818 0.0721 0.0798 0.0949 0.1156 0.1352 0.1518 0.1649 0.1768 0.0515 0.0537 0.0677 0.0917 0.117 0.1386 0.1571 0.1733 0.0325 0.0267 0.0426 0.072 0.1025 0.129 0.1516 0.1711 0.0225 0.0 0.0295 0.0632 0.0959 0.1244 0.1488 0.1697 0.0307 0.0251 0.0398 0.0671 0.0961 0.1227 0.1462 0.1664 0.1095
5.000 -3.000 25 0.104 0.1563 0.1685 0.18 0.1855 0.1841 0.179 0.1743 0.1724 0.1372 0.1465 0.1562 0.1622 0.1634 0.1621 0.1613 0.1627 0.1165 0.1217 0.1287 0.1352 0.1403 0.1443 0.1486 0.1543 0.0954 0.0949 0.0982 0.1059 0.1162 0.1263 0.1371 0.1476 0.0755 0.0676 0.0659 0.0756 0.0929 0.1106 0.1272 0.1425 0.0594 0.0426 0.0327 0.0477 0.0736 0.0983 0.1201 0.1392 0.0521 0.0295 0.0 0.033 0.0649 0.0927 0.1168 0.1374 0.056 0.0399 0.0305 0.0445 0.0693 0.0941 0.1166 0.1362 0.0906
5.000 -1.000 25 0.09 0.1825 0.1867 0.1865 0.1796 0.167 0.155 0.1472 0.1436 0.1638 0.1651 0.163 0.1563 0.1462 0.138 0.1341 0.134 0.1439 0.141 0.1359 0.1292 0.1227 0.1196 0.1208 0.1249 0.1238 0.1158 0.1063 0.0991 0.097 0.1005 0.1077 0.1169 0.1062 0.0917 0.0758 0.0669 0.0702 0.0817 0.0958 0.1102 0.0926 0.072 0.0477 0.0334 0.0448 0.0659 0.0867 0.1055 0.0864 0.0632 0.033 0.0 0.0313 0.0588 0.0827 0.1033 0.0872 0.0673 0.0445 0.0313 0.0426 0.0637 0.0849 0.1039 0.0748
5.000 1.000 25 0.0835 0.2013 0.1972 0.1859 0.1679 0.148 0.1322 0.123 0.1187 0.1853 0.1789 0.1658 0.1477 0.1297 0.1168 0.1107 0.1094 0.1683 0.1584 0.1426 0.1241 0.1085 0.0995 0.0975 0.0999 0.1518 0.1369 0.1178 0.098 0.0846 0.0803 0.0835 0.0906 0.1367 0.1178 0.0937 0.0706 0.0583 0.0594 0.0693 0.0819 0.1254 0.1028 0.0739 0.0449 0.0296 0.0387 0.0569 0.075 0.1198 0.0959 0.0649 0.0313 0.0 0.0275 0.0514 0.072 0.1179 0.0962 0.0691 0.0425 0.0285 0.0379 0.0562 0.0742 0.0697
5.000 3.000 25 0.0856 0.2132 0.201 0.1819 0.1569 0.1329 0.1157 0.1057 0.1005 0.2006 0.1874 0.1667 0.1412 0.1181 0.1025 0.0944 0.0914 0.1876 0.1719 0.149 0.1227 0.1007 0.0872 0.0817 0.0815 0.175 0.1562 0.1301 0.1027 0.0811 0.0696 0.0672 0.0707 0.1631 0.1414 0.1128 0.0828 0.0598 0.0491 0.0506 0.0594 0.154 0.1302 0.0992 0.0663 0.0388 0.0255 0.0335 0.0492 0.1489 0.1244 0.0927 0.0588 0.0275 0.0 0.024 0.0446 0.145 0.1221 0.0934 0.0634 0.0378 0.0251 0.0332 0.0487 0.0752
5.000 5.000 25 0.0931 0.2198 0.2027 0.1779 0.1493 0.1236 0.1054 0.0941 0.0873 0.2123 0.1935 0.1677 0.1381 0.1123 0.0946 0.0841 0.0785 0.2029 0.1831 0.1555 0.1249 0.0991 0.0819 0.0725 0.0685 0.1941 0.1723 0.1427 0.1109 0.0846 0.0673 0.0588 0.0569 0.1856 0.162 0.1308 0.0977 0.0698 0.0507 0.042 0.0432 0.1786 0.1538 0.1217 0.0875 0.0571 0.0335 0.022 0.0287 0.1738 0.1488 0.1168 0.0827 0.0514 0.024 0.0 0.0206 0.1683 0.1448 0.1154 0.0843 0.056 0.0332 0.0219 0.0284 0.0861
5.000 7.000 35 0.1026 0.2236 0.2029 0.1752 0.1445 0.1179 0.0989 0.0861 0.0771 0.2204 0.1988 0.1694 0.1374 0.11 0.0906 0.0777 0.0693 0.2151 0.1925 0.1621 0.129 0.1009 0.0811 0.068 0.0602 0.2101 0.1861 0.1542 0.1201 0.0914 0.0705 0.0566 0.0491 0.2045 0.1796 0.147 0.1123 0.0823 0.0593 0.0431 0.0353 0.1994 0.174 0.1413 0.1064 0.0751 0.0491 0.0287 0.0185 0.1951 0.1697 0.1374 0.1033 0.072 0.0446 0.0206 0.0 0.1884 0.1644 0.1345 0.103 0.0739 0.0487 0.0284 0.0183 0.0984
7.000 -7.000 35 0.1518 0.126 0.1492 0.1766 0.2023 0.2191 0.2274 0.2301 0.2326 0.1111 0.1328 0.1596 0.1858 0.2039 0.2144 0.2195 0.2238 0.0945 0.1141 0.1396 0.1663 0.1866 0.1992 0.209 0.2166 0.0766 0.0935 0.1177 0.145 0.1682 0.185 0.1981 0.2097 0.0576 0.0719 0.0951 0.1231 0.1501 0.1714 0.1889 0.2044 0.038 0.0502 0.0735 0.1033 0.1325 0.1575 0.1789 0.1974 0.0184 0.0307 0.056 0.0872 0.1179 0.145 0.1683 0.1884 0.0 0.0205 0.0473 0.078 0.108 0.1347 0.1579 0.1777 0.1421
7.000 -5.000 35 0.144 0.1514 0.1732 0.1956 0.2135 0.2216 0.221 0.2188 0.2169 0.1337 0.1532 0.1745 0.1926 0.2025 0.2047 0.2058 0.2071 0.1141 0.1305 0.1499 0.1683 0.1809 0.1873 0.192 0.1981 0.0932 0.1056 0.1227 0.1418 0.1582 0.1697 0.1796 0.1894 0.0716 0.0793 0.0941 0.1145 0.1347 0.1528 0.168 0.1821 0.05 0.0521 0.0655 0.0886 0.1136 0.1361 0.1561 0.1737 0.0306 0.0251 0.0399 0.0673 0.0962 0.1221 0.1448 0.1644 0.0205 0.0 0.0266 0.0568 0.0862 0.1124 0.1352 0.1547 0.131
7.000 -3.000 35 0.1324 0.181 0.1975 0.2121 0.2177 0.214 0.2054 0.1975 0.1933 0.1611 0.175 0.1881 0.194 0.1926 0.1875 0.1834 0.1827 0.1395 0.1497 0.1603 0.1666 0.1685 0.1684 0.1691 0.1722 0.1169 0.1223 0.1296 0.1366 0.1427 0.1485 0.1549 0.1628 0.0942 0.0937 0.0971 0.1049 0.1162 0.1281 0.1411 0.1537 0.0729 0.0652 0.0635 0.073 0.0905 0.1093 0.1274 0.1441 0.0557 0.0398 0.0305 0.0445 0.0691 0.0934 0.1154 0.1345 0.0473 0.0266 0.0 0.0296 0.0583 0.084 0.1065 0.1257 0.1178
7.000 -1.000 35 0.1211 0.2083 0.2168 0.2193 0.2126 0.1974 0.1822 0.1717 0.1658 0.1882 0.1942 0.1953 0.189 0.1764 0.1648 0.158 0.1554 0.1664 0.1688 0.1676 0.1617 0.1525 0.1457 0.1436 0.145 0.1441 0.1417 0.1372 0.1314 0.1263 0.1253 0.1287 0.1347 0.1217 0.1142 0.1051 0.099 0.0982 0.1037 0.1129 0.1241 0.1021 0.0883 0.0731 0.0651 0.0692 0.082 0.0976 0.1131 0.0865 0.0671 0.0445 0.0313 0.0425 0.0634 0.0843 0.103 0.078 0.0568 0.0296 0.0 0.0283 0.0537 0.0761 0.0952 0.1056
7.000 1.000 35 0.1136 0.2276 0.2273 0.2182 0.1999 0.178 0.1593 0.1479 0.1418 0.2094 0.2073 0.1971 0.1793 0.1596 0.1438 0.1353 0.1319 0.1896 0.1846 0.1726 0.1552 0.1382 0.1263 0.1216 0.1215 0.1694 0.1605 0.1456 0.1282 0.1142 0.1067 0.1064 0.1103 0.1499 0.1358 0.1177 0.0992 0.0875 0.0847 0.0896 0.098 0.1317 0.1139 0.0911 0.0696 0.0585 0.0608 0.0718 0.0853 0.1172 0.0961 0.0693 0.0426 0.0285 0.0378 0.056 0.0739 0.108 0.0862 0.0583 0.0283 0.0 0.0254 0.0477 0.0668 0.0994
7.000 3.000 35 0.1122 0.2397 0.2305 0.213 0.1874 0.1615 0.1422 0.1302 0.1232 0.225 0.2146 0.1963 0.171 0.1464 0.129 0.1188 0.1137 0.2079 0.1962 0.1765 0.1513 0.1286 0.1136 0.1058 0.1032 0.1909 0.1765 0.1547 0.1293 0.1082 0.0958 0.0908 0.0913 0.1745 0.1568 0.132 0.106 0.0855 0.075 0.0732 0.0775 0.1585 0.1381 0.1111 0.083 0.0611 0.051 0.0531 0.0624 0.1448 0.1227 0.0941 0.0637 0.0379 0.0251 0.0332 0.0487 0.1347 0.1124 0.084 0.0537 0.0254 0.0 0.0223 0.0414 0.1006
7.000 5.000 35 0.1159 0.2461 0.2312 0.2071 0.1777 0.1502 0.1302 0.1173 0.1087 0.2356 0.2201 0.1953 0.1655 0.1384 0.1192 0.1073 0.0997 0.2233 0.2058 0.1805 0.1507 0.1244 0.1062 0.0956 0.0895 0.2091 0.1906 0.164 0.1339 0.1084 0.0911 0.0817 0.0773 0.1958 0.1752 0.1469 0.1163 0.0907 0.0733 0.0647 0.0626 0.182 0.1599 0.1306 0.0992 0.0723 0.0532 0.0443 0.0455 0.1691 0.1462 0.1166 0.0849 0.0562 0.0332 0.0219 0.0284 0.1579 0.1352 0.1065 0.0761 0.0477 0.0223 0.0 0.019 0.107
7.000 7.000 35 0.1218 0.25 0.2299 0.2023 0.1703 0.1421 0.1213 0.107 0.0966 0.243 0.2233 0.1948 0.1621 0.1335 0.1128 0.0986 0.0888 0.2347 0.2141 0.1846 0.1518 0.1233 0.1027 0.0887 0.0796 0.2242 0.2028 0.173 0.14 0.1117 0.091 0.0769 0.0683 0.2139 0.1913 0.1606 0.1275 0.0988 0.0774 0.0624 0.0543 0.2022 0.1789 0.1481 0.1151 0.0858 0.0624 0.0454 0.0372 0.1899 0.1664 0.1362 0.1039 0.0742 0.0487 0.0284 0.0183 0.1777 0.1547 0.1257 0.0952 0.0668 0.0414 0.019 0.0 0.1155
0.500 0.000 0 0.0147 0.1322 0.1237 0.1122 0.0998 0.0893 0.0833 0.0816 0.0832 0.1207 0.1081 0.0924 0.0783 0.0699 0.0683 0.0711 0.0762 0.1108 0.0926 0.0713 0.0535 0.0479 0.053 0.0619 0.071 0.1043 0.0822 0.0539 0.0275 0.0248 0.0407 0.0562 0.0697 0.1045 0.081 0.0501 0.0176 0.016 0.0388 0.0577 0.0735 0.1122 0.0913 0.0654 0.0433 0.0398 0.0523 0.0682 0.0834 0.1253 0.1095 0.0906 0.0748 0.0697 0.0752 0.0861 0.0984 0.1421 0.131 0.1178 0.1056 0.0994 0.1006 0.107 0.1155 0.0