n 66
m 2
tmax 40.0
Vcpm 1.2
R 0.8
dmax 56.0
-0.500 0.000 0 0.0 0.1077 0.1031 0.097 0.0917 0.0907 0.0952 0.1058 0.1231 0.0832 0.0755 0.0663 0.0596 0.0607 0.0711 0.0907 0.1162 0.0665 0.0552 0.0419 0.0306 0.0318 0.0477 0.0754 0.1107 0.0584 0.0456 0.0297 0.0115 0.012 0.0345 0.0675 0.1086 0.0571 0.0451 0.031 0.0175 0.0182 0.0365 0.0706 0.1135 0.0602 0.0508 0.041 0.0341 0.0356 0.0496 0.0835 0.1237 0.0657 0.0594 0.0537 0.0505 0.0529 0.0661 0.0987 0.1335 0.0723 0.0687 0.066 0.0654 0.0688 0.0817 0.112 0.1408 0.01
-7.000 -7.000 35 0.1077 0.0 0.0209 0.0466 0.0747 0.1015 0.1245 0.1436 0.1608 0.0179 0.0297 0.0538 0.0838 0.1147 0.1423 0.1661 0.1882 0.0328 0.043 0.0631 0.0902 0.1209 0.151 0.1809 0.2116 0.0446 0.0544 0.071 0.0938 0.1213 0.1504 0.1854 0.2257 0.0552 0.065 0.0796 0.0991 0.1224 0.149 0.1877 0.2338 0.0653 0.0754 0.0891 0.1067 0.1273 0.152 0.192 0.24 0.0746 0.0851 0.0986 0.1153 0.1344 0.1576 0.1973 0.2424 0.0827 0.0936 0.1072 0.1234 0.1416 0.1637 0.1999 0.2403 0.1091
-7.000 -5.000 35 0.1031 0.0209 0.0 0.0255 0.053 0.0793 0.1019 0.1207 0.1376 0.0296 0.0242 0.038 0.0643 0.0931 0.1191 0.1419 0.163 0.0434 0.0451 0.0566 0.0786 0.1054 0.1325 0.16 0.1884 0.0559 0.0605 0.0715 0.0899 0.1131 0.1393 0.1713 0.2083 0.0677 0.0736 0.0845 0.1003 0.1205 0.1443 0.1808 0.2235 0.0789 0.086 0.0971 0.1117 0.1295 0.152 0.1917 0.2364 0.0892 0.0975 0.109 0.1231 0.1397 0.1615 0.201 0.2445 0.0985 0.1076 0.1196 0.1337 0.1496 0.1704 0.2073 0.2466 0.1076
-7.000 -3.000 35 0.097 0.0466 0.0255 0.0 0.0271 0.0529 0.0749 0.0935 0.1103 0.0531 0.0378 0.0291 0.0425 0.0669 0.0909 0.1125 0.1329 0.0633 0.0564 0.056 0.0662 0.0861 0.1085 0.1329 0.1588 0.0737 0.0722 0.0757 0.0855 0.102 0.1224 0.1507 0.1836 0.0848 0.0864 0.0915 0.1012 0.1154 0.1347 0.1679 0.2059 0.0961 0.0999 0.1063 0.1161 0.1291 0.1479 0.1857 0.2256 0.1069 0.1125 0.1201 0.1304 0.1428 0.1617 0.2014 0.241 0.1167 0.1237 0.1325 0.1433 0.1556 0.1742 0.2119 0.249 0.1041
-7.000 -1.000 35 0.0917 0.0747 0.053 0.0271 0.0 0.0254 0.0471 0.0656 0.0824 0.0814 0.0632 0.0422 0.0303 0.0414 0.0615 0.0818 0.1015 0.0886 0.0771 0.0653 0.0612 0.0677 0.0831 0.1038 0.1269 0.0961 0.0896 0.0845 0.0848 0.0907 0.1039 0.1278 0.1552 0.1054 0.1023 0.1009 0.1032 0.1093 0.1226 0.1519 0.1836 0.1155 0.1153 0.1165 0.1202 0.1267 0.1413 0.177 0.2104 0.1258 0.1279 0.1312 0.1361 0.1432 0.1595 0.1991 0.2324 0.1355 0.1394 0.1444 0.1505 0.1582 0.1753 0.2149 0.2472 0.1013
-7.000 1.000 35 0.0907 0.1015 0.0793 0.0529 0.0254 0.0 0.0217 0.0403 0.0572 0.1098 0.0903 0.066 0.0412 0.0277 0.0362 0.054 0.0727 0.115 0.1006 0.0835 0.0666 0.0587 0.0623 0.0778 0.0973 0.1199 0.109 0.0982 0.0884 0.0847 0.0886 0.1071 0.1277 0.1263 0.1194 0.1122 0.1066 0.1053 0.1126 0.1388 0.1614 0.1345 0.1305 0.1265 0.1237 0.1243 0.1361 0.1711 0.1942 0.1435 0.142 0.1406 0.1401 0.1424 0.1586 0.2 0.2229 0.1523 0.1529 0.1537 0.1549 0.1589 0.1779 0.2215 0.2447 0.1008
-7.000 3.000 35 0.0952 0.1245 0.1019 0.0749 0.0471 0.0217 0.0 0.0189 0.0359 0.1351 0.1149 0.0892 0.0611 0.0362 0.0238 0.0324 0.0485 0.1389 0.1228 0.1026 0.0806 0.0613 0.0534 0.06 0.0728 0.1412 0.1285 0.1127 0.0975 0.0848 0.083 0.0946 0.1049 0.1447 0.1349 0.1241 0.1128 0.1054 0.1113 0.1328 0.1409 0.1507 0.1437 0.1361 0.1285 0.1254 0.14 0.1724 0.1774 0.1584 0.1535 0.1487 0.1442 0.1451 0.1682 0.2087 0.2108 0.1658 0.1632 0.1609 0.1591 0.1637 0.1931 0.2371 0.2382 0.1037
-7.000 5.000 35 0.1058 0.1436 0.1207 0.0935 0.0656 0.0403 0.0189 0.0 0.0166 0.1568 0.1363 0.11 0.0809 0.0536 0.0323 0.0221 0.0283 0.16 0.143 0.1214 0.0971 0.0742 0.0585 0.0528 0.0526 0.16 0.1459 0.1291 0.1102 0.0952 0.089 0.0905 0.0842 0.1614 0.1499 0.1369 0.1243 0.1159 0.1217 0.1327 0.1188 0.1663 0.157 0.1476 0.1395 0.1386 0.157 0.1768 0.1536 0.1722 0.1663 0.1599 0.1564 0.1627 0.1926 0.2175 0.1856 0.1788 0.1756 0.1725 0.1735 0.1868 0.2246 0.25 0.2124 0.1145
-7.000 7.000 35 0.1231 0.1608 0.1376 0.1103 0.0824 0.0572 0.0359 0.0166 0.0 0.1768 0.156 0.1295 0.1001 0.0721 0.0486 0.0286 0.0168 0.1799 0.1626 0.1405 0.1155 0.0915 0.0721 0.054 0.0391 0.1787 0.164 0.1466 0.128 0.1112 0.1016 0.0875 0.0655 0.1789 0.1669 0.1535 0.141 0.1342 0.1354 0.1254 0.0931 0.1833 0.1744 0.1646 0.1579 0.1601 0.173 0.1642 0.1198 0.1893 0.1838 0.1792 0.1778 0.1888 0.2102 0.1984 0.1434 0.1972 0.1944 0.1943 0.1991 0.2174 0.242 0.2237 0.1623 0.131
-5.000 -7.000 35 0.0832 0.0179 0.0296 0.0531 0.0814 0.1098 0.1351 0.1568 0.1768 0.0 0.0196 0.0455 0.0766 0.1093 0.1395 0.1665 0.1926 0.0147 0.0244 0.0448 0.0717 0.1022 0.1331 0.1652 0.1997 0.0266 0.0343 0.0495 0.0709 0.0965 0.1245 0.1595 0.2016 0.0374 0.0449 0.0575 0.0751 0.0965 0.1211 0.1573 0.2037 0.0477 0.0555 0.0671 0.0827 0.1015 0.124 0.1613 0.2071 0.057 0.0654 0.0769 0.0915 0.1089 0.1301 0.166 0.2088 0.0653 0.0741 0.0856 0.0999 0.1163 0.1362 0.169 0.2059 0.0843
-5.000 -5.000 25 0.0755 0.0297 0.0242 0.0378 0.0632 0.0903 0.1149 0.1363 0.156 0.0196 0.0 0.0259 0.0567 0.0889 0.1186 0.1452 0.171 0.0246 0.0202 0.0325 0.057 0.0863 0.1163 0.1476 0.181 0.035 0.0355 0.0449 0.0629 0.0865 0.1133 0.1473 0.1879 0.0462 0.0488 0.0575 0.0718 0.091 0.1143 0.15 0.195 0.0571 0.0614 0.0703 0.083 0.0994 0.1206 0.158 0.2028 0.0673 0.0731 0.0824 0.0946 0.1096 0.1297 0.1667 0.2084 0.0765 0.0833 0.0932 0.1053 0.1196 0.1386 0.172 0.209 0.0789
-5.000 -3.000 25 0.0663 0.0538 0.038 0.0291 0.0422 0.066 0.0892 0.11 0.1295 0.0455 0.0259 0.0 0.0304 0.062 0.0911 0.1173 0.1428 0.0454 0.0326 0.0257 0.0394 0.0651 0.0931 0.1233 0.1554 0.0514 0.0455 0.045 0.0547 0.0733 0.097 0.1293 0.1676 0.0607 0.0589 0.0608 0.0695 0.0839 0.1043 0.1382 0.1807 0.0711 0.0721 0.0758 0.0843 0.0966 0.115 0.1519 0.1943 0.0814 0.0846 0.0898 0.0986 0.1101 0.1278 0.1653 0.205 0.0909 0.0957 0.1022 0.1116 0.1227 0.1399 0.1747 0.2106 0.0727
-5.000 -1.000 25 0.0596 0.0838 0.0643 0.0425 0.0303 0.0412 0.0611 0.0809 0.1001 0.0766 0.0567 0.0304 0.0 0.031 0.0596 0.0857 0.111 0.0726 0.0571 0.0393 0.0294 0.0422 0.0662 0.0947 0.1252 0.0744 0.064 0.0549 0.0521 0.0604 0.0781 0.1073 0.1423 0.0807 0.0744 0.0703 0.0703 0.0774 0.0925 0.1249 0.162 0.0891 0.0865 0.0855 0.0873 0.0941 0.1091 0.1443 0.1824 0.0985 0.0986 0.1001 0.1033 0.1104 0.1261 0.1638 0.1997 0.1077 0.1098 0.1132 0.1178 0.1253 0.1413 0.178 0.211 0.0686
-5.000 1.000 25 0.0607 0.1147 0.0931 0.0669 0.0414 0.0277 0.0362 0.0536 0.0721 0.1093 0.0889 0.062 0.031 0.0 0.0283 0.0545 0.0799 0.1023 0.0855 0.0644 0.042 0.0296 0.0409 0.0661 0.0945 0.1002 0.0873 0.0728 0.0598 0.0545 0.0622 0.0861 0.1161 0.1032 0.0938 0.0842 0.0768 0.0747 0.0839 0.1123 0.142 0.1095 0.1033 0.0976 0.0936 0.0935 0.1061 0.1409 0.1702 0.1174 0.114 0.1112 0.1098 0.1116 0.1277 0.1673 0.1948 0.1254 0.1244 0.124 0.1246 0.128 0.1464 0.1872 0.2132 0.0702
-5.000 3.000 25 0.0711 0.1423 0.1191 0.0909 0.0615 0.0362 0.0238 0.0323 0.0486 0.1395 0.1186 0.0911 0.0596 0.0283 0.0 0.0267 0.0519 0.1304 0.1129 0.0906 0.0649 0.0405 0.0287 0.0424 0.0661 0.1252 0.1107 0.0936 0.0755 0.0605 0.0576 0.0724 0.0922 0.1254 0.1138 0.1007 0.0883 0.0802 0.0854 0.108 0.124 0.1293 0.1207 0.1115 0.1032 0.1001 0.1139 0.1458 0.1577 0.1353 0.1296 0.1236 0.1188 0.1201 0.1419 0.1807 0.1887 0.1421 0.1387 0.1355 0.1337 0.1389 0.1666 0.208 0.2141 0.0791
-5.000 5.000 25 0.0907 0.1661 0.1419 0.1125 0.0818 0.054 0.0324 0.0221 0.0286 0.1665 0.1452 0.1173 0.0857 0.0545 0.0267 0.0 0.0241 0.1568 0.139 0.1164 0.0901 0.0638 0.0419 0.0306 0.039 0.1495 0.1344 0.1164 0.0969 0.0796 0.0696 0.068 0.0678 0.1478 0.1354 0.1215 0.1076 0.0989 0.1019 0.1098 0.1015 0.1505 0.1411 0.1311 0.1227 0.1217 0.1375 0.1534 0.1358 0.1559 0.1494 0.1433 0.14 0.1466 0.1731 0.1937 0.1672 0.1623 0.1589 0.1563 0.1579 0.1713 0.2047 0.2256 0.1935 0.0982
-5.000 7.000 35 0.1162 0.1882 0.163 0.1329 0.1015 0.0727 0.0485 0.0283 0.0168 0.1926 0.171 0.1428 0.111 0.0799 0.0519 0.0241 0.0 0.1833 0.1655 0.1429 0.1167 0.0901 0.0654 0.0393 0.0222 0.1754 0.1603 0.1424 0.1228 0.1049 0.0901 0.0691 0.0482 0.1735 0.1612 0.1475 0.1343 0.1243 0.1212 0.105 0.0756 0.1762 0.1672 0.1579 0.1506 0.1506 0.1568 0.1421 0.1019 0.1826 0.1772 0.1718 0.1705 0.1785 0.192 0.1747 0.125 0.1903 0.1882 0.188 0.1918 0.2059 0.2214 0.1987 0.1437 0.124
-3.000 -7.000 35 0.0665 0.0328 0.0434 0.0633 0.0886 0.115 0.1389 0.16 0.1799 0.0147 0.0246 0.0454 0.0726 0.1023 0.1304 0.1568 0.1833 0.0 0.0153 0.0352 0.0598 0.0876 0.1161 0.1466 0.1818 0.0122 0.0197 0.0351 0.0553 0.0787 0.1043 0.1372 0.1785 0.0233 0.0294 0.0415 0.0583 0.0783 0.1011 0.1351 0.1797 0.0337 0.0399 0.0506 0.0654 0.0833 0.1043 0.1387 0.1831 0.0431 0.0498 0.0601 0.0738 0.0902 0.1102 0.1439 0.1839 0.0514 0.0585 0.0687 0.0818 0.0973 0.1161 0.1462 0.1808 0.0672
-3.000 -5.000 25 0.0552 0.043 0.0451 0.0564 0.0771 0.1006 0.1228 0.143 0.1626 0.0244 0.0202 0.0326 0.0571 0.0855 0.1129 0.139 0.1655 0.0153 0.0 0.02 0.0445 0.0722 0.1004 0.1309 0.1659 0.0198 0.0157 0.025 0.0435 0.0664 0.0917 0.1246 0.1655 0.0296 0.0295 0.0366 0.0505 0.0691 0.0912 0.1254 0.1694 0.0403 0.0424 0.0494 0.0612 0.077 0.0969 0.1316 0.1756 0.0503 0.0542 0.0616 0.0726 0.0869 0.1056 0.1396 0.1794 0.0594 0.0645 0.0725 0.0833 0.0966 0.1142 0.1449 0.1793 0.0576
-3.000 -3.000 15 0.0419 0.0631 0.0566 0.056 0.0653 0.0835 0.1026 0.1214 0.1405 0.0448 0.0325 0.0257 0.0393 0.0644 0.0906 0.1164 0.1429 0.0352 0.02 0.0 0.0244 0.0518 0.0797 0.1101 0.145 0.0357 0.0251 0.0196 0.0302 0.0507 0.0751 0.1079 0.148 0.0423 0.037 0.036 0.0436 0.0584 0.0788 0.1126 0.1556 0.0516 0.0499 0.0514 0.0583 0.0703 0.0885 0.1227 0.1657 0.0614 0.0622 0.0656 0.0728 0.0835 0.1002 0.1347 0.1736 0.0706 0.0734 0.0782 0.0859 0.0961 0.1119 0.1435 0.177 0.0472
-3.000 -1.000 15 0.0306 0.0902 0.0786 0.0662 0.0612 0.0666 0.0806 0.0971 0.1155 0.0717 0.057 0.0394 0.0294 0.042 0.0649 0.0901 0.1167 0.0598 0.0445 0.0244 0.0 0.027 0.0546 0.0852 0.12 0.0568 0.0441 0.0303 0.0228 0.0338 0.0556 0.0877 0.1265 0.0604 0.0515 0.0439 0.0415 0.0487 0.0651 0.0979 0.1388 0.0677 0.0624 0.0588 0.0589 0.0651 0.0799 0.1147 0.1542 0.0761 0.074 0.0733 0.0752 0.0814 0.0961 0.131 0.1676 0.0847 0.0849 0.0865 0.0898 0.0963 0.1109 0.1441 0.1762 0.0394
-3.000 1.000 15 0.0318 0.1209 0.1054 0.0861 0.0677 0.0587 0.0613 0.0742 0.0915 0.1022 0.0863 0.0651 0.0422 0.0296 0.0405 0.0638 0.0901 0.0876 0.0722 0.0518 0.027 0.0 0.0276 0.0587 0.0935 0.0811 0.0674 0.0509 0.0337 0.0245 0.0365 0.0665 0.103 0.0818 0.0708 0.0589 0.0487 0.045 0.055 0.0848 0.1211 0.0866 0.079 0.071 0.0652 0.0641 0.076 0.1096 0.1426 0.0936 0.0886 0.0842 0.0813 0.0824 0.097 0.1336 0.1641 0.101 0.0986 0.0968 0.0962 0.099 0.1154 0.1522 0.1794 0.041
-3.000 3.000 15 0.0477 0.151 0.1325 0.1085 0.0831 0.0623 0.0534 0.0585 0.0721 0.1331 0.1163 0.0931 0.0662 0.0409 0.0287 0.0419 0.0654 0.1161 0.1004 0.0797 0.0546 0.0276 0.0 0.032 0.0659 0.1064 0.0921 0.0746 0.0549 0.0362 0.0284 0.0476 0.078 0.1046 0.0924 0.0784 0.064 0.0538 0.0563 0.0786 0.1033 0.1074 0.0979 0.0876 0.0779 0.0736 0.0849 0.1142 0.1326 0.1127 0.1059 0.0988 0.0932 0.0939 0.1128 0.1477 0.1607 0.1189 0.1146 0.1105 0.1082 0.1129 0.1373 0.1741 0.1839 0.0543
-3.000 5.000 25 0.0754 0.1809 0.16 0.1329 0.1038 0.0778 0.06 0.0528 0.054 0.1652 0.1476 0.1233 0.0947 0.0661 0.0424 0.0306 0.0393 0.1466 0.1309 0.1101 0.0852 0.0587 0.032 0.0 0.0312 0.1352 0.1209 0.1035 0.0837 0.064 0.047 0.037 0.0472 0.132 0.1197 0.1055 0.0908 0.0796 0.0767 0.0785 0.0773 0.134 0.1243 0.1137 0.1047 0.1017 0.1116 0.1217 0.1103 0.1391 0.1324 0.1257 0.1216 0.1264 0.1467 0.1613 0.1409 0.1453 0.1418 0.1389 0.1397 0.151 0.1776 0.1925 0.1664 0.081
-3.000 7.000 35 0.1107 0.2116 0.1884 0.1588 0.1269 0.0973 0.0728 0.0526 0.0391 0.1997 0.181 0.1554 0.1252 0.0945 0.0661 0.039 0.0222 0.1818 0.1659 0.145 0.12 0.0935 0.0659 0.0312 0.0 0.1696 0.1554 0.138 0.1184 0.0984 0.0774 0.0475 0.0257 0.1666 0.1545 0.1406 0.1261 0.1139 0.1032 0.0788 0.0526 0.1694 0.1602 0.1502 0.1412 0.1359 0.1347 0.1134 0.0785 0.1752 0.1691 0.1632 0.1595 0.1625 0.1664 0.1442 0.1013 0.1829 0.18 0.1778 0.1791 0.1869 0.1926 0.1669 0.1196 0.1164
-1.000 -7.000 35 0.0584 0.0446 0.0559 0.0737 0.0961 0.1199 0.1412 0.16 0.1787 0.0266 0.035 0.0514 0.0744 0.1002 0.1252 0.1495 0.1754 0.0122 0.0198 0.0357 0.0568 0.0811 0.1064 0.1352 0.1696 0.0 0.0131 0.0293 0.0487 0.0705 0.094 0.1248 0.1663 0.0112 0.0178 0.0313 0.0486 0.0684 0.0904 0.1234 0.1671 0.0216 0.0271 0.0381 0.0534 0.0714 0.0923 0.1258 0.1689 0.031 0.0366 0.0465 0.0601 0.0767 0.0963 0.1284 0.1676 0.0393 0.0452 0.0546 0.0672 0.0824 0.1008 0.1294 0.1619 0.058
-1.000 -5.000 25 0.0456 0.0544 0.0605 0.0722 0.0896 0.109 0.1285 0.1459 0.164 0.0343 0.0355 0.0455 0.064 0.0873 0.1107 0.1344 0.1603 0.0197 0.0157 0.0251 0.0441 0.0674 0.0921 0.1209 0.1554 0.0131 0.0 0.0163 0.0356 0.0574 0.0808 0.1118 0.1534 0.0178 0.014 0.0219 0.0376 0.0567 0.0786 0.1119 0.1554 0.0272 0.027 0.0333 0.0458 0.0623 0.0824 0.1162 0.1591 0.0368 0.0388 0.0451 0.056 0.0705 0.089 0.1213 0.1603 0.0457 0.0492 0.0559 0.066 0.0792 0.0963 0.1251 0.1575 0.046
-1.000 -3.000 15 0.0297 0.071 0.0715 0.0757 0.0845 0.0982 0.1127 0.1291 0.1466 0.0495 0.0449 0.045 0.0549 0.0728 0.0936 0.1164 0.1424 0.0351 0.025 0.0196 0.0303 0.0509 0.0746 0.1035 0.138 0.0293 0.0163 0.0 0.0193 0.0409 0.0643 0.0957 0.1373 0.0314 0.0219 0.0169 0.0256 0.0428 0.0641 0.0978 0.1409 0.0383 0.0334 0.0325 0.039 0.0521 0.0708 0.1047 0.147 0.0469 0.0453 0.0468 0.053 0.064 0.081 0.1132 0.1518 0.0554 0.0562 0.0595 0.066 0.0759 0.0913 0.1204 0.1525 0.0317
-1.000 -1.000 5 0.0115 0.0938 0.0899 0.0855 0.0848 0.0884 0.0975 0.1102 0.128 0.0709 0.0629 0.0547 0.0521 0.0598 0.0755 0.0969 0.1228 0.0553 0.0435 0.0302 0.0228 0.0337 0.0549 0.0837 0.1184 0.0487 0.0356 0.0193 0.0 0.0215 0.0449 0.0771 0.1188 0.049 0.0377 0.0257 0.0192 0.0284 0.0479 0.0818 0.1241 0.0538 0.0459 0.0391 0.037 0.0432 0.0589 0.0928 0.1338 0.0608 0.0562 0.0531 0.0535 0.0591 0.0735 0.1066 0.1433 0.0684 0.0665 0.0661 0.0682 0.0739 0.0875 0.1176 0.1486 0.018
-1.000 1.000 5 0.012 0.1213 0.1131 0.102 0.0907 0.0847 0.0848 0.0952 0.1112 0.0965 0.0865 0.0733 0.0604 0.0545 0.0605 0.0796 0.1049 0.0787 0.0664 0.0507 0.0338 0.0245 0.0362 0.064 0.0984 0.0705 0.0574 0.0409 0.0215 0.0 0.0239 0.0574 0.099 0.0692 0.0571 0.043 0.0284 0.0209 0.0328 0.0658 0.1061 0.0721 0.0626 0.0522 0.0432 0.0405 0.0514 0.084 0.1212 0.0775 0.0708 0.064 0.059 0.0589 0.0715 0.1049 0.1362 0.0837 0.0797 0.0759 0.0737 0.0756 0.0895 0.1219 0.1494 0.0187
-1.000 3.000 15 0.0345 0.1504 0.1393 0.1224 0.1039 0.0886 0.083 0.089 0.1016 0.1245 0.1133 0.097 0.0781 0.0622 0.0576 0.0696 0.0901 0.1043 0.0917 0.0751 0.0556 0.0365 0.0284 0.047 0.0774 0.094 0.0808 0.0643 0.0449 0.0239 0.0 0.0349 0.0748 0.0912 0.0788 0.064 0.0476 0.0326 0.0281 0.0512 0.0848 0.0927 0.0823 0.0703 0.0582 0.0507 0.0568 0.0824 0.1079 0.0966 0.0886 0.0801 0.0724 0.0706 0.0847 0.114 0.1316 0.1017 0.0962 0.0907 0.0869 0.0895 0.109 0.1394 0.1519 0.0371
-1.000 5.000 25 0.0675 0.1854 0.1713 0.1507 0.1278 0.1071 0.0946 0.0905 0.0875 0.1595 0.1473 0.1293 0.1073 0.0861 0.0724 0.068 0.0691 0.1372 0.1246 0.1079 0.0877 0.0665 0.0476 0.037 0.0475 0.1248 0.1118 0.0957 0.0771 0.0574 0.0349 0.0 0.0356 0.1218 0.1098 0.0953 0.0795 0.0644 0.051 0.0412 0.0512 0.1229 0.1128 0.1011 0.0895 0.082 0.0822 0.0838 0.0802 0.1265 0.1189 0.1107 0.1047 0.1047 0.1156 0.1227 0.1091 0.1322 0.1273 0.1228 0.121 0.1276 0.145 0.1533 0.1335 0.0694
-1.000 7.000 35 0.1086 0.2257 0.2083 0.1836 0.1552 0.1277 0.1049 0.0842 0.0655 0.2016 0.1879 0.1676 0.1423 0.1161 0.0922 0.0678 0.0482 0.1785 0.1655 0.148 0.1265 0.103 0.078 0.0472 0.0257 0.1663 0.1534 0.1373 0.1188 0.099 0.0748 0.0356 0.0 0.1627 0.1508 0.1365 0.1205 0.1046 0.0852 0.0515 0.0266 0.1644 0.1545 0.1429 0.131 0.1211 0.1099 0.0811 0.0521 0.1688 0.1614 0.1532 0.1459 0.1408 0.136 0.1095 0.0746 0.1743 0.1695 0.1647 0.1614 0.1618 0.1581 0.1309 0.0926 0.1109
1.000 -7.000 35 0.0571 0.0552 0.0677 0.0848 0.1054 0.1263 0.1447 0.1614 0.1789 0.0374 0.0462 0.0607 0.0807 0.1032 0.1254 0.1478 0.1735 0.0233 0.0296 0.0423 0.0604 0.0818 0.1046 0.132 0.1666 0.0112 0.0178 0.0314 0.049 0.0692 0.0912 0.1218 0.1627 0.0 0.0121 0.027 0.0446 0.0641 0.0855 0.1174 0.1621 0.0104 0.0165 0.029 0.0452 0.0636 0.0846 0.1177 0.16 0.0198 0.0248 0.035 0.0491 0.066 0.0858 0.117 0.1546 0.028 0.033 0.042 0.0544 0.0697 0.0878 0.1151 0.1464 0.0548
1.000 -5.000 25 0.0451 0.065 0.0736 0.0864 0.1023 0.1194 0.1349 0.1499 0.1669 0.0449 0.0488 0.0589 0.0744 0.0938 0.1138 0.1354 0.1612 0.0294 0.0295 0.037 0.0515 0.0708 0.0924 0.1197 0.1545 0.0178 0.014 0.0219 0.0377 0.0571 0.0788 0.1098 0.1508 0.0121 0.0 0.0149 0.0324 0.0519 0.0733 0.1056 0.1504 0.0165 0.013 0.0203 0.0349 0.0527 0.0735 0.1071 0.1492 0.0249 0.0248 0.0306 0.0422 0.0577 0.0768 0.1083 0.1459 0.0333 0.0351 0.0409 0.0509 0.0643 0.0815 0.1089 0.1402 0.0425
1.000 -3.000 15 0.031 0.0796 0.0845 0.0915 0.1009 0.1122 0.1241 0.1369 0.1535 0.0575 0.0575 0.0608 0.0703 0.0842 0.1007 0.1215 0.1475 0.0415 0.0366 0.036 0.0439 0.0589 0.0784 0.1055 0.1406 0.0313 0.0219 0.0169 0.0257 0.043 0.064 0.0953 0.1365 0.027 0.0149 0.0 0.0174 0.0368 0.0583 0.0912 0.1361 0.0291 0.0203 0.0157 0.0238 0.0398 0.0601 0.0941 0.136 0.0352 0.0307 0.03 0.0361 0.0484 0.0662 0.0979 0.1353 0.0425 0.041 0.0426 0.0484 0.0587 0.0743 0.1017 0.1329 0.0275
1.000 -1.000 5 0.0175 0.0991 0.1003 0.1012 0.1032 0.1066 0.1128 0.1243 0.141 0.0751 0.0718 0.0695 0.0703 0.0768 0.0883 0.1076 0.1343 0.0583 0.0505 0.0436 0.0415 0.0487 0.064 0.0908 0.1261 0.0486 0.0376 0.0256 0.0192 0.0284 0.0476 0.0795 0.1205 0.0446 0.0324 0.0174 0.0 0.0193 0.041 0.075 0.12 0.0453 0.0349 0.0238 0.0178 0.0264 0.0452 0.0797 0.1211 0.0494 0.0423 0.0361 0.0343 0.0403 0.0555 0.0874 0.1239 0.0552 0.0512 0.0485 0.049 0.0544 0.0677 0.0955 0.1259 0.0106
1.000 1.000 5 0.0182 0.1224 0.1205 0.1154 0.1093 0.1053 0.1054 0.1159 0.1342 0.0965 0.091 0.0839 0.0774 0.0747 0.0802 0.0989 0.1243 0.0783 0.0691 0.0584 0.0487 0.045 0.0538 0.0796 0.1139 0.0684 0.0567 0.0428 0.0284 0.0209 0.0326 0.0644 0.1046 0.0641 0.0519 0.0368 0.0193 0.0 0.0225 0.0584 0.1031 0.0638 0.0528 0.0398 0.0264 0.0197 0.0318 0.0659 0.1056 0.0663 0.0577 0.0484 0.0403 0.0381 0.0492 0.0805 0.1141 0.0706 0.0646 0.0587 0.0543 0.0548 0.0664 0.0948 0.121 0.0111
1.000 3.000 15 0.0365 0.149 0.1443 0.1347 0.1226 0.1126 0.1113 0.1217 0.1354 0.1211 0.1143 0.1043 0.0925 0.0839 0.0854 0.1019 0.1212 0.1011 0.0912 0.0788 0.0651 0.055 0.0563 0.0767 0.1032 0.0904 0.0786 0.0641 0.0479 0.0328 0.0281 0.051 0.0852 0.0855 0.0733 0.0583 0.041 0.0225 0.0 0.0374 0.0796 0.0845 0.0733 0.0599 0.045 0.0317 0.0286 0.0528 0.0855 0.0858 0.0766 0.0659 0.0553 0.0492 0.0562 0.08 0.1029 0.0887 0.0818 0.0745 0.0681 0.0673 0.0801 0.1039 0.1188 0.0326
1.000 5.000 25 0.0706 0.1877 0.1808 0.1679 0.1519 0.1388 0.1328 0.1327 0.1254 0.1573 0.15 0.1382 0.1249 0.1123 0.108 0.1098 0.105 0.1351 0.1254 0.1126 0.0979 0.0848 0.0786 0.0785 0.0788 0.1234 0.1119 0.0978 0.0818 0.0658 0.0512 0.0412 0.0515 0.1174 0.1056 0.0912 0.075 0.0584 0.0374 0.0 0.0369 0.1169 0.1062 0.0933 0.0792 0.0659 0.0529 0.042 0.0504 0.1178 0.109 0.0987 0.0886 0.0821 0.0813 0.08 0.0749 0.1203 0.1137 0.1067 0.1018 0.1013 0.1082 0.1098 0.0972 0.0677
1.000 7.000 35 0.1135 0.2338 0.2235 0.2059 0.1836 0.1614 0.1409 0.1188 0.0931 0.2037 0.195 0.1807 0.162 0.142 0.124 0.1015 0.0756 0.1797 0.1694 0.1556 0.1388 0.1211 0.1033 0.0773 0.0526 0.1671 0.1554 0.1409 0.1241 0.1061 0.0848 0.0512 0.0266 0.1621 0.1504 0.1361 0.12 0.1031 0.0796 0.0369 0.0 0.1604 0.1496 0.1366 0.1219 0.1069 0.0865 0.0504 0.0252 0.161 0.1519 0.1412 0.1297 0.119 0.1048 0.0743 0.0474 0.1629 0.1559 0.1478 0.1398 0.1318 0.1215 0.0942 0.0651 0.1113
3.000 -7.000 35 0.0602 0.0653 0.0789 0.0961 0.1155 0.1345 0.1507 0.1663 0.1833 0.0477 0.0571 0.0711 0.0891 0.1095 0.1293 0.1505 0.1762 0.0337 0.0403 0.0516 0.0677 0.0866 0.1074 0.134 0.1694 0.0216 0.0272 0.0383 0.0538 0.0721 0.0927 0.1229 0.1644 0.0104 0.0165 0.0291 0.0453 0.0638 0.0845 0.1169 0.1604 0.0 0.0111 0.0248 0.0411 0.0594 0.0798 0.1116 0.154 0.0094 0.0149 0.0263 0.041 0.058 0.0777 0.1079 0.1438 0.0176 0.022 0.031 0.0437 0.059 0.0769 0.103 0.1323 0.056
3.000 -5.000 25 0.0508 0.0754 0.086 0.0999 0.1153 0.1305 0.1437 0.157 0.1744 0.0555 0.0614 0.0721 0.0865 0.1033 0.1207 0.1411 0.1672 0.0399 0.0424 0.0499 0.0624 0.079 0.0979 0.1243 0.1602 0.0271 0.027 0.0334 0.0459 0.0626 0.0823 0.1128 0.1545 0.0165 0.013 0.0203 0.0349 0.0528 0.0733 0.1062 0.1496 0.0111 0.0 0.0137 0.03 0.0482 0.0687 0.1009 0.1434 0.0149 0.0118 0.0184 0.0318 0.0483 0.0678 0.0984 0.1343 0.0221 0.022 0.0273 0.0378 0.0518 0.0692 0.0955 0.1248 0.0457
3.000 -3.000 15 0.041 0.0891 0.0971 0.1063 0.1165 0.1265 0.1361 0.1476 0.1646 0.0671 0.0703 0.0758 0.0855 0.0976 0.1115 0.1311 0.1579 0.0506 0.0494 0.0514 0.0588 0.071 0.0876 0.1137 0.1502 0.0381 0.0333 0.0325 0.0391 0.0522 0.0703 0.1011 0.1429 0.029 0.0203 0.0157 0.0238 0.0398 0.0599 0.0933 0.1366 0.0248 0.0137 0.0 0.0162 0.0343 0.0549 0.0878 0.1303 0.0263 0.0184 0.0143 0.0218 0.0366 0.0558 0.0868 0.1226 0.0313 0.0273 0.0268 0.0324 0.0437 0.0599 0.0863 0.1156 0.0342
3.000 -1.000 15 0.0341 0.1067 0.1117 0.1161 0.1202 0.1237 0.1285 0.1395 0.1579 0.0827 0.083 0.0843 0.0873 0.0936 0.1032 0.1227 0.1506 0.0654 0.0612 0.0583 0.0589 0.0652 0.0779 0.1047 0.1412 0.0534 0.0458 0.039 0.037 0.0432 0.0582 0.0895 0.131 0.0452 0.0349 0.0238 0.0178 0.0264 0.045 0.0792 0.1219 0.0411 0.03 0.0162 0.0 0.018 0.0389 0.073 0.1155 0.0412 0.0318 0.0218 0.0164 0.0245 0.0422 0.0738 0.1092 0.0442 0.0379 0.0325 0.031 0.0366 0.0505 0.0769 0.1057 0.0248
3.000 1.000 15 0.0356 0.1273 0.1295 0.1291 0.1267 0.1243 0.1254 0.1386 0.1601 0.1015 0.0994 0.0966 0.0941 0.0935 0.1001 0.1217 0.1506 0.0833 0.077 0.0703 0.0651 0.0641 0.0736 0.1017 0.1359 0.0714 0.0623 0.0521 0.0432 0.0405 0.0507 0.082 0.1211 0.0636 0.0527 0.0398 0.0264 0.0197 0.0317 0.0659 0.1069 0.0594 0.0482 0.0343 0.018 0.0 0.0218 0.0576 0.0996 0.0583 0.0484 0.0366 0.0245 0.0184 0.03 0.0612 0.0954 0.0597 0.0521 0.0438 0.0366 0.0349 0.0448 0.0705 0.0972 0.0259
3.000 3.000 15 0.0496 0.152 0.152 0.1479 0.1413 0.1361 0.14 0.157 0.173 0.124 0.1206 0.115 0.1091 0.1061 0.1139 0.1375 0.1568 0.1043 0.0969 0.0885 0.0799 0.076 0.0849 0.1116 0.1347 0.0923 0.0824 0.0708 0.0589 0.0514 0.0568 0.0822 0.1099 0.0846 0.0735 0.0601 0.0452 0.0318 0.0286 0.0529 0.0865 0.0798 0.0687 0.0549 0.0389 0.0218 0.0 0.0369 0.076 0.0779 0.0679 0.0558 0.0423 0.0301 0.0272 0.0486 0.0766 0.078 0.0698 0.0603 0.0509 0.0455 0.0507 0.0689 0.0869 0.0412
3.000 5.000 25 0.0835 0.192 0.1917 0.1857 0.177 0.1711 0.1724 0.1768 0.1642 0.1613 0.158 0.1519 0.1443 0.1409 0.1458 0.1534 0.1421 0.1387 0.1316 0.1227 0.1147 0.1096 0.1142 0.1217 0.1134 0.1258 0.1162 0.1047 0.0928 0.084 0.0824 0.0838 0.0811 0.1177 0.1071 0.0941 0.0797 0.0659 0.0528 0.042 0.0504 0.1116 0.1009 0.0878 0.073 0.0576 0.0369 0.0 0.034 0.1096 0.1 0.0883 0.0753 0.0625 0.049 0.0373 0.0438 0.1087 0.1006 0.0913 0.0818 0.0746 0.0709 0.0665 0.0621 0.0753
3.000 7.000 35 0.1237 0.24 0.2364 0.2256 0.2104 0.1942 0.1774 0.1536 0.1198 0.2071 0.2028 0.1943 0.1824 0.1702 0.1577 0.1358 0.1019 0.1831 0.1756 0.1657 0.1542 0.1426 0.1326 0.1103 0.0785 0.1689 0.1591 0.147 0.1338 0.1212 0.1079 0.0802 0.0521 0.16 0.1492 0.136 0.1211 0.1056 0.0855 0.0504 0.0252 0.154 0.1434 0.1303 0.1155 0.0996 0.076 0.034 0.0 0.1495 0.1395 0.1273 0.1133 0.0982 0.0771 0.0435 0.0219 0.1468 0.1381 0.1276 0.1159 0.1037 0.0874 0.0603 0.0395 0.1168
5.000 -7.000 35 0.0657 0.0746 0.0892 0.1069 0.1258 0.1435 0.1584 0.1722 0.1893 0.057 0.0673 0.0814 0.0985 0.1174 0.1353 0.1559 0.1826 0.0431 0.0503 0.0614 0.0761 0.0936 0.1127 0.1391 0.1752 0.031 0.0368 0.0469 0.0608 0.0775 0.0966 0.1265 0.1688 0.0198 0.0249 0.0352 0.0494 0.0663 0.0858 0.1178 0.161 0.0094 0.0149 0.0263 0.0412 0.0583 0.0779 0.1096 0.1495 0.0 0.0099 0.0221 0.0367 0.0533 0.072 0.1005 0.1353 0.0082 0.013 0.0229 0.0358 0.051 0.0684 0.0931 0.1202 0.0601
5.000 -5.000 25 0.0594 0.0851 0.0975 0.1125 0.1279 0.142 0.1535 0.1663 0.1838 0.0654 0.0731 0.0846 0.0986 0.114 0.1296 0.1494 0.1772 0.0498 0.0542 0.0622 0.074 0.0886 0.1059 0.1324 0.1691 0.0366 0.0388 0.0453 0.0562 0.0708 0.0886 0.1189 0.1614 0.0248 0.0248 0.0307 0.0423 0.0577 0.0766 0.109 0.1519 0.0149 0.0118 0.0184 0.0318 0.0484 0.0679 0.1 0.1395 0.0099 0.0 0.0122 0.0268 0.0434 0.0622 0.091 0.1258 0.013 0.0102 0.0161 0.0279 0.0426 0.0599 0.0849 0.1119 0.0527
5.000 -3.000 25 0.0537 0.0986 0.109 0.1201 0.1312 0.1406 0.1487 0.1599 0.1792 0.0769 0.0824 0.0898 0.1001 0.1112 0.1236 0.1433 0.1718 0.0601 0.0616 0.0656 0.0733 0.0842 0.0988 0.1257 0.1632 0.0465 0.0451 0.0468 0.0531 0.064 0.0801 0.1107 0.1532 0.035 0.0306 0.03 0.0361 0.0484 0.0659 0.0987 0.1412 0.0263 0.0184 0.0143 0.0218 0.0366 0.0558 0.0883 0.1273 0.0221 0.0122 0.0 0.0146 0.031 0.05 0.0793 0.1141 0.023 0.0161 0.0125 0.0192 0.0324 0.0494 0.0746 0.1017 0.0455
5.000 -1.000 25 0.0505 0.1153 0.1231 0.1304 0.1361 0.1401 0.1442 0.1564 0.1778 0.0915 0.0946 0.0986 0.1033 0.1098 0.1188 0.14 0.1705 0.0738 0.0726 0.0728 0.0752 0.0813 0.0932 0.1216 0.1595 0.0601 0.056 0.053 0.0535 0.059 0.0724 0.1047 0.1459 0.0491 0.0422 0.0361 0.0343 0.0403 0.0553 0.0886 0.1297 0.041 0.0318 0.0218 0.0164 0.0245 0.0423 0.0753 0.1133 0.0367 0.0268 0.0146 0.0 0.0164 0.0356 0.0658 0.1004 0.0361 0.028 0.0192 0.0146 0.0218 0.0375 0.063 0.0898 0.0409
5.000 1.000 25 0.0529 0.1344 0.1397 0.1428 0.1432 0.1424 0.1451 0.1627 0.1888 0.1089 0.1096 0.1101 0.1104 0.1116 0.1201 0.1466 0.1785 0.0902 0.0869 0.0835 0.0814 0.0824 0.0939 0.1264 0.1625 0.0767 0.0705 0.064 0.0591 0.0589 0.0706 0.1047 0.1408 0.066 0.0577 0.0484 0.0403 0.0381 0.0492 0.0821 0.119 0.058 0.0483 0.0366 0.0245 0.0184 0.0301 0.0625 0.0982 0.0533 0.0434 0.031 0.0164 0.0 0.02 0.0515 0.0854 0.0514 0.0428 0.0325 0.0218 0.0165 0.0266 0.0515 0.0773 0.0429
5.000 3.000 25 0.0661 0.1576 0.1615 0.1617 0.1595 0.1586 0.1682 0.1926 0.2102 0.1301 0.1297 0.1278 0.1261 0.1277 0.1419 0.1731 0.192 0.1102 0.1056 0.1002 0.0961 0.097 0.1128 0.1467 0.1664 0.0963 0.089 0.081 0.0735 0.0715 0.0847 0.1156 0.136 0.0858 0.0768 0.0662 0.0555 0.0492 0.0562 0.0813 0.1048 0.0777 0.0678 0.0558 0.0422 0.03 0.0272 0.049 0.0771 0.072 0.0622 0.05 0.0356 0.02 0.0 0.0319 0.0633 0.0692 0.0604 0.0497 0.0378 0.0267 0.0233 0.0394 0.0605 0.056
5.000 5.000 25 0.0987 0.1973 0.201 0.2014 0.1991 0.2 0.2087 0.2175 0.1984 0.166 0.1667 0.1653 0.1638 0.1673 0.1807 0.1937 0.1747 0.1439 0.1396 0.1347 0.131 0.1336 0.1477 0.1613 0.1442 0.1284 0.1213 0.1132 0.1066 0.1049 0.114 0.1227 0.1095 0.117 0.1083 0.0979 0.0874 0.0805 0.08 0.08 0.0743 0.1079 0.0984 0.0868 0.0738 0.0612 0.0486 0.0373 0.0435 0.1005 0.091 0.0793 0.0658 0.0515 0.0319 0.0 0.0276 0.0966 0.088 0.0775 0.0655 0.0532 0.0398 0.0289 0.034 0.0881
5.000 7.000 35 0.1335 0.2424 0.2445 0.241 0.2324 0.2229 0.2108 0.1856 0.1434 0.2088 0.2084 0.205 0.1997 0.1948 0.1887 0.1672 0.125 0.1839 0.1794 0.1736 0.1676 0.1641 0.1607 0.1409 0.1013 0.1676 0.1603 0.1518 0.1433 0.1362 0.1316 0.1091 0.0746 0.1546 0.1459 0.1353 0.1239 0.1141 0.1029 0.0749 0.0474 0.1438 0.1343 0.1226 0.1092 0.0954 0.0766 0.0438 0.0219 0.1353 0.1258 0.1141 0.1004 0.0854 0.0633 0.0276 0.0 0.1281 0.119 0.1078 0.0947 0.08 0.0604 0.0335 0.0176 0.1229
7.000 -7.000 35 0.0723 0.0827 0.0985 0.1167 0.1355 0.1523 0.1658 0.1788 0.1972 0.0653 0.0765 0.0909 0.1077 0.1254 0.1421 0.1623 0.1903 0.0514 0.0594 0.0706 0.0847 0.101 0.1189 0.1453 0.1829 0.0393 0.0457 0.0554 0.0684 0.0837 0.1017 0.1322 0.1743 0.028 0.0333 0.0425 0.0552 0.0706 0.0887 0.1203 0.1629 0.0176 0.0221 0.0313 0.0442 0.0597 0.078 0.1087 0.1468 0.0082 0.013 0.023 0.0361 0.0514 0.0692 0.0966 0.1281 0.0 0.0084 0.0189 0.0315 0.046 0.0623 0.0852 0.1105 0.0657
7.000 -5.000 35 0.0687 0.0936 0.1076 0.1237 0.1394 0.1529 0.1632 0.1756 0.1944 0.0741 0.0833 0.0957 0.1098 0.1244 0.1387 0.1589 0.1882 0.0585 0.0645 0.0734 0.0849 0.0986 0.1146 0.1418 0.18 0.0452 0.0492 0.0562 0.0665 0.0797 0.0962 0.1273 0.1695 0.033 0.0351 0.041 0.0512 0.0646 0.0818 0.1137 0.1559 0.022 0.022 0.0273 0.0379 0.0521 0.0698 0.1006 0.1381 0.013 0.0102 0.0161 0.028 0.0428 0.0604 0.088 0.119 0.0084 0.0 0.0105 0.0231 0.0375 0.0539 0.077 0.1023 0.0611
7.000 -3.000 35 0.066 0.1072 0.1196 0.1325 0.1444 0.1537 0.1609 0.1725 0.1943 0.0856 0.0932 0.1022 0.1132 0.124 0.1355 0.1563 0.188 0.0687 0.0725 0.0782 0.0865 0.0968 0.1105 0.1389 0.1778 0.0546 0.0559 0.0595 0.0661 0.0759 0.0907 0.1228 0.1647 0.042 0.0409 0.0426 0.0485 0.0587 0.0745 0.1067 0.1478 0.031 0.0273 0.0268 0.0325 0.0438 0.0603 0.0913 0.1276 0.0229 0.0161 0.0125 0.0192 0.0325 0.0497 0.0775 0.1078 0.0189 0.0105 0.0 0.0126 0.0269 0.0434 0.0668 0.0919 0.0573
7.000 -1.000 35 0.0654 0.1234 0.1337 0.1433 0.1505 0.1549 0.1591 0.1735 0.1991 0.0999 0.1053 0.1116 0.1178 0.1246 0.1337 0.1579 0.1918 0.0818 0.0833 0.0859 0.0898 0.0962 0.1082 0.1397 0.1791 0.0672 0.066 0.066 0.0682 0.0737 0.0869 0.121 0.1614 0.0544 0.0509 0.0484 0.049 0.0543 0.0681 0.1018 0.1398 0.0437 0.0378 0.0324 0.031 0.0366 0.0509 0.0818 0.1159 0.0358 0.0279 0.0192 0.0146 0.0218 0.0378 0.0655 0.0947 0.0315 0.0231 0.0126 0.0 0.0143 0.031 0.0548 0.0797 0.0557
7.000 1.000 35 0.0688 0.1416 0.1496 0.1556 0.1582 0.1589 0.1637 0.1868 0.2174 0.1163 0.1196 0.1227 0.1253 0.128 0.1389 0.1713 0.2059 0.0973 0.0966 0.0961 0.0963 0.099 0.1129 0.151 0.1869 0.0824 0.0792 0.0759 0.0739 0.0756 0.0895 0.1276 0.1618 0.0697 0.0643 0.0587 0.0544 0.0548 0.0673 0.1013 0.1318 0.059 0.0518 0.0437 0.0366 0.0349 0.0455 0.0746 0.1037 0.051 0.0426 0.0324 0.0218 0.0165 0.0267 0.0532 0.08 0.046 0.0375 0.0269 0.0143 0.0 0.0172 0.0417 0.0661 0.0586
7.000 3.000 35 0.0817 0.1637 0.1704 0.1742 0.1753 0.1779 0.1931 0.2246 0.242 0.1362 0.1386 0.1399 0.1413 0.1464 0.1666 0.2047 0.2214 0.1161 0.1142 0.1119 0.1109 0.1154 0.1373 0.1776 0.1926 0.1008 0.0963 0.0913 0.0875 0.0895 0.109 0.145 0.1581 0.0878 0.0815 0.0743 0.0677 0.0664 0.0801 0.1082 0.1215 0.0769 0.0692 0.0599 0.0505 0.0448 0.0507 0.0709 0.0874 0.0684 0.0599 0.0494 0.0375 0.0266 0.0233 0.0398 0.0604 0.0623 0.0539 0.0434 0.031 0.0172 0.0 0.0244 0.0471 0.071
7.000 5.000 35 0.112 0.1999 0.2073 0.2119 0.2149 0.2215 0.2371 0.25 0.2237 0.169 0.172 0.1747 0.178 0.1872 0.208 0.2256 0.1987 0.1462 0.1449 0.1435 0.1441 0.1522 0.1741 0.1925 0.1669 0.1294 0.1251 0.1204 0.1176 0.1219 0.1394 0.1533 0.1309 0.1151 0.1089 0.1017 0.0955 0.0948 0.1039 0.1098 0.0942 0.103 0.0955 0.0863 0.0769 0.0705 0.0689 0.0665 0.0603 0.0931 0.0849 0.0746 0.063 0.0515 0.0394 0.0289 0.0335 0.0852 0.077 0.0668 0.0548 0.0417 0.0244 0.0 0.0204 0.0997
7.000 7.000 35 0.1408 0.2403 0.2466 0.249 0.2472 0.2447 0.2382 0.2124 0.1623 0.2059 0.209 0.2106 0.211 0.2132 0.2141 0.1935 0.1437 0.1808 0.1793 0.177 0.1762 0.1794 0.1839 0.1664 0.1196 0.1619 0.1575 0.1525 0.1486 0.1494 0.1519 0.1335 0.0926 0.1464 0.1402 0.1329 0.1259 0.121 0.1188 0.0972 0.0651 0.1323 0.1248 0.1156 0.1057 0.0972 0.0869 0.0621 0.0395 0.1202 0.1119 0.1017 0.0898 0.0773 0.0605 0.034 0.0176 0.1105 0.1023 0.0919 0.0797 0.0661 0.0471 0.0204 0.0 0.1291
0.500 0.000 0 0.01 0.1091 0.1076 0.1041 0.1013 0.1008 0.1037 0.1145 0.131 0.0843 0.0789 0.0727 0.0686 0.0702 0.0791 0.0982 0.124 0.0672 0.0576 0.0472 0.0394 0.041 0.0543 0.081 0.1164 0.058 0.046 0.0317 0.018 0.0187 0.0371 0.0694 0.1109 0.0548 0.0425 0.0275 0.0106 0.0111 0.0326 0.0677 0.1113 0.056 0.0457 0.0342 0.0248 0.0259 0.0412 0.0753 0.1168 0.0601 0.0527 0.0455 0.0409 0.0429 0.056 0.0881 0.1229 0.0657 0.0611 0.0573 0.0557 0.0586 0.071 0.0997 0.1291 0.0