n 66
m 2
tmax 37.5
Vmax 1.6
Vmin 1.4
kappa 1
dmax 52.5
-0.500 0.000 0 0.0 0.1392 0.1167 0.0918 0.0741 0.0655 0.0638 0.066 0.0695 0.1223 0.099 0.0724 0.0543 0.0479 0.05 0.056 0.0626 0.107 0.0821 0.0532 0.0327 0.029 0.0375 0.0483 0.0576 0.0976 0.0729 0.0422 0.0141 0.0127 0.0311 0.0462 0.0576 0.0986 0.0762 0.0482 0.0242 0.0222 0.0377 0.0529 0.0647 0.109 0.0904 0.069 0.0525 0.0491 0.0573 0.0688 0.079 0.1217 0.1095 0.0941 0.0827 0.0786 0.0814 0.088 0.0939 0.1332 0.126 0.116 0.108 0.1032 0.1019 0.1034 0.1046 0.0126
-7.000 -7.000 35 0.1392 0.0 0.0236 0.0508 0.0737 0.0912 0.1048 0.1157 0.1244 0.0208 0.0365 0.0628 0.0862 0.1037 0.117 0.1275 0.1358 0.0421 0.0594 0.0838 0.1051 0.1204 0.1318 0.1408 0.1477 0.0609 0.082 0.1064 0.1259 0.1402 0.1494 0.1564 0.1612 0.0773 0.102 0.1283 0.1491 0.1622 0.1705 0.1758 0.1786 0.0941 0.1218 0.1509 0.1741 0.1889 0.1975 0.2023 0.2032 0.1113 0.1411 0.1727 0.1989 0.216 0.226 0.2296 0.2286 0.1254 0.1564 0.1894 0.2176 0.2364 0.2472 0.25 0.2483 0.15
-7.000 -5.000 35 0.1167 0.0236 0.0 0.0259 0.0478 0.0646 0.078 0.0888 0.0974 0.0362 0.029 0.0411 0.0597 0.0755 0.0882 0.0985 0.1067 0.0586 0.0608 0.0691 0.0813 0.0924 0.102 0.1103 0.1169 0.0809 0.0906 0.0991 0.1071 0.1136 0.1198 0.1251 0.1293 0.1015 0.1167 0.1281 0.135 0.1391 0.1421 0.1447 0.1461 0.1226 0.1421 0.1572 0.1659 0.1696 0.171 0.1711 0.1696 0.1435 0.1666 0.1853 0.1967 0.2015 0.2019 0.1998 0.1953 0.1611 0.1866 0.2078 0.2217 0.2276 0.2272 0.2231 0.2157 0.1302
-7.000 -3.000 35 0.0918 0.0508 0.0259 0.0 0.0215 0.0384 0.0518 0.0627 0.0714 0.062 0.041 0.0272 0.0341 0.0475 0.0598 0.0702 0.0786 0.0817 0.0685 0.0584 0.058 0.0644 0.0725 0.0804 0.0872 0.1023 0.0972 0.0901 0.0855 0.086 0.0894 0.094 0.0981 0.1227 0.124 0.1204 0.1147 0.1115 0.1111 0.1122 0.1131 0.1445 0.1509 0.1514 0.147 0.1423 0.1391 0.1369 0.1345 0.1666 0.1772 0.182 0.1797 0.175 0.1699 0.1644 0.1585 0.1856 0.1992 0.2072 0.207 0.2027 0.1959 0.1872 0.1781 0.1055
-7.000 -1.000 35 0.0741 0.0737 0.0478 0.0215 0.0 0.0171 0.0307 0.0417 0.0506 0.0856 0.06 0.0342 0.0213 0.0265 0.0374 0.0476 0.0561 0.1022 0.081 0.0583 0.0457 0.0447 0.0501 0.0572 0.0637 0.1188 0.1043 0.0851 0.0716 0.0661 0.0667 0.07 0.0737 0.1373 0.1276 0.1125 0.0988 0.0905 0.0873 0.0869 0.0873 0.1569 0.1525 0.1419 0.1294 0.1197 0.1136 0.1097 0.1067 0.1777 0.1778 0.1714 0.1615 0.1511 0.1427 0.1355 0.1285 0.1957 0.1991 0.1961 0.1886 0.1779 0.1674 0.157 0.1464 0.0871
-7.000 1.000 35 0.0655 0.0912 0.0646 0.0384 0.0171 0.0 0.0138 0.0249 0.0338 0.1043 0.0768 0.0481 0.0266 0.0167 0.0212 0.0301 0.0384 0.1187 0.0934 0.0654 0.0451 0.0355 0.0353 0.04 0.0457 0.1329 0.1115 0.0865 0.0666 0.0556 0.052 0.0529 0.0554 0.1465 0.1312 0.1096 0.0905 0.0778 0.0715 0.069 0.0681 0.1636 0.1532 0.136 0.1186 0.1049 0.0961 0.0902 0.0858 0.1824 0.1765 0.1636 0.1483 0.1346 0.1233 0.114 0.106 0.1987 0.1962 0.1867 0.1735 0.16 0.1463 0.1337 0.1223 0.0771
-7.000 3.000 35 0.0638 0.1048 0.078 0.0518 0.0307 0.0138 0.0 0.0112 0.0202 0.1191 0.0907 0.0611 0.0378 0.0212 0.0135 0.0171 0.0243 0.1321 0.1048 0.0745 0.0509 0.0355 0.0284 0.0284 0.0321 0.1433 0.1195 0.0911 0.0678 0.0524 0.0442 0.0415 0.0419 0.1541 0.1352 0.1105 0.0881 0.0721 0.0621 0.0568 0.054 0.1691 0.1548 0.1342 0.1134 0.0969 0.0847 0.0764 0.0702 0.187 0.176 0.1596 0.141 0.1242 0.1101 0.0983 0.0886 0.2016 0.1938 0.1809 0.1641 0.1471 0.1313 0.1161 0.1032 0.0739
-7.000 5.000 35 0.066 0.1157 0.0888 0.0627 0.0417 0.0249 0.0112 0.0 0.009 0.1311 0.102 0.0721 0.0483 0.0303 0.0172 0.0109 0.0138 0.1432 0.1147 0.0835 0.0585 0.0405 0.0285 0.0228 0.0226 0.1521 0.1267 0.0969 0.072 0.0539 0.0419 0.0352 0.0326 0.1609 0.14 0.1135 0.0891 0.0707 0.0578 0.049 0.0439 0.1751 0.1578 0.1351 0.1121 0.0931 0.0782 0.0667 0.0586 0.1908 0.1779 0.1585 0.1376 0.118 0.101 0.0867 0.0752 0.204 0.194 0.1775 0.1584 0.1385 0.1194 0.1026 0.088 0.0745
-7.000 7.000 35 0.0695 0.1244 0.0974 0.0714 0.0506 0.0338 0.0202 0.009 0.0 0.1408 0.1113 0.0812 0.0572 0.0388 0.0245 0.0138 0.0087 0.1522 0.123 0.0914 0.0658 0.0467 0.0325 0.0227 0.0179 0.1595 0.1332 0.1027 0.0768 0.0573 0.0429 0.033 0.0272 0.1668 0.1448 0.1173 0.0919 0.0715 0.0562 0.0449 0.0372 0.18 0.1616 0.1374 0.1129 0.0916 0.0743 0.0605 0.0502 0.1948 0.1801 0.1592 0.1361 0.1142 0.0946 0.078 0.0651 0.2074 0.1944 0.1762 0.1542 0.1318 0.1102 0.0912 0.0762 0.077
-5.000 -7.000 35 0.1223 0.0208 0.0362 0.062 0.0856 0.1043 0.1191 0.1311 0.1408 0.0 0.0269 0.06 0.0885 0.1094 0.1252 0.1375 0.1472 0.0208 0.0377 0.0673 0.0952 0.1161 0.1318 0.1439 0.1532 0.0392 0.0566 0.0829 0.1083 0.128 0.1427 0.1539 0.1621 0.0554 0.0754 0.101 0.1252 0.1449 0.1592 0.1696 0.1764 0.0723 0.095 0.1218 0.1472 0.1672 0.1819 0.1919 0.1976 0.0895 0.1141 0.1425 0.1693 0.1904 0.2054 0.2154 0.2198 0.1036 0.1294 0.1586 0.186 0.2075 0.223 0.2313 0.2342 0.1309
-5.000 -5.000 25 0.099 0.0365 0.029 0.041 0.06 0.0768 0.0907 0.102 0.1113 0.0269 0.0 0.0314 0.0583 0.0784 0.0937 0.1058 0.1154 0.0376 0.0311 0.0455 0.0676 0.0862 0.1007 0.1122 0.1212 0.0566 0.0601 0.071 0.0866 0.1008 0.1127 0.1225 0.1298 0.076 0.0859 0.098 0.1105 0.1216 0.1311 0.1388 0.1441 0.0966 0.1111 0.1261 0.1388 0.1489 0.157 0.1627 0.1658 0.1172 0.1355 0.1533 0.1676 0.178 0.1848 0.1884 0.1891 0.1344 0.1554 0.1752 0.1909 0.2014 0.2068 0.2085 0.2064 0.1102
-5.000 -3.000 25 0.0724 0.0628 0.0411 0.0272 0.0342 0.0481 0.0611 0.0721 0.0812 0.06 0.0314 0.0 0.0262 0.0462 0.0615 0.0738 0.0835 0.0666 0.0453 0.0307 0.0389 0.0542 0.0679 0.0793 0.0883 0.0815 0.0701 0.0618 0.063 0.0709 0.0803 0.0891 0.0961 0.0989 0.0957 0.0918 0.0908 0.0939 0.0994 0.1049 0.1093 0.1195 0.1224 0.1227 0.1223 0.1231 0.1255 0.1283 0.1299 0.1409 0.1485 0.153 0.1542 0.1545 0.1547 0.1542 0.1524 0.1593 0.1702 0.1781 0.1807 0.1808 0.179 0.1752 0.1703 0.0851
-5.000 -1.000 25 0.0543 0.0862 0.0597 0.0341 0.0213 0.0266 0.0378 0.0483 0.0572 0.0885 0.0583 0.0262 0.0 0.0202 0.0358 0.0483 0.0582 0.0934 0.0671 0.0389 0.0242 0.0299 0.0418 0.053 0.0621 0.1039 0.0845 0.0625 0.0498 0.049 0.0549 0.0625 0.0693 0.1173 0.1051 0.0889 0.077 0.0727 0.074 0.0779 0.0814 0.1362 0.1291 0.1181 0.1076 0.1016 0.0997 0.0998 0.1002 0.156 0.1539 0.1475 0.1396 0.1326 0.1281 0.1248 0.1214 0.1733 0.175 0.1721 0.1665 0.1589 0.1521 0.1454 0.1382 0.0671
-5.000 1.000 25 0.0479 0.1037 0.0755 0.0475 0.0265 0.0167 0.0212 0.0303 0.0388 0.1094 0.0784 0.0462 0.0202 0.0 0.0159 0.0286 0.0386 0.114 0.0857 0.0543 0.0299 0.0186 0.0234 0.0331 0.042 0.1213 0.0978 0.0703 0.049 0.0386 0.0384 0.0433 0.0491 0.1323 0.1137 0.0913 0.0722 0.061 0.0575 0.0584 0.0607 0.1476 0.135 0.117 0.1001 0.0882 0.0821 0.0793 0.0779 0.1653 0.1576 0.1442 0.1297 0.1179 0.1091 0.1028 0.0978 0.1807 0.1767 0.167 0.1547 0.1432 0.1318 0.1221 0.1136 0.0594
-5.000 3.000 25 0.05 0.117 0.0882 0.0598 0.0374 0.0212 0.0135 0.0172 0.0245 0.1252 0.0937 0.0615 0.0358 0.0159 0.0 0.0128 0.023 0.1298 0.1006 0.0683 0.042 0.0234 0.0148 0.0187 0.0263 0.1351 0.1097 0.08 0.0551 0.0385 0.0306 0.0305 0.034 0.1436 0.1228 0.0969 0.0738 0.0577 0.0486 0.0455 0.0453 0.1571 0.1411 0.1196 0.0986 0.0824 0.0714 0.0652 0.0614 0.173 0.1614 0.1444 0.1257 0.1095 0.0968 0.087 0.0797 0.1876 0.1783 0.1649 0.1483 0.1321 0.1179 0.1047 0.0941 0.0596
-5.000 5.000 25 0.056 0.1275 0.0985 0.0702 0.0476 0.0301 0.0171 0.0109 0.0138 0.1375 0.1058 0.0738 0.0483 0.0286 0.0128 0.0 0.0102 0.1424 0.1126 0.0801 0.0534 0.0333 0.0187 0.0118 0.0147 0.1463 0.12 0.0894 0.0632 0.0437 0.0307 0.0242 0.0236 0.1532 0.1311 0.1036 0.0787 0.0593 0.0461 0.038 0.0347 0.1657 0.1478 0.1242 0.1006 0.0811 0.0664 0.0559 0.0496 0.1813 0.1664 0.1467 0.1252 0.1055 0.089 0.076 0.0662 0.1932 0.1819 0.1645 0.1451 0.1252 0.107 0.0917 0.0789 0.0637
-5.000 7.000 35 0.0626 0.1358 0.1067 0.0786 0.0561 0.0384 0.0243 0.0138 0.0087 0.1472 0.1154 0.0835 0.0582 0.0386 0.023 0.0102 0.0 0.1524 0.1223 0.0897 0.0629 0.0424 0.0265 0.0148 0.0092 0.1554 0.1286 0.0977 0.0709 0.0501 0.0345 0.0238 0.0184 0.1614 0.1384 0.1102 0.084 0.0631 0.0467 0.0353 0.0284 0.1734 0.1543 0.1294 0.1042 0.082 0.0643 0.0509 0.0415 0.1881 0.1721 0.1499 0.1262 0.1037 0.084 0.0682 0.0565 0.1984 0.1849 0.1656 0.1428 0.1202 0.099 0.081 0.0675 0.0691
-3.000 -7.000 35 0.107 0.0421 0.0586 0.0817 0.1022 0.1187 0.1321 0.1432 0.1522 0.0208 0.0376 0.0666 0.0934 0.114 0.1298 0.1424 0.1524 0.0 0.0256 0.0591 0.09 0.1132 0.1305 0.1439 0.1542 0.0183 0.0337 0.0625 0.0919 0.1157 0.134 0.1479 0.1582 0.0347 0.0503 0.0756 0.1031 0.1268 0.1456 0.1599 0.1699 0.0519 0.0695 0.0942 0.1209 0.1453 0.1649 0.1796 0.1894 0.0691 0.0886 0.1138 0.1407 0.1646 0.184 0.1981 0.207 0.0832 0.1039 0.1293 0.1555 0.1784 0.1964 0.2098 0.217 0.1124
-3.000 -5.000 25 0.0821 0.0594 0.0608 0.0685 0.081 0.0934 0.1048 0.1147 0.123 0.0377 0.0311 0.0453 0.0671 0.0857 0.1006 0.1126 0.1223 0.0256 0.0 0.032 0.0613 0.0835 0.1002 0.1132 0.1232 0.0338 0.0287 0.0437 0.0677 0.0888 0.1055 0.1186 0.1283 0.0508 0.0544 0.067 0.0855 0.1036 0.1192 0.1315 0.1403 0.0707 0.0798 0.0939 0.1104 0.1268 0.1412 0.1525 0.1601 0.0908 0.1043 0.1203 0.1369 0.1523 0.165 0.1743 0.1799 0.1077 0.1241 0.1416 0.1584 0.1727 0.1832 0.1898 0.1933 0.0899
-3.000 -3.000 15 0.0532 0.0838 0.0691 0.0584 0.0583 0.0654 0.0745 0.0835 0.0914 0.0673 0.0455 0.0307 0.0389 0.0543 0.0683 0.0801 0.0897 0.0591 0.032 0.0 0.0282 0.05 0.0667 0.0797 0.0899 0.0621 0.0435 0.0307 0.0403 0.0574 0.0728 0.0853 0.0948 0.0751 0.0662 0.0607 0.0649 0.0755 0.0875 0.0982 0.1062 0.0938 0.0923 0.0916 0.095 0.1021 0.1112 0.1192 0.1252 0.1142 0.1182 0.1219 0.1259 0.1314 0.1375 0.1426 0.1455 0.1319 0.1397 0.1467 0.1515 0.1558 0.1592 0.1606 0.1601 0.0637
-3.000 -1.000 15 0.0327 0.1051 0.0813 0.058 0.0457 0.0451 0.0509 0.0585 0.0658 0.0952 0.0676 0.0389 0.0242 0.0299 0.042 0.0534 0.0629 0.09 0.0613 0.0282 0.0 0.0219 0.0388 0.0521 0.0624 0.09 0.0667 0.0402 0.0256 0.0321 0.0452 0.0572 0.0666 0.0993 0.0829 0.0639 0.0528 0.0535 0.0609 0.0697 0.0771 0.115 0.1051 0.0926 0.0836 0.0817 0.085 0.0904 0.0948 0.1341 0.1291 0.1218 0.1155 0.112 0.1122 0.1137 0.1145 0.1503 0.1496 0.1461 0.1421 0.1376 0.1349 0.1326 0.1294 0.0451
-3.000 1.000 15 0.029 0.1204 0.0924 0.0644 0.0447 0.0355 0.0355 0.0405 0.0467 0.1161 0.0862 0.0542 0.0299 0.0186 0.0234 0.0333 0.0424 0.1132 0.0835 0.05 0.0219 0.0 0.0171 0.0306 0.0411 0.1121 0.0869 0.0569 0.032 0.02 0.0253 0.0357 0.0448 0.1188 0.0986 0.0738 0.0532 0.0426 0.0429 0.0484 0.0545 0.1331 0.1173 0.098 0.0806 0.0701 0.0671 0.0685 0.0711 0.1492 0.1391 0.1243 0.1099 0.0998 0.0938 0.0912 0.09 0.1631 0.1571 0.1464 0.1346 0.1248 0.116 0.1097 0.1046 0.0403
-3.000 3.000 15 0.0375 0.1318 0.102 0.0725 0.0501 0.0353 0.0284 0.0285 0.0325 0.1318 0.1007 0.0679 0.0418 0.0234 0.0148 0.0187 0.0265 0.1305 0.1002 0.0667 0.0388 0.0171 0.0 0.0136 0.0241 0.1291 0.103 0.0722 0.0451 0.0253 0.0159 0.02 0.0278 0.1345 0.1126 0.0854 0.0606 0.043 0.0342 0.0339 0.0374 0.1476 0.1297 0.1062 0.084 0.0673 0.0573 0.0535 0.0531 0.1619 0.1484 0.1298 0.1101 0.0939 0.0827 0.0752 0.0709 0.1737 0.1636 0.149 0.1319 0.1161 0.1035 0.0925 0.0847 0.0459
-3.000 5.000 25 0.0483 0.1408 0.1103 0.0804 0.0572 0.04 0.0284 0.0228 0.0227 0.1439 0.1122 0.0793 0.053 0.0331 0.0187 0.0118 0.0148 0.1439 0.1132 0.0797 0.0521 0.0306 0.0136 0.0 0.0106 0.1425 0.116 0.0849 0.0574 0.0358 0.02 0.0124 0.0153 0.1475 0.1247 0.0965 0.07 0.0489 0.0342 0.0265 0.0256 0.1601 0.1407 0.1155 0.0905 0.0695 0.0542 0.0447 0.0405 0.1734 0.1575 0.1362 0.1135 0.0928 0.0763 0.0647 0.057 0.1841 0.1701 0.1521 0.1318 0.1115 0.0938 0.0803 0.0694 0.0548
-3.000 7.000 35 0.0576 0.1477 0.1169 0.0872 0.0637 0.0457 0.0321 0.0226 0.0179 0.1532 0.1212 0.0883 0.0621 0.042 0.0263 0.0147 0.0092 0.1542 0.1232 0.0899 0.0624 0.0411 0.0241 0.0106 0.0 0.153 0.1262 0.0949 0.0673 0.0453 0.028 0.0153 0.0093 0.1579 0.1346 0.1059 0.0786 0.0559 0.0381 0.0259 0.0195 0.1705 0.1502 0.1239 0.0972 0.0739 0.0548 0.0412 0.0329 0.1831 0.1657 0.1424 0.1173 0.0937 0.0736 0.0581 0.0478 0.1918 0.1765 0.155 0.1316 0.1085 0.0875 0.0705 0.0587 0.0631
-1.000 -7.000 35 0.0976 0.0609 0.0809 0.1023 0.1188 0.1329 0.1433 0.1521 0.1595 0.0392 0.0566 0.0815 0.1039 0.1213 0.1351 0.1463 0.1554 0.0183 0.0338 0.0621 0.09 0.1121 0.1291 0.1425 0.153 0.0 0.0224 0.0533 0.0844 0.1099 0.1296 0.1449 0.1563 0.0168 0.0305 0.0574 0.0877 0.1147 0.1368 0.154 0.1666 0.0344 0.0481 0.0723 0.1011 0.1287 0.1523 0.1709 0.1843 0.0517 0.0668 0.0898 0.1166 0.1437 0.1667 0.1847 0.1974 0.0656 0.0818 0.104 0.1294 0.1533 0.1739 0.1897 0.2004 0.1
-1.000 -5.000 25 0.0729 0.082 0.0906 0.0972 0.1043 0.1115 0.1195 0.1267 0.1332 0.0566 0.0601 0.0701 0.0845 0.0978 0.1097 0.12 0.1286 0.0337 0.0287 0.0435 0.0667 0.0869 0.103 0.116 0.1262 0.0224 0.0 0.0298 0.0596 0.084 0.1031 0.1179 0.1291 0.0306 0.0261 0.0412 0.0667 0.0912 0.1117 0.1279 0.1397 0.0486 0.0519 0.0651 0.0862 0.1088 0.1291 0.1456 0.1574 0.0678 0.0763 0.0903 0.1091 0.1289 0.1476 0.1623 0.1725 0.0841 0.096 0.1108 0.1282 0.1458 0.1607 0.1721 0.1796 0.0765
-1.000 -3.000 15 0.0422 0.1064 0.0991 0.0901 0.0851 0.0865 0.0911 0.0969 0.1027 0.0829 0.071 0.0618 0.0625 0.0703 0.08 0.0894 0.0977 0.0625 0.0437 0.0307 0.0402 0.0569 0.0722 0.0849 0.0949 0.0533 0.0298 0.0 0.0287 0.0525 0.0712 0.086 0.097 0.0574 0.041 0.0302 0.0416 0.0617 0.0805 0.0958 0.1071 0.0724 0.0647 0.0614 0.0685 0.0832 0.0994 0.1135 0.1241 0.0906 0.0897 0.0915 0.0977 0.1087 0.121 0.1323 0.1403 0.1069 0.1107 0.116 0.1221 0.1305 0.1392 0.1458 0.1501 0.0474
-1.000 -1.000 5 0.0141 0.1259 0.1071 0.0855 0.0716 0.0666 0.0678 0.072 0.0768 0.1083 0.0866 0.063 0.0498 0.049 0.0551 0.0632 0.0709 0.0919 0.0677 0.0403 0.0256 0.032 0.0451 0.0574 0.0673 0.0844 0.0596 0.0287 0.0 0.0236 0.0425 0.0573 0.0684 0.0863 0.0658 0.0414 0.0275 0.0358 0.0516 0.066 0.0771 0.0988 0.0842 0.0676 0.0586 0.0615 0.0719 0.0834 0.0928 0.1142 0.1059 0.0959 0.0902 0.0903 0.0961 0.1031 0.1093 0.1289 0.1249 0.1197 0.1164 0.1148 0.1166 0.1192 0.1206 0.0234
-1.000 1.000 5 0.0127 0.1402 0.1136 0.086 0.0661 0.0556 0.0524 0.0539 0.0573 0.128 0.1008 0.0709 0.049 0.0386 0.0385 0.0437 0.0501 0.1157 0.0888 0.0574 0.0321 0.02 0.0253 0.0358 0.0453 0.1099 0.084 0.0525 0.0236 0.0 0.019 0.0339 0.0451 0.1112 0.0889 0.061 0.0357 0.023 0.0294 0.0417 0.0523 0.1223 0.1041 0.0813 0.061 0.0507 0.0518 0.0591 0.0667 0.1362 0.1219 0.1051 0.0892 0.0802 0.0774 0.0797 0.0829 0.1472 0.1384 0.1255 0.1131 0.1047 0.0988 0.0965 0.0956 0.0213
-1.000 3.000 15 0.0311 0.1494 0.1198 0.0894 0.0667 0.052 0.0442 0.0419 0.0429 0.1427 0.1127 0.0803 0.0549 0.0384 0.0306 0.0307 0.0345 0.134 0.1055 0.0728 0.0452 0.0253 0.0159 0.02 0.028 0.1296 0.1031 0.0712 0.0425 0.019 0.0 0.015 0.0263 0.1315 0.1083 0.0793 0.0514 0.0294 0.0187 0.0234 0.0323 0.1424 0.1223 0.0966 0.0713 0.0519 0.042 0.0417 0.0462 0.1546 0.1382 0.1162 0.0949 0.0774 0.0672 0.0626 0.0624 0.1628 0.1501 0.1333 0.1147 0.0987 0.0876 0.0792 0.0749 0.0358
-1.000 5.000 25 0.0462 0.1564 0.1251 0.094 0.07 0.0529 0.0415 0.0352 0.033 0.1539 0.1225 0.0891 0.0625 0.0433 0.0305 0.0242 0.0238 0.1479 0.1186 0.0853 0.0572 0.0357 0.02 0.0124 0.0153 0.1449 0.1179 0.086 0.0573 0.0339 0.015 0.0 0.0113 0.1479 0.1242 0.0947 0.0661 0.042 0.0235 0.0145 0.0176 0.1592 0.138 0.1109 0.0834 0.0596 0.042 0.0329 0.0316 0.1702 0.152 0.1282 0.1026 0.0804 0.0631 0.0528 0.0475 0.1759 0.1605 0.1404 0.1184 0.0972 0.0798 0.0679 0.0594 0.0503
-1.000 7.000 35 0.0576 0.1612 0.1293 0.0981 0.0737 0.0554 0.0419 0.0326 0.0272 0.1621 0.1298 0.0961 0.0693 0.0491 0.034 0.0236 0.0184 0.1582 0.1283 0.0948 0.0666 0.0448 0.0278 0.0153 0.0093 0.1563 0.1291 0.097 0.0684 0.0451 0.0263 0.0113 0.0 0.1605 0.1365 0.1067 0.0778 0.053 0.0327 0.0177 0.0105 0.1726 0.1508 0.1228 0.0941 0.0682 0.0469 0.0319 0.0242 0.1828 0.1632 0.1377 0.1105 0.0847 0.0636 0.048 0.0391 0.186 0.1686 0.146 0.1211 0.0971 0.0758 0.0597 0.0495 0.0619
1.000 -7.000 35 0.0986 0.0773 0.1015 0.1227 0.1373 0.1465 0.1541 0.1609 0.1668 0.0554 0.076 0.0989 0.1173 0.1323 0.1436 0.1532 0.1614 0.0347 0.0508 0.0751 0.0993 0.1188 0.1345 0.1475 0.1579 0.0168 0.0306 0.0574 0.0863 0.1112 0.1315 0.1479 0.1605 0.0 0.0216 0.0513 0.0837 0.1131 0.1377 0.1575 0.1723 0.0176 0.0307 0.0571 0.0887 0.1195 0.1465 0.1684 0.1849 0.0346 0.0468 0.0695 0.0978 0.1266 0.1526 0.1736 0.1893 0.0482 0.061 0.0811 0.1054 0.1312 0.1539 0.172 0.1851 0.098
1.000 -5.000 25 0.0762 0.102 0.1167 0.124 0.1276 0.1312 0.1352 0.14 0.1448 0.0754 0.0859 0.0957 0.1051 0.1137 0.1228 0.1311 0.1384 0.0503 0.0544 0.0662 0.0829 0.0986 0.1126 0.1247 0.1346 0.0305 0.0261 0.041 0.0658 0.0889 0.1083 0.1242 0.1365 0.0216 0.0 0.0291 0.0606 0.0891 0.113 0.1323 0.1468 0.0308 0.0259 0.0412 0.0687 0.0973 0.1228 0.1437 0.1593 0.0473 0.05 0.0628 0.0848 0.1094 0.1325 0.1516 0.1658 0.0623 0.0693 0.0819 0.1 0.1198 0.1392 0.1545 0.1655 0.0748
1.000 -3.000 15 0.0482 0.1283 0.1281 0.1204 0.1125 0.1096 0.1105 0.1135 0.1173 0.101 0.098 0.0918 0.0889 0.0913 0.0969 0.1036 0.1102 0.0756 0.067 0.0607 0.0639 0.0738 0.0854 0.0965 0.1059 0.0574 0.0412 0.0302 0.0414 0.061 0.0793 0.0947 0.1067 0.0513 0.0291 0.0 0.0306 0.0584 0.0818 0.1008 0.115 0.0572 0.0411 0.0312 0.0446 0.0687 0.0923 0.112 0.127 0.0702 0.0628 0.0608 0.0695 0.0869 0.1058 0.1224 0.1351 0.0834 0.0823 0.0848 0.0919 0.1041 0.1173 0.1295 0.1382 0.0449
1.000 -1.000 5 0.0242 0.1491 0.135 0.1147 0.0988 0.0905 0.0881 0.0891 0.0919 0.1252 0.1105 0.0908 0.077 0.0722 0.0738 0.0787 0.084 0.1031 0.0855 0.0649 0.0528 0.0532 0.0606 0.07 0.0786 0.0877 0.0667 0.0416 0.0275 0.0357 0.0514 0.0661 0.0778 0.0837 0.0606 0.0306 0.0 0.0274 0.0507 0.0696 0.0837 0.0881 0.0681 0.0445 0.0309 0.0416 0.0616 0.08 0.0944 0.0977 0.084 0.069 0.0619 0.0664 0.0791 0.0926 0.1037 0.1072 0.0996 0.0912 0.0873 0.0887 0.0954 0.1027 0.1094 0.0156
1.000 1.000 5 0.0222 0.1622 0.1391 0.1115 0.0905 0.0778 0.0721 0.0707 0.0715 0.1449 0.1216 0.0939 0.0727 0.061 0.0577 0.0593 0.0631 0.1268 0.1036 0.0755 0.0535 0.0426 0.043 0.0489 0.0559 0.1147 0.0912 0.0617 0.0358 0.023 0.0294 0.042 0.053 0.1131 0.0891 0.0584 0.0274 0.0 0.0232 0.042 0.0562 0.1173 0.0956 0.0681 0.0415 0.0277 0.0361 0.0517 0.0653 0.1243 0.1069 0.0856 0.066 0.0564 0.0581 0.0668 0.0756 0.1308 0.1174 0.1023 0.0881 0.0801 0.0776 0.08 0.0832 0.0144
1.000 3.000 15 0.0377 0.1705 0.1421 0.1111 0.0873 0.0715 0.0621 0.0578 0.0562 0.1592 0.1311 0.0994 0.074 0.0575 0.0486 0.0461 0.0467 0.1456 0.1192 0.0875 0.0609 0.0429 0.0342 0.0342 0.0381 0.1368 0.1117 0.0805 0.0516 0.0294 0.0187 0.0235 0.0327 0.1377 0.113 0.0818 0.0507 0.0232 0.0 0.0188 0.0329 0.1426 0.12 0.0911 0.0613 0.0361 0.0233 0.0294 0.0409 0.1478 0.1284 0.1037 0.0786 0.0581 0.0478 0.0474 0.0527 0.1509 0.1352 0.1147 0.0946 0.0775 0.0673 0.0625 0.0622 0.036
1.000 5.000 25 0.0529 0.1758 0.1447 0.1122 0.0869 0.069 0.0568 0.049 0.0449 0.1696 0.1388 0.1049 0.0779 0.0584 0.0455 0.038 0.0353 0.1599 0.1315 0.0982 0.0697 0.0484 0.0339 0.0265 0.0259 0.154 0.1279 0.0958 0.066 0.0417 0.0234 0.0145 0.0177 0.1575 0.1323 0.1008 0.0696 0.042 0.0188 0.0 0.0142 0.1636 0.1404 0.1108 0.0799 0.0519 0.0295 0.0184 0.0225 0.1675 0.1468 0.1203 0.0923 0.0669 0.0475 0.0376 0.0361 0.1674 0.1495 0.1268 0.102 0.08 0.0625 0.052 0.0467 0.0539
1.000 7.000 35 0.0647 0.1786 0.1461 0.1131 0.0873 0.0681 0.054 0.0439 0.0372 0.1764 0.1441 0.1093 0.0814 0.0607 0.0453 0.0347 0.0284 0.1699 0.1403 0.1062 0.0771 0.0545 0.0374 0.0256 0.0195 0.1666 0.1397 0.1071 0.0771 0.0523 0.0323 0.0176 0.0105 0.1723 0.1468 0.115 0.0837 0.0562 0.0329 0.0142 0.0 0.1799 0.1562 0.1262 0.0948 0.0658 0.0411 0.0225 0.0137 0.1827 0.161 0.1334 0.1039 0.0761 0.0529 0.0361 0.028 0.1794 0.16 0.1354 0.1089 0.0832 0.0621 0.0465 0.0379 0.0675
3.000 -7.000 35 0.109 0.0941 0.1226 0.1445 0.1569 0.1636 0.1691 0.1751 0.18 0.0723 0.0966 0.1195 0.1362 0.1476 0.1571 0.1657 0.1734 0.0519 0.0707 0.0938 0.115 0.1331 0.1476 0.1601 0.1705 0.0344 0.0486 0.0724 0.0988 0.1223 0.1424 0.1592 0.1726 0.0176 0.0308 0.0572 0.0881 0.1173 0.1426 0.1636 0.1799 0.0 0.0213 0.0502 0.0832 0.1153 0.1437 0.167 0.1848 0.0165 0.0282 0.0521 0.0815 0.1113 0.1381 0.1601 0.1765 0.0298 0.04 0.0591 0.0833 0.1087 0.1319 0.1506 0.1642 0.105
3.000 -5.000 25 0.0904 0.1218 0.1421 0.1509 0.1525 0.1532 0.1548 0.1578 0.1616 0.095 0.1111 0.1224 0.1291 0.135 0.1411 0.1478 0.1543 0.0695 0.0798 0.0923 0.1051 0.1173 0.1297 0.1407 0.1502 0.0481 0.0519 0.0647 0.0842 0.1041 0.1223 0.138 0.1508 0.0307 0.0259 0.0411 0.0681 0.0956 0.12 0.1404 0.1562 0.0213 0.0 0.0286 0.0609 0.0923 0.12 0.1429 0.1602 0.0283 0.0236 0.0376 0.0637 0.0918 0.1175 0.1386 0.1544 0.0406 0.0425 0.0535 0.0728 0.095 0.1159 0.1331 0.1456 0.0849
3.000 -3.000 15 0.069 0.1509 0.1572 0.1514 0.1419 0.136 0.1342 0.1351 0.1374 0.1218 0.1261 0.1227 0.1181 0.117 0.1196 0.1242 0.1294 0.0942 0.0939 0.0916 0.0926 0.098 0.1062 0.1155 0.1239 0.0723 0.0651 0.0614 0.0676 0.0813 0.0966 0.1109 0.1228 0.0571 0.0412 0.0312 0.0445 0.0681 0.0911 0.1108 0.1262 0.0502 0.0286 0.0 0.0316 0.0623 0.0895 0.1119 0.129 0.0525 0.0377 0.0289 0.0423 0.0664 0.0903 0.1103 0.1254 0.0604 0.0539 0.0523 0.0607 0.0766 0.094 0.109 0.1202 0.0602
3.000 -1.000 15 0.0525 0.1741 0.1659 0.147 0.1294 0.1186 0.1134 0.1121 0.1129 0.1472 0.1388 0.1223 0.1076 0.1001 0.0986 0.1006 0.1042 0.1209 0.1104 0.095 0.0836 0.0806 0.084 0.0905 0.0972 0.1011 0.0862 0.0685 0.0586 0.061 0.0713 0.0834 0.0941 0.0887 0.0687 0.0446 0.0309 0.0415 0.0613 0.0799 0.0948 0.0832 0.0609 0.0316 0.0 0.0302 0.0571 0.0792 0.0961 0.082 0.0636 0.0422 0.03 0.0411 0.0614 0.08 0.0944 0.0852 0.0731 0.0606 0.0547 0.0594 0.071 0.083 0.0926 0.0401
3.000 1.000 15 0.0491 0.1889 0.1696 0.1423 0.1197 0.1049 0.0969 0.0931 0.0916 0.1672 0.1489 0.1231 0.1016 0.0882 0.0824 0.0811 0.082 0.1453 0.1268 0.1021 0.0817 0.0701 0.0673 0.0695 0.0739 0.1287 0.1088 0.0832 0.0615 0.0507 0.0519 0.0596 0.0682 0.1195 0.0973 0.0687 0.0416 0.0277 0.0361 0.0519 0.0658 0.1153 0.0923 0.0623 0.0302 0.0 0.0266 0.0486 0.0653 0.1113 0.0913 0.0661 0.0411 0.0277 0.0363 0.052 0.0654 0.1103 0.0948 0.0763 0.0593 0.0506 0.0521 0.0594 0.0667 0.0378
3.000 3.000 15 0.0573 0.1975 0.171 0.1391 0.1136 0.0961 0.0847 0.0782 0.0743 0.1819 0.157 0.1255 0.0997 0.0821 0.0714 0.0664 0.0643 0.1649 0.1412 0.1112 0.085 0.0671 0.0573 0.0542 0.0548 0.1523 0.1291 0.0994 0.0719 0.0518 0.042 0.042 0.0469 0.1465 0.1228 0.0923 0.0616 0.0361 0.0233 0.0295 0.0411 0.1437 0.12 0.0895 0.0571 0.0266 0.0 0.0218 0.0385 0.1376 0.1165 0.0897 0.0613 0.0363 0.0234 0.0294 0.0407 0.1326 0.115 0.0932 0.0707 0.0521 0.0422 0.0414 0.0454 0.0509
3.000 5.000 25 0.0688 0.2023 0.1711 0.1369 0.1097 0.0902 0.0764 0.0667 0.0605 0.1919 0.1627 0.1283 0.0998 0.0793 0.0652 0.0559 0.0509 0.1796 0.1525 0.1192 0.0904 0.0685 0.0535 0.0447 0.0412 0.1709 0.1456 0.1135 0.0834 0.0591 0.0417 0.0329 0.0319 0.1684 0.1437 0.112 0.08 0.0517 0.0294 0.0184 0.0225 0.167 0.1429 0.1119 0.0792 0.0486 0.0218 0.0 0.0167 0.1591 0.1374 0.1097 0.0799 0.052 0.0294 0.0183 0.0222 0.1505 0.1315 0.1079 0.0825 0.0592 0.0413 0.0319 0.0303 0.0664
3.000 7.000 35 0.079 0.2032 0.1696 0.1345 0.1067 0.0858 0.0702 0.0586 0.0502 0.1976 0.1658 0.1299 0.1002 0.0779 0.0614 0.0496 0.0415 0.1894 0.1601 0.1252 0.0948 0.0711 0.0531 0.0405 0.0329 0.1843 0.1574 0.1241 0.0928 0.0667 0.0462 0.0316 0.0242 0.1849 0.1593 0.127 0.0944 0.0653 0.0409 0.0225 0.0137 0.1848 0.1602 0.129 0.0961 0.0653 0.0385 0.0167 0.0 0.1753 0.153 0.1247 0.0943 0.0654 0.0406 0.0222 0.0134 0.1632 0.1433 0.1184 0.0916 0.0662 0.045 0.0301 0.0227 0.0791
5.000 -7.000 35 0.1217 0.1113 0.1435 0.1666 0.1777 0.1824 0.187 0.1908 0.1948 0.0895 0.1172 0.1409 0.156 0.1653 0.173 0.1813 0.1881 0.0691 0.0908 0.1142 0.1341 0.1492 0.1619 0.1734 0.1831 0.0517 0.0678 0.0906 0.1142 0.1362 0.1546 0.1702 0.1828 0.0346 0.0473 0.0702 0.0977 0.1243 0.1478 0.1675 0.1827 0.0165 0.0283 0.0525 0.082 0.1113 0.1376 0.1591 0.1753 0.0 0.0181 0.0424 0.0707 0.0991 0.1243 0.1446 0.1593 0.0132 0.0226 0.0416 0.0653 0.0897 0.1115 0.1289 0.1412 0.1145
5.000 -5.000 25 0.1095 0.1411 0.1666 0.1772 0.1778 0.1765 0.176 0.1779 0.1801 0.1141 0.1355 0.1485 0.1539 0.1576 0.1614 0.1664 0.1721 0.0886 0.1043 0.1182 0.1291 0.1391 0.1484 0.1575 0.1657 0.0668 0.0763 0.0897 0.1059 0.1219 0.1382 0.152 0.1632 0.0468 0.05 0.0628 0.084 0.1069 0.1284 0.1468 0.161 0.0282 0.0236 0.0377 0.0636 0.0913 0.1165 0.1374 0.153 0.0181 0.0 0.0241 0.052 0.0798 0.1045 0.1243 0.1386 0.0227 0.0188 0.0301 0.0512 0.0743 0.0953 0.112 0.1238 0.0999
5.000 -3.000 25 0.0941 0.1727 0.1853 0.182 0.1714 0.1636 0.1596 0.1585 0.1592 0.1425 0.1533 0.153 0.1475 0.1442 0.1444 0.1467 0.1499 0.1138 0.1203 0.1219 0.1218 0.1243 0.1298 0.1362 0.1424 0.0898 0.0903 0.0915 0.0959 0.1051 0.1162 0.1282 0.1377 0.0695 0.0628 0.0608 0.069 0.0856 0.1037 0.1203 0.1334 0.0521 0.0376 0.0289 0.0422 0.0661 0.0897 0.1097 0.1247 0.0424 0.0241 0.0 0.0273 0.0545 0.0787 0.0981 0.112 0.0422 0.0302 0.0232 0.0343 0.0542 0.0737 0.0895 0.1006 0.0828
5.000 -1.000 25 0.0827 0.1989 0.1967 0.1797 0.1615 0.1483 0.141 0.1376 0.1361 0.1693 0.1676 0.1542 0.1396 0.1297 0.1257 0.1252 0.1262 0.1407 0.1369 0.1259 0.1155 0.1099 0.1101 0.1135 0.1173 0.1166 0.1091 0.0977 0.0902 0.0892 0.0949 0.1026 0.1105 0.0978 0.0848 0.0695 0.0619 0.066 0.0786 0.0923 0.1039 0.0815 0.0637 0.0423 0.03 0.0411 0.0613 0.0799 0.0943 0.0707 0.052 0.0273 0.0 0.0268 0.0505 0.0695 0.0832 0.0663 0.0515 0.0343 0.0245 0.0337 0.0501 0.0646 0.0752 0.0693
5.000 1.000 25 0.0786 0.216 0.2015 0.175 0.1511 0.1346 0.1242 0.118 0.1142 0.1904 0.178 0.1545 0.1326 0.1179 0.1095 0.1055 0.1037 0.1646 0.1523 0.1314 0.112 0.0998 0.0939 0.0928 0.0937 0.1437 0.1289 0.1087 0.0903 0.0802 0.0774 0.0804 0.0847 0.1266 0.1094 0.0869 0.0664 0.0564 0.0581 0.0669 0.0761 0.1113 0.0918 0.0664 0.0411 0.0277 0.0363 0.052 0.0654 0.0991 0.0798 0.0545 0.0268 0.0 0.0235 0.0422 0.0558 0.0907 0.0745 0.0541 0.0337 0.0226 0.0293 0.0413 0.0509 0.0662
5.000 3.000 25 0.0814 0.226 0.2019 0.1699 0.1427 0.1233 0.1101 0.101 0.0946 0.2054 0.1848 0.1547 0.1281 0.1091 0.0968 0.089 0.084 0.184 0.165 0.1375 0.1122 0.0938 0.0827 0.0763 0.0736 0.1667 0.1476 0.121 0.0961 0.0774 0.0672 0.0631 0.0636 0.1526 0.1325 0.1058 0.0791 0.0581 0.0478 0.0475 0.0529 0.1381 0.1175 0.0903 0.0614 0.0363 0.0234 0.0294 0.0406 0.1243 0.1045 0.0787 0.0505 0.0235 0.0 0.0186 0.0321 0.1124 0.0952 0.0734 0.05 0.0293 0.0185 0.0227 0.0305 0.0725
5.000 5.000 25 0.088 0.2296 0.1998 0.1644 0.1355 0.114 0.0983 0.0867 0.078 0.2154 0.1884 0.1542 0.1248 0.1028 0.087 0.076 0.0682 0.1981 0.1743 0.1426 0.1137 0.0912 0.0752 0.0647 0.0581 0.1847 0.1623 0.1323 0.1031 0.0797 0.0626 0.0528 0.048 0.1736 0.1516 0.1224 0.0926 0.0668 0.0474 0.0376 0.0361 0.1601 0.1386 0.1103 0.08 0.052 0.0294 0.0183 0.0222 0.1446 0.1243 0.0981 0.0695 0.0422 0.0186 0.0 0.0136 0.1293 0.1114 0.0888 0.0643 0.0411 0.0226 0.0135 0.0159 0.082
5.000 7.000 35 0.0939 0.2286 0.1953 0.1585 0.1285 0.106 0.0886 0.0752 0.0651 0.2198 0.1891 0.1524 0.1214 0.0978 0.0797 0.0662 0.0565 0.207 0.1799 0.1455 0.1145 0.09 0.0709 0.057 0.0478 0.1974 0.1725 0.1403 0.1093 0.0829 0.0624 0.0475 0.0391 0.1893 0.1658 0.1351 0.1037 0.0756 0.0527 0.0361 0.028 0.1765 0.1544 0.1254 0.0944 0.0654 0.0407 0.0222 0.0134 0.1593 0.1386 0.112 0.0832 0.0558 0.0321 0.0136 0.0 0.1408 0.1224 0.0993 0.0743 0.0504 0.0303 0.0159 0.0091 0.0907
7.000 -7.000 35 0.1332 0.1254 0.1611 0.1856 0.1957 0.1987 0.2016 0.204 0.2074 0.1036 0.1344 0.1593 0.1733 0.1807 0.1876 0.1932 0.1984 0.0832 0.1077 0.1319 0.1503 0.1631 0.1737 0.1841 0.1918 0.0656 0.0841 0.1069 0.1289 0.1472 0.1628 0.1759 0.186 0.0482 0.0623 0.0834 0.1072 0.1308 0.1509 0.1674 0.1794 0.0298 0.0406 0.0604 0.0852 0.1103 0.1326 0.1505 0.1632 0.0132 0.0227 0.0422 0.0663 0.0907 0.1124 0.1293 0.1408 0.0 0.014 0.0328 0.0548 0.077 0.0966 0.1117 0.1218 0.1243
7.000 -5.000 35 0.126 0.1564 0.1866 0.1992 0.1991 0.1962 0.1938 0.194 0.1944 0.1294 0.1554 0.1702 0.175 0.1767 0.1783 0.1819 0.1849 0.1039 0.1241 0.1397 0.1496 0.1571 0.1636 0.1701 0.1765 0.0818 0.096 0.1107 0.1249 0.1384 0.1501 0.1605 0.1686 0.061 0.0693 0.0823 0.0996 0.1174 0.1352 0.1495 0.16 0.04 0.0425 0.0539 0.0731 0.0948 0.115 0.1315 0.1433 0.0226 0.0188 0.0302 0.0515 0.0745 0.0952 0.1114 0.1224 0.014 0.0 0.0186 0.0403 0.0621 0.0813 0.096 0.1058 0.1142
7.000 -3.000 35 0.116 0.1894 0.2078 0.2072 0.1961 0.1867 0.1809 0.1775 0.1762 0.1586 0.1752 0.1781 0.1721 0.167 0.1649 0.1645 0.1656 0.1293 0.1416 0.1467 0.1461 0.1464 0.149 0.1521 0.155 0.104 0.1108 0.116 0.1197 0.1255 0.1333 0.1404 0.146 0.0811 0.0819 0.0848 0.0912 0.1023 0.1147 0.1268 0.1354 0.0591 0.0535 0.0523 0.0606 0.0763 0.0932 0.1079 0.1184 0.0416 0.0301 0.0232 0.0343 0.0541 0.0734 0.0888 0.0993 0.0328 0.0186 0.0 0.0213 0.0426 0.0613 0.0757 0.0851 0.1033
7.000 -1.000 35 0.108 0.2176 0.2217 0.207 0.1886 0.1735 0.1641 0.1584 0.1542 0.186 0.1909 0.1807 0.1665 0.1547 0.1483 0.1451 0.1428 0.1555 0.1584 0.1515 0.1421 0.1346 0.1319 0.1318 0.1316 0.1294 0.1282 0.1221 0.1164 0.1131 0.1147 0.1184 0.1211 0.1054 0.1 0.0919 0.0873 0.0881 0.0946 0.102 0.1089 0.0833 0.0728 0.0607 0.0547 0.0593 0.0707 0.0825 0.0916 0.0653 0.0512 0.0343 0.0245 0.0337 0.05 0.0643 0.0743 0.0548 0.0403 0.0213 0.0 0.0209 0.0393 0.0532 0.0625 0.094
7.000 1.000 35 0.1032 0.2364 0.2276 0.2027 0.1779 0.16 0.1471 0.1385 0.1318 0.2075 0.2014 0.1808 0.1589 0.1432 0.1321 0.1252 0.1202 0.1784 0.1727 0.1558 0.1376 0.1248 0.1161 0.1115 0.1085 0.1533 0.1458 0.1305 0.1148 0.1047 0.0987 0.0972 0.0971 0.1312 0.1198 0.1041 0.0887 0.0801 0.0775 0.08 0.0832 0.1087 0.095 0.0766 0.0594 0.0506 0.0521 0.0592 0.0662 0.0897 0.0743 0.0542 0.0337 0.0226 0.0293 0.0411 0.0504 0.077 0.0621 0.0426 0.0209 0.0 0.018 0.0318 0.0409 0.0902
7.000 3.000 35 0.1019 0.2472 0.2272 0.1959 0.1674 0.1463 0.1313 0.1194 0.1102 0.223 0.2068 0.179 0.1521 0.1318 0.1179 0.107 0.099 0.1964 0.1832 0.1592 0.1349 0.116 0.1035 0.0938 0.0875 0.1739 0.1607 0.1392 0.1166 0.0988 0.0876 0.0798 0.0758 0.1539 0.1392 0.1173 0.0954 0.0776 0.0673 0.0625 0.0621 0.1319 0.1159 0.094 0.071 0.0521 0.0422 0.0413 0.045 0.1115 0.0953 0.0737 0.0501 0.0293 0.0185 0.0226 0.0303 0.0966 0.0813 0.0613 0.0393 0.018 0.0 0.0136 0.0228 0.0916
7.000 5.000 35 0.1034 0.25 0.2231 0.1872 0.157 0.1337 0.1161 0.1026 0.0912 0.2313 0.2085 0.1752 0.1454 0.1221 0.1047 0.0917 0.081 0.2098 0.1898 0.1606 0.1326 0.1097 0.0925 0.0803 0.0705 0.1897 0.1721 0.1458 0.1192 0.0965 0.0792 0.0679 0.0597 0.172 0.1545 0.1295 0.1027 0.08 0.0625 0.052 0.0465 0.1506 0.1331 0.109 0.083 0.0594 0.0414 0.0319 0.0301 0.1289 0.112 0.0895 0.0646 0.0413 0.0227 0.0135 0.0159 0.1117 0.096 0.0757 0.0532 0.0318 0.0136 0.0 0.0092 0.0951
7.000 7.000 35 0.1046 0.2483 0.2157 0.1781 0.1464 0.1223 0.1032 0.088 0.0762 0.2342 0.2064 0.1703 0.1382 0.1136 0.0941 0.0789 0.0675 0.217 0.1933 0.1601 0.1294 0.1046 0.0847 0.0694 0.0587 0.2004 0.1796 0.1501 0.1206 0.0956 0.0749 0.0594 0.0495 0.1851 0.1655 0.1382 0.1094 0.0832 0.0622 0.0467 0.0379 0.1642 0.1456 0.1202 0.0926 0.0667 0.0454 0.0303 0.0227 0.1412 0.1238 0.1006 0.0752 0.0509 0.0305 0.0159 0.0091 0.1218 0.1058 0.0851 0.0625 0.0409 0.0228 0.0092 0.0 0.0992
0.500 0.000 0 0.0126 0.15 0.1302 0.1055 0.0871 0.0771 0.0739 0.0745 0.077 0.1309 0.1102 0.0851 0.0671 0.0594 0.0596 0.0637 0.0691 0.1124 0.0899 0.0637 0.0451 0.0403 0.0459 0.0548 0.0631 0.1 0.0765 0.0474 0.0234 0.0213 0.0358 0.0503 0.0619 0.098 0.0748 0.0449 0.0156 0.0144 0.036 0.0539 0.0675 0.105 0.0849 0.0602 0.0401 0.0378 0.0509 0.0664 0.0791 0.1145 0.0999 0.0828 0.0693 0.0662 0.0725 0.082 0.0907 0.1243 0.1142 0.1033 0.094 0.0902 0.0916 0.0951 0.0992 0.0