n 66
m 3
tmax 31.7
Vcpm 1.4
R 1
dmax 44.38
-0.500 0.000 0 0.0 0.1473 0.1279 0.1101 0.096 0.0909 0.0944 0.1036 0.1161 0.1382 0.1185 0.0944 0.0748 0.068 0.073 0.0845 0.0986 0.1052 0.0873 0.0624 0.0414 0.0383 0.051 0.0672 0.0836 0.0733 0.0583 0.0376 0.0141 0.0139 0.0367 0.0584 0.0781 0.0618 0.0491 0.0339 0.0192 0.0198 0.0376 0.0589 0.0796 0.0628 0.0533 0.0433 0.0363 0.0381 0.0502 0.0678 0.0867 0.0685 0.0621 0.0565 0.0538 0.0568 0.0662 0.0805 0.0965 0.075 0.0715 0.069 0.069 0.0727 0.0807 0.0925 0.1056 0.0111
-7.000 -7.000 35 0.1473 0.0 0.0111 0.0239 0.0379 0.053 0.0691 0.0861 0.1031 0.015 0.0241 0.0413 0.0603 0.0788 0.0976 0.1173 0.1372 0.0414 0.0543 0.0761 0.0991 0.1176 0.132 0.1458 0.1605 0.0636 0.0801 0.1054 0.1306 0.1525 0.1659 0.1755 0.1843 0.0749 0.0909 0.1144 0.1414 0.1654 0.1851 0.1999 0.2106 0.0843 0.0992 0.12 0.1449 0.1701 0.1941 0.216 0.2318 0.0934 0.1079 0.1273 0.1504 0.1749 0.201 0.2244 0.244 0.1014 0.1157 0.134 0.1556 0.1788 0.204 0.2278 0.25 0.1512
-7.000 -5.000 35 0.1279 0.0111 0.0 0.0127 0.0267 0.0417 0.0578 0.0748 0.0917 0.0238 0.0182 0.0273 0.0439 0.0619 0.0808 0.1007 0.1208 0.052 0.0536 0.0631 0.0791 0.0947 0.1088 0.1235 0.1394 0.0767 0.0875 0.0991 0.1154 0.1281 0.1392 0.1478 0.1574 0.0909 0.1036 0.1165 0.1336 0.15 0.162 0.1721 0.1806 0.1026 0.1151 0.1282 0.1452 0.163 0.1786 0.1922 0.2039 0.1136 0.1263 0.1398 0.1567 0.175 0.1921 0.209 0.2218 0.1233 0.1362 0.1499 0.1665 0.1846 0.2021 0.2197 0.2339 0.138
-7.000 -3.000 35 0.1101 0.0239 0.0127 0.0 0.0139 0.0289 0.045 0.062 0.0788 0.0405 0.0273 0.0196 0.0282 0.0445 0.0631 0.0832 0.1034 0.072 0.0624 0.0574 0.0617 0.073 0.0864 0.1019 0.1186 0.0975 0.0962 0.0983 0.0996 0.1057 0.1122 0.1219 0.1325 0.1112 0.1137 0.1198 0.1232 0.1299 0.1372 0.1442 0.1521 0.1227 0.127 0.1342 0.1399 0.1484 0.1576 0.166 0.1738 0.1338 0.1397 0.1481 0.1556 0.1655 0.176 0.1856 0.1946 0.1438 0.1509 0.1603 0.1689 0.1795 0.1907 0.2008 0.2103 0.1211
-7.000 -1.000 35 0.096 0.0379 0.0267 0.0139 0.0 0.015 0.0311 0.048 0.0648 0.0601 0.0446 0.0284 0.02 0.0285 0.0455 0.0652 0.0852 0.0956 0.0806 0.0633 0.0538 0.056 0.0672 0.0823 0.0991 0.1199 0.1124 0.1002 0.0922 0.0877 0.0914 0.0994 0.1113 0.1325 0.1269 0.1203 0.1168 0.113 0.1151 0.121 0.1286 0.1412 0.1381 0.135 0.1346 0.1339 0.1372 0.143 0.1491 0.1504 0.1497 0.1495 0.1516 0.1532 0.1578 0.1639 0.1694 0.1591 0.1604 0.1623 0.1662 0.1695 0.175 0.1814 0.1865 0.1093
-7.000 1.000 35 0.0909 0.053 0.0417 0.0289 0.015 0.0 0.0161 0.033 0.0495 0.0811 0.0645 0.0457 0.0287 0.0205 0.0295 0.0472 0.0664 0.1212 0.1024 0.0784 0.0583 0.0494 0.0527 0.0653 0.0806 0.1454 0.1298 0.1107 0.0911 0.0799 0.077 0.0831 0.0929 0.151 0.1406 0.1261 0.1126 0.1045 0.1006 0.1038 0.1104 0.1557 0.1477 0.1379 0.1295 0.1251 0.1232 0.1259 0.1306 0.1619 0.1568 0.1509 0.1464 0.1448 0.1446 0.1474 0.151 0.1685 0.1659 0.163 0.1612 0.1617 0.1627 0.1658 0.1688 0.1031
-7.000 3.000 35 0.0944 0.0691 0.0578 0.045 0.0311 0.0161 0.0 0.0167 0.0331 0.1031 0.0857 0.0657 0.0463 0.0296 0.0214 0.0303 0.0472 0.1476 0.1262 0.0983 0.0722 0.0542 0.0476 0.0516 0.0635 0.1688 0.1506 0.1245 0.0993 0.0802 0.0717 0.0716 0.078 0.1687 0.1532 0.1351 0.1162 0.1018 0.0946 0.0929 0.096 0.1685 0.1561 0.1432 0.1307 0.1214 0.1168 0.1154 0.1165 0.1722 0.1627 0.1543 0.1463 0.1407 0.1383 0.1372 0.1373 0.1765 0.1703 0.1652 0.1606 0.1575 0.1567 0.1561 0.1555 0.1037
-7.000 5.000 35 0.1036 0.0861 0.0748 0.062 0.048 0.033 0.0167 0.0 0.0162 0.1258 0.1079 0.0871 0.0666 0.0475 0.0304 0.0215 0.0293 0.1742 0.1508 0.1203 0.0909 0.068 0.0523 0.0463 0.0488 0.1917 0.1703 0.1418 0.1121 0.0886 0.0733 0.0668 0.066 0.1855 0.1668 0.1456 0.1247 0.1065 0.0941 0.0876 0.0849 0.1815 0.1659 0.1506 0.1364 0.1241 0.1152 0.1096 0.1056 0.1816 0.171 0.1601 0.1507 0.1424 0.136 0.1313 0.1262 0.1843 0.1773 0.1701 0.1641 0.1585 0.1539 0.15 0.1444 0.1113
-7.000 7.000 35 0.1161 0.1031 0.0917 0.0788 0.0648 0.0495 0.0331 0.0162 0.0 0.1483 0.1298 0.1084 0.0873 0.0671 0.0474 0.0294 0.0199 0.1998 0.1747 0.1423 0.1107 0.0849 0.0648 0.0492 0.042 0.2133 0.1894 0.1587 0.1272 0.1003 0.0806 0.0668 0.0591 0.2009 0.1802 0.1573 0.1346 0.1145 0.098 0.0856 0.077 0.1929 0.1769 0.1598 0.144 0.1297 0.1169 0.106 0.0965 0.1911 0.1798 0.1685 0.1569 0.1464 0.1361 0.1261 0.1161 0.1936 0.1853 0.1775 0.1691 0.1612 0.1527 0.1436 0.1333 0.1211
-5.000 -7.000 35 0.1382 0.015 0.0238 0.0405 0.0601 0.0811 0.1031 0.1258 0.1483 0.0 0.0247 0.0539 0.0833 0.11 0.1347 0.1589 0.1824 0.0249 0.042 0.0749 0.1104 0.1401 0.1627 0.1817 0.1993 0.0445 0.06 0.0889 0.1227 0.1543 0.1796 0.1993 0.2153 0.0544 0.0679 0.0901 0.1181 0.1496 0.1788 0.2047 0.2261 0.0632 0.0755 0.0934 0.1171 0.1446 0.1738 0.2024 0.228 0.0721 0.084 0.1001 0.1208 0.1454 0.1725 0.2006 0.2268 0.0799 0.0917 0.1067 0.1255 0.1476 0.1722 0.1979 0.223 0.1354
-5.000 -5.000 25 0.1185 0.0241 0.0182 0.0273 0.0446 0.0645 0.0857 0.1079 0.1298 0.0247 0.0 0.0286 0.0573 0.0835 0.1079 0.1319 0.1554 0.0415 0.0342 0.0513 0.081 0.108 0.1296 0.1485 0.1663 0.0601 0.0644 0.0785 0.1036 0.1281 0.1485 0.1653 0.18 0.0713 0.0782 0.0913 0.1119 0.1347 0.1579 0.1779 0.1949 0.0815 0.0888 0.1013 0.119 0.1405 0.1634 0.1858 0.2056 0.0915 0.0995 0.112 0.1283 0.1481 0.1701 0.1924 0.2133 0.1005 0.1091 0.1216 0.137 0.1553 0.1757 0.197 0.2172 0.1223
-5.000 -3.000 25 0.0944 0.0413 0.0273 0.0196 0.0284 0.0457 0.0657 0.0871 0.1084 0.0539 0.0286 0.0 0.0282 0.0541 0.0784 0.1025 0.1259 0.0728 0.051 0.0373 0.0503 0.0729 0.0938 0.113 0.1315 0.0873 0.0772 0.0747 0.0813 0.0971 0.1125 0.1274 0.1416 0.0942 0.0911 0.0936 0.1004 0.1135 0.1281 0.1434 0.1572 0.1023 0.1027 0.1068 0.1148 0.1273 0.1424 0.1582 0.1729 0.1116 0.1144 0.1201 0.1292 0.1415 0.1562 0.172 0.1868 0.1204 0.125 0.1318 0.1415 0.1536 0.1677 0.1828 0.1972 0.1025
-5.000 -1.000 25 0.0748 0.0603 0.0439 0.0282 0.02 0.0287 0.0463 0.0666 0.0873 0.0833 0.0573 0.0282 0.0 0.0259 0.0504 0.0746 0.0981 0.1068 0.0804 0.0504 0.0334 0.0428 0.0615 0.0811 0.1003 0.1164 0.0997 0.0799 0.0696 0.0702 0.0804 0.0935 0.1077 0.117 0.1068 0.0965 0.0922 0.0927 0.1001 0.1108 0.1227 0.1216 0.1149 0.1099 0.1089 0.1117 0.1192 0.1294 0.1403 0.1282 0.1251 0.1238 0.1254 0.1298 0.1376 0.1475 0.1576 0.1354 0.1351 0.1363 0.1397 0.1452 0.1531 0.1626 0.1719 0.0867
-5.000 1.000 25 0.068 0.0788 0.0619 0.0445 0.0285 0.0205 0.0296 0.0475 0.0671 0.11 0.0835 0.0541 0.0259 0.0 0.0247 0.049 0.0726 0.138 0.1094 0.0746 0.0433 0.0279 0.0365 0.0546 0.0738 0.1427 0.1212 0.0949 0.07 0.0573 0.0578 0.0677 0.081 0.1373 0.1205 0.1039 0.0887 0.0808 0.08 0.0863 0.096 0.1358 0.1248 0.1135 0.1049 0.1008 0.1016 0.107 0.1145 0.1393 0.1323 0.1258 0.1214 0.1202 0.1223 0.1274 0.1336 0.1446 0.1407 0.1376 0.136 0.1369 0.1398 0.1447 0.15 0.0792
-5.000 3.000 25 0.073 0.0976 0.0808 0.0631 0.0455 0.0295 0.0214 0.0304 0.0474 0.1347 0.1079 0.0784 0.0504 0.0247 0.0 0.0244 0.0477 0.1659 0.1358 0.0989 0.0638 0.0369 0.0247 0.0335 0.0506 0.1653 0.1411 0.111 0.0811 0.0583 0.0481 0.0505 0.0603 0.1529 0.1342 0.1128 0.0934 0.0781 0.0706 0.071 0.0766 0.1469 0.1332 0.1193 0.1065 0.0972 0.0926 0.093 0.0963 0.1479 0.1386 0.1296 0.1217 0.1163 0.1139 0.1145 0.1164 0.1519 0.1457 0.1404 0.1358 0.1329 0.1323 0.1329 0.134 0.0809
-5.000 5.000 25 0.0845 0.1173 0.1007 0.0832 0.0652 0.0472 0.0303 0.0215 0.0294 0.1589 0.1319 0.1025 0.0746 0.049 0.0244 0.0 0.0232 0.1918 0.1606 0.1224 0.0858 0.056 0.0337 0.0229 0.0307 0.1858 0.16 0.1282 0.096 0.0692 0.051 0.0428 0.045 0.167 0.1469 0.1248 0.1026 0.084 0.0706 0.0636 0.0632 0.1578 0.143 0.1278 0.1132 0.1006 0.0913 0.0856 0.0836 0.1575 0.1471 0.1369 0.1271 0.1185 0.1119 0.1072 0.104 0.1604 0.1537 0.1467 0.1402 0.1344 0.1297 0.1259 0.122 0.09
-5.000 7.000 35 0.0986 0.1372 0.1208 0.1034 0.0852 0.0664 0.0472 0.0293 0.0199 0.1824 0.1554 0.1259 0.0981 0.0726 0.0477 0.0232 0.0 0.2159 0.1838 0.1447 0.1072 0.0763 0.0512 0.0308 0.0202 0.2045 0.1777 0.1452 0.1121 0.0835 0.0611 0.0452 0.0369 0.1804 0.1598 0.1373 0.1147 0.0938 0.0763 0.0632 0.0548 0.1691 0.1542 0.1386 0.1229 0.1078 0.0944 0.0833 0.0744 0.1682 0.1578 0.1466 0.1352 0.1239 0.1131 0.1032 0.094 0.1708 0.1635 0.1556 0.1469 0.1382 0.1294 0.1205 0.1112 0.1019
-3.000 -7.000 35 0.1052 0.0414 0.052 0.072 0.0956 0.1212 0.1476 0.1742 0.1998 0.0249 0.0415 0.0728 0.1068 0.138 0.1659 0.1918 0.2159 0.0 0.0286 0.0669 0.108 0.1435 0.171 0.1932 0.2126 0.0177 0.0311 0.0584 0.0925 0.1267 0.1567 0.1823 0.204 0.0277 0.0372 0.0548 0.0793 0.1078 0.1375 0.1662 0.1923 0.0371 0.0455 0.0589 0.0783 0.1017 0.1283 0.1561 0.1829 0.0464 0.0548 0.0668 0.0832 0.104 0.1276 0.1528 0.1777 0.0546 0.0631 0.0744 0.0893 0.1077 0.1285 0.1509 0.1736 0.0965
-3.000 -5.000 25 0.0873 0.0543 0.0536 0.0624 0.0806 0.1024 0.1262 0.1508 0.1747 0.042 0.0342 0.051 0.0804 0.1094 0.1358 0.1606 0.1838 0.0286 0.0 0.0375 0.0774 0.1117 0.1383 0.1599 0.179 0.0316 0.0267 0.043 0.073 0.1044 0.1321 0.1557 0.176 0.0392 0.0398 0.0512 0.0711 0.0965 0.1234 0.1494 0.1728 0.0485 0.0508 0.0609 0.0762 0.0974 0.1211 0.1466 0.1709 0.0582 0.0621 0.072 0.0856 0.1034 0.1252 0.1485 0.1714 0.0669 0.0721 0.082 0.0946 0.1106 0.1299 0.1507 0.1713 0.0842
-3.000 -3.000 15 0.0624 0.0761 0.0631 0.0574 0.0633 0.0784 0.0983 0.1203 0.1423 0.0749 0.0513 0.0373 0.0504 0.0746 0.0989 0.1224 0.1447 0.0669 0.0375 0.0 0.0386 0.0718 0.0978 0.1191 0.1382 0.0598 0.0431 0.0332 0.0479 0.0736 0.0983 0.1199 0.1388 0.0591 0.0522 0.0504 0.0603 0.0781 0.1 0.1222 0.1426 0.0651 0.0628 0.0637 0.073 0.0874 0.1069 0.1274 0.1481 0.0736 0.0744 0.0774 0.0869 0.0997 0.1163 0.1358 0.1552 0.0821 0.085 0.0894 0.099 0.111 0.1258 0.1433 0.1608 0.0664
-3.000 -1.000 15 0.0414 0.0991 0.0791 0.0617 0.0538 0.0583 0.0722 0.0909 0.1107 0.1104 0.081 0.0503 0.0334 0.0433 0.0638 0.0858 0.1072 0.108 0.0774 0.0386 0.0 0.0327 0.0585 0.0801 0.0993 0.0927 0.0718 0.0474 0.033 0.0436 0.0637 0.0835 0.1015 0.0841 0.071 0.0591 0.0539 0.0602 0.0744 0.0922 0.1098 0.0854 0.0773 0.0719 0.0705 0.0771 0.0889 0.1049 0.1209 0.0908 0.0873 0.0858 0.087 0.0941 0.1048 0.1184 0.1334 0.098 0.0973 0.0984 0.1014 0.1088 0.1187 0.1309 0.144 0.0512
-3.000 1.000 15 0.0383 0.1176 0.0947 0.073 0.056 0.0494 0.0542 0.068 0.0849 0.1401 0.108 0.0729 0.0428 0.0279 0.0369 0.056 0.0763 0.1435 0.1117 0.0718 0.0327 0.0 0.0261 0.0482 0.0677 0.1221 0.0994 0.071 0.0431 0.0282 0.0364 0.0533 0.0705 0.1067 0.0907 0.0734 0.058 0.0508 0.0549 0.0668 0.0815 0.1036 0.0926 0.0818 0.0737 0.0707 0.0749 0.0845 0.0967 0.1071 0.1002 0.0942 0.0904 0.09 0.0946 0.1028 0.1128 0.1127 0.1089 0.1062 0.1052 0.1067 0.1115 0.1188 0.1271 0.0485
-3.000 3.000 15 0.051 0.132 0.1088 0.0864 0.0672 0.0527 0.0476 0.0523 0.0648 0.1627 0.1296 0.0938 0.0615 0.0365 0.0247 0.0337 0.0512 0.171 0.1383 0.0978 0.0585 0.0261 0.0 0.0224 0.0421 0.1452 0.1218 0.0924 0.0618 0.0361 0.0236 0.0311 0.0461 0.1246 0.1075 0.0883 0.0691 0.0532 0.0461 0.0496 0.0596 0.119 0.1067 0.0935 0.0813 0.072 0.0682 0.0708 0.0776 0.121 0.1127 0.1043 0.0965 0.0911 0.0895 0.0917 0.0964 0.1256 0.1203 0.1151 0.1106 0.1078 0.1077 0.1097 0.1131 0.0569
-3.000 5.000 25 0.0672 0.1458 0.1235 0.1019 0.0823 0.0653 0.0516 0.0463 0.0492 0.1817 0.1485 0.113 0.0811 0.0546 0.0335 0.0229 0.0308 0.1932 0.1599 0.1191 0.0801 0.0482 0.0224 0.0 0.0197 0.1642 0.1406 0.1112 0.0802 0.0526 0.031 0.0206 0.0271 0.14 0.1228 0.1033 0.0829 0.0638 0.0489 0.0419 0.044 0.1333 0.1207 0.107 0.0925 0.0795 0.0693 0.0642 0.0641 0.1348 0.126 0.1163 0.1063 0.097 0.0898 0.0858 0.0842 0.1392 0.1327 0.1259 0.1191 0.1125 0.1075 0.1044 0.1019 0.0705
-3.000 7.000 35 0.0836 0.1605 0.1394 0.1186 0.0991 0.0806 0.0635 0.0488 0.042 0.1993 0.1663 0.1315 0.1003 0.0738 0.0506 0.0307 0.0202 0.2126 0.179 0.1382 0.0993 0.0677 0.0421 0.0197 0.0 0.181 0.1574 0.1282 0.0975 0.0696 0.046 0.0271 0.0174 0.1544 0.1375 0.1182 0.0976 0.0772 0.0586 0.0439 0.036 0.1476 0.1352 0.1212 0.106 0.0902 0.0757 0.0637 0.0559 0.1493 0.1401 0.1295 0.1177 0.1056 0.0937 0.0835 0.0756 0.1534 0.1463 0.1377 0.1286 0.1191 0.1095 0.1006 0.0928 0.0858
-1.000 -7.000 35 0.0733 0.0636 0.0767 0.0975 0.1199 0.1454 0.1688 0.1917 0.2133 0.0445 0.0601 0.0873 0.1164 0.1427 0.1653 0.1858 0.2045 0.0177 0.0316 0.0598 0.0927 0.1221 0.1452 0.1642 0.181 0.0 0.0161 0.0381 0.065 0.0928 0.1184 0.1414 0.1619 0.0113 0.0185 0.0334 0.053 0.0759 0.1004 0.1251 0.1485 0.0216 0.0273 0.0388 0.0552 0.0751 0.0977 0.1214 0.1447 0.0313 0.0372 0.0474 0.0619 0.0799 0.1004 0.1225 0.1444 0.0397 0.0459 0.0554 0.0684 0.0844 0.1027 0.1226 0.1425 0.066
-1.000 -5.000 25 0.0583 0.0801 0.0875 0.0962 0.1124 0.1298 0.1506 0.1703 0.1894 0.06 0.0644 0.0772 0.0997 0.1212 0.1411 0.16 0.1777 0.0311 0.0267 0.0431 0.0718 0.0994 0.1218 0.1406 0.1574 0.0161 0.0 0.022 0.0485 0.0759 0.1011 0.1236 0.1438 0.0187 0.0149 0.024 0.0422 0.0644 0.0884 0.1126 0.1354 0.0277 0.0275 0.0345 0.0481 0.0667 0.0885 0.1116 0.1343 0.0376 0.0397 0.0466 0.0583 0.0745 0.0938 0.115 0.1362 0.0466 0.0502 0.0572 0.0679 0.0821 0.0991 0.1179 0.1369 0.0537
-1.000 -3.000 15 0.0376 0.1054 0.0991 0.0983 0.1002 0.1107 0.1245 0.1418 0.1587 0.0889 0.0785 0.0747 0.0799 0.0949 0.111 0.1282 0.1452 0.0584 0.043 0.0332 0.0474 0.071 0.0924 0.1112 0.1282 0.0381 0.022 0.0 0.026 0.0528 0.0775 0.0997 0.1196 0.0344 0.0242 0.0188 0.0291 0.0488 0.0714 0.0946 0.1165 0.0398 0.0349 0.0339 0.0416 0.0563 0.0759 0.0976 0.119 0.0485 0.047 0.0487 0.056 0.0684 0.0853 0.1044 0.1241 0.0571 0.058 0.0614 0.0687 0.0797 0.0942 0.1109 0.1282 0.0371
-1.000 -1.000 5 0.0141 0.1306 0.1154 0.0996 0.0922 0.0911 0.0993 0.1121 0.1272 0.1227 0.1036 0.0813 0.0696 0.07 0.0811 0.096 0.1121 0.0925 0.073 0.0479 0.033 0.0431 0.0618 0.0802 0.0975 0.065 0.0485 0.026 0.0 0.0263 0.0506 0.0726 0.0924 0.0551 0.0426 0.029 0.0215 0.0318 0.0513 0.0729 0.0937 0.0571 0.0487 0.0417 0.0395 0.0469 0.0616 0.0806 0.1001 0.0638 0.059 0.0561 0.0569 0.0637 0.0758 0.0919 0.1089 0.0711 0.0693 0.0691 0.0717 0.0783 0.0888 0.1023 0.1169 0.0206
-1.000 1.000 5 0.0139 0.1525 0.1281 0.1057 0.0877 0.0799 0.0802 0.0886 0.1003 0.1543 0.1281 0.0971 0.0702 0.0573 0.0583 0.0692 0.0835 0.1267 0.1044 0.0736 0.0436 0.0282 0.0361 0.0526 0.0696 0.0928 0.0759 0.0528 0.0263 0.0 0.0242 0.0462 0.066 0.0775 0.064 0.048 0.0315 0.0226 0.0323 0.0508 0.0701 0.077 0.0668 0.0558 0.0465 0.0431 0.0497 0.0635 0.0801 0.0817 0.0749 0.0681 0.0633 0.0628 0.0685 0.0794 0.0928 0.0878 0.0836 0.08 0.0782 0.0796 0.0848 0.0938 0.1047 0.0209
-1.000 3.000 15 0.0367 0.1659 0.1392 0.1122 0.0914 0.077 0.0717 0.0733 0.0806 0.1796 0.1485 0.1125 0.0804 0.0578 0.0481 0.051 0.0611 0.1567 0.1321 0.0983 0.0637 0.0364 0.0236 0.031 0.046 0.1184 0.1011 0.0775 0.0506 0.0242 0.0 0.022 0.0418 0.0993 0.0855 0.0687 0.05 0.032 0.0225 0.0314 0.0478 0.0973 0.0863 0.0736 0.0604 0.0492 0.0447 0.0499 0.0615 0.101 0.0928 0.0835 0.0747 0.0679 0.066 0.0698 0.0778 0.1057 0.0999 0.0938 0.0881 0.0843 0.0841 0.087 0.0928 0.0386
-1.000 5.000 25 0.0584 0.1755 0.1478 0.1219 0.0994 0.0831 0.0716 0.0668 0.0668 0.1993 0.1653 0.1274 0.0935 0.0677 0.0505 0.0428 0.0452 0.1823 0.1557 0.1199 0.0835 0.0533 0.0311 0.0206 0.0271 0.1414 0.1236 0.0997 0.0726 0.0462 0.022 0.0 0.0196 0.1199 0.1061 0.0892 0.07 0.0498 0.0312 0.0215 0.0287 0.1175 0.1061 0.0927 0.0776 0.0624 0.0496 0.0437 0.0465 0.1206 0.1116 0.101 0.0893 0.0782 0.0693 0.0652 0.0657 0.1242 0.1172 0.1091 0.1007 0.0926 0.0864 0.0835 0.0827 0.0588
-1.000 7.000 35 0.0781 0.1843 0.1574 0.1325 0.1113 0.0929 0.078 0.066 0.0591 0.2153 0.18 0.1416 0.1077 0.081 0.0603 0.045 0.0369 0.204 0.176 0.1388 0.1015 0.0705 0.0461 0.0271 0.0174 0.1619 0.1438 0.1196 0.0924 0.066 0.0418 0.0196 0.0 0.1393 0.1254 0.1086 0.0892 0.0684 0.0475 0.0287 0.0187 0.1369 0.1254 0.1115 0.0954 0.0781 0.0609 0.0464 0.0386 0.1397 0.1301 0.1184 0.1051 0.0905 0.0769 0.0653 0.0582 0.1421 0.134 0.1244 0.1136 0.1024 0.0913 0.0819 0.0751 0.0782
1.000 -7.000 35 0.0618 0.0749 0.0909 0.1112 0.1325 0.151 0.1687 0.1855 0.2009 0.0544 0.0713 0.0942 0.117 0.1373 0.1529 0.167 0.1804 0.0277 0.0392 0.0591 0.0841 0.1067 0.1246 0.14 0.1544 0.0113 0.0187 0.0344 0.0551 0.0775 0.0993 0.1199 0.1393 0.0 0.0121 0.0271 0.0453 0.0661 0.0885 0.1117 0.1339 0.0105 0.0167 0.0295 0.0462 0.0658 0.0877 0.1106 0.133 0.0202 0.0254 0.0359 0.0506 0.0685 0.0888 0.1104 0.1318 0.0286 0.0337 0.0427 0.0553 0.0711 0.089 0.1083 0.1279 0.0566
1.000 -5.000 25 0.0491 0.0909 0.1036 0.1137 0.1269 0.1406 0.1532 0.1668 0.1802 0.0679 0.0782 0.0911 0.1068 0.1205 0.1342 0.1469 0.1598 0.0372 0.0398 0.0522 0.071 0.0907 0.1075 0.1228 0.1375 0.0185 0.0149 0.0242 0.0426 0.064 0.0855 0.1061 0.1254 0.0121 0.0 0.0151 0.0332 0.054 0.0764 0.0994 0.1215 0.0167 0.0132 0.0207 0.0359 0.055 0.0765 0.0992 0.1214 0.0254 0.0254 0.0315 0.0437 0.0603 0.0798 0.1009 0.1218 0.034 0.0359 0.0417 0.052 0.066 0.083 0.1015 0.1203 0.0443
1.000 -3.000 15 0.0339 0.1144 0.1165 0.1198 0.1203 0.1261 0.1351 0.1456 0.1573 0.0901 0.0913 0.0936 0.0965 0.1039 0.1128 0.1248 0.1373 0.0548 0.0512 0.0504 0.0591 0.0734 0.0883 0.1033 0.1182 0.0334 0.024 0.0188 0.029 0.048 0.0687 0.0892 0.1086 0.0271 0.0151 0.0 0.0181 0.0387 0.061 0.0838 0.1058 0.0295 0.0207 0.0161 0.0247 0.0419 0.0627 0.0849 0.1067 0.0361 0.0315 0.0311 0.0377 0.0512 0.0689 0.0889 0.1091 0.0435 0.042 0.0438 0.0498 0.0609 0.0755 0.0928 0.1106 0.029
1.000 -1.000 5 0.0192 0.1414 0.1336 0.1232 0.1168 0.1126 0.1162 0.1247 0.1346 0.1181 0.1119 0.1004 0.0922 0.0887 0.0934 0.1026 0.1147 0.0793 0.0711 0.0603 0.0539 0.058 0.0691 0.0829 0.0976 0.053 0.0422 0.0291 0.0215 0.0315 0.05 0.07 0.0892 0.0453 0.0332 0.0181 0.0 0.0205 0.0426 0.0653 0.087 0.0463 0.0359 0.0247 0.0188 0.0282 0.0467 0.068 0.0892 0.051 0.0439 0.0377 0.0364 0.0431 0.0572 0.0752 0.094 0.0569 0.0528 0.0502 0.0512 0.0571 0.0682 0.0827 0.0988 0.0113
1.000 1.000 5 0.0198 0.1654 0.15 0.1299 0.113 0.1045 0.1018 0.1065 0.1145 0.1496 0.1347 0.1135 0.0927 0.0808 0.0781 0.084 0.0938 0.1078 0.0965 0.0781 0.0602 0.0508 0.0532 0.0638 0.0772 0.0759 0.0644 0.0488 0.0318 0.0226 0.032 0.0498 0.0684 0.0661 0.054 0.0387 0.0205 0.0 0.022 0.0445 0.066 0.066 0.055 0.0419 0.0282 0.021 0.0307 0.0495 0.0695 0.0693 0.0607 0.0513 0.0432 0.0407 0.0471 0.0609 0.0774 0.0735 0.0674 0.0615 0.0573 0.0573 0.0625 0.0729 0.0856 0.0119
1.000 3.000 15 0.0376 0.1851 0.162 0.1372 0.1151 0.1006 0.0946 0.0941 0.098 0.1788 0.1579 0.1281 0.1001 0.08 0.0706 0.0706 0.0763 0.1375 0.1234 0.1 0.0744 0.0549 0.0461 0.0489 0.0586 0.1004 0.0884 0.0714 0.0513 0.0323 0.0225 0.0312 0.0475 0.0885 0.0764 0.061 0.0426 0.022 0.0 0.0223 0.0435 0.0877 0.0764 0.0625 0.0466 0.0307 0.0222 0.0316 0.0489 0.0897 0.0802 0.0691 0.0572 0.0471 0.0434 0.0487 0.0606 0.0923 0.0849 0.0766 0.0686 0.0626 0.0612 0.0649 0.073 0.0332
1.000 5.000 25 0.0589 0.1999 0.1721 0.1442 0.121 0.1038 0.0929 0.0876 0.0856 0.2047 0.1779 0.1434 0.1108 0.0863 0.071 0.0636 0.0632 0.1662 0.1494 0.1222 0.0922 0.0668 0.0496 0.0419 0.0439 0.1251 0.1126 0.0946 0.0729 0.0508 0.0314 0.0215 0.0287 0.1117 0.0994 0.0838 0.0653 0.0445 0.0223 0.0 0.0209 0.1103 0.0987 0.0845 0.0677 0.0493 0.0316 0.0221 0.0299 0.1113 0.1012 0.0889 0.075 0.0608 0.0487 0.0433 0.0464 0.1123 0.1038 0.0939 0.083 0.0728 0.0647 0.0613 0.0622 0.0556
1.000 7.000 35 0.0796 0.2106 0.1806 0.1521 0.1286 0.1104 0.096 0.0849 0.077 0.2261 0.1949 0.1572 0.1227 0.096 0.0766 0.0632 0.0548 0.1923 0.1728 0.1426 0.1098 0.0815 0.0596 0.044 0.036 0.1485 0.1354 0.1165 0.0937 0.0701 0.0478 0.0287 0.0187 0.1339 0.1215 0.1058 0.087 0.066 0.0435 0.0209 0.0 0.1322 0.1204 0.1059 0.0886 0.0692 0.0488 0.0299 0.0197 0.1323 0.1216 0.1086 0.0934 0.0769 0.0604 0.0463 0.039 0.1316 0.1222 0.111 0.0984 0.0849 0.0723 0.0618 0.0556 0.077
3.000 -7.000 35 0.0628 0.0843 0.1026 0.1227 0.1412 0.1557 0.1685 0.1815 0.1929 0.0632 0.0815 0.1023 0.1216 0.1358 0.1469 0.1578 0.1691 0.0371 0.0485 0.0651 0.0854 0.1036 0.119 0.1333 0.1476 0.0216 0.0277 0.0398 0.0571 0.077 0.0973 0.1175 0.1369 0.0105 0.0167 0.0295 0.0463 0.066 0.0877 0.1103 0.1322 0.0 0.0114 0.0256 0.0426 0.0622 0.0838 0.1066 0.1288 0.0096 0.0153 0.0271 0.0424 0.0604 0.0805 0.1017 0.1227 0.0179 0.0224 0.0315 0.0442 0.0596 0.0771 0.0958 0.1146 0.0576
3.000 -5.000 25 0.0533 0.0992 0.1151 0.127 0.1381 0.1477 0.1561 0.1659 0.1769 0.0755 0.0888 0.1027 0.1149 0.1248 0.1332 0.143 0.1542 0.0455 0.0508 0.0628 0.0773 0.0926 0.1067 0.1207 0.1352 0.0273 0.0275 0.0349 0.0487 0.0668 0.0863 0.1061 0.1254 0.0167 0.0132 0.0207 0.0359 0.055 0.0764 0.0987 0.1204 0.0114 0.0 0.0142 0.0312 0.0508 0.0724 0.095 0.1172 0.0153 0.0121 0.019 0.033 0.0505 0.0704 0.0914 0.1123 0.0226 0.0225 0.0277 0.0383 0.0526 0.0695 0.0878 0.1063 0.0472
3.000 -3.000 15 0.0433 0.12 0.1282 0.1342 0.135 0.1379 0.1432 0.1506 0.1598 0.0934 0.1013 0.1068 0.1099 0.1135 0.1193 0.1278 0.1386 0.0589 0.0609 0.0637 0.0719 0.0818 0.0935 0.107 0.1212 0.0388 0.0345 0.0339 0.0417 0.0558 0.0736 0.0927 0.1115 0.0295 0.0207 0.0161 0.0247 0.0419 0.0625 0.0845 0.1059 0.0256 0.0142 0.0 0.017 0.0365 0.058 0.0806 0.1025 0.0272 0.019 0.0148 0.0228 0.0386 0.0578 0.0785 0.0991 0.032 0.0279 0.0273 0.0331 0.0448 0.0602 0.0778 0.0957 0.0357
3.000 -1.000 15 0.0363 0.1449 0.1452 0.1399 0.1346 0.1295 0.1307 0.1364 0.144 0.1171 0.119 0.1148 0.1089 0.1049 0.1065 0.1132 0.1229 0.0783 0.0762 0.073 0.0705 0.0737 0.0813 0.0925 0.106 0.0552 0.0481 0.0416 0.0395 0.0465 0.0604 0.0776 0.0954 0.0462 0.0359 0.0247 0.0188 0.0282 0.0466 0.0677 0.0886 0.0426 0.0312 0.017 0.0 0.0195 0.0409 0.0632 0.085 0.0427 0.0331 0.0228 0.0174 0.0261 0.0433 0.0632 0.0833 0.0454 0.0388 0.0333 0.032 0.0378 0.0502 0.066 0.0829 0.0263
3.000 1.000 15 0.0381 0.1701 0.163 0.1484 0.1339 0.1251 0.1214 0.1241 0.1297 0.1446 0.1405 0.1273 0.1117 0.1008 0.0972 0.1006 0.1078 0.1017 0.0974 0.0874 0.0771 0.0707 0.072 0.0795 0.0902 0.0751 0.0667 0.0563 0.0469 0.0431 0.0492 0.0624 0.0781 0.0658 0.055 0.0419 0.0282 0.021 0.0307 0.0493 0.0692 0.0622 0.0508 0.0365 0.0195 0.0 0.0213 0.0435 0.0651 0.0611 0.0509 0.0388 0.0261 0.0195 0.0286 0.0462 0.0653 0.0617 0.0538 0.0453 0.038 0.0358 0.0415 0.0537 0.0686 0.0277
3.000 3.000 15 0.0502 0.1941 0.1786 0.1576 0.1372 0.1232 0.1168 0.1152 0.1169 0.1738 0.1634 0.1424 0.1192 0.1016 0.0926 0.0913 0.0944 0.1283 0.1211 0.1069 0.0889 0.0749 0.0682 0.0693 0.0757 0.0977 0.0885 0.0759 0.0616 0.0497 0.0447 0.0496 0.0609 0.0877 0.0765 0.0627 0.0467 0.0307 0.0222 0.0316 0.0488 0.0838 0.0724 0.058 0.0409 0.0213 0.0 0.022 0.0433 0.0814 0.0709 0.0581 0.0434 0.0286 0.0208 0.0297 0.0462 0.0802 0.0713 0.0611 0.0505 0.0415 0.0383 0.0432 0.0541 0.0419
3.000 5.000 25 0.0678 0.216 0.1922 0.166 0.143 0.1259 0.1154 0.1096 0.106 0.2024 0.1858 0.1582 0.1294 0.107 0.093 0.0856 0.0833 0.1561 0.1466 0.1274 0.1049 0.0845 0.0708 0.0642 0.0637 0.1214 0.1116 0.0976 0.0806 0.0635 0.0499 0.0437 0.0464 0.1106 0.0992 0.0849 0.068 0.0495 0.0316 0.0221 0.0299 0.1066 0.095 0.0806 0.0632 0.0435 0.022 0.0 0.021 0.1029 0.0921 0.0788 0.0633 0.0462 0.0297 0.0209 0.0285 0.0998 0.0902 0.079 0.0664 0.0538 0.0431 0.0385 0.0417 0.0614
3.000 7.000 35 0.0867 0.2318 0.2039 0.1738 0.1491 0.1306 0.1165 0.1056 0.0965 0.228 0.2056 0.1729 0.1403 0.1145 0.0963 0.0836 0.0744 0.1829 0.1709 0.1481 0.1209 0.0967 0.0776 0.0641 0.0559 0.1447 0.1343 0.119 0.1001 0.0801 0.0615 0.0465 0.0386 0.133 0.1214 0.1067 0.0892 0.0695 0.0489 0.0299 0.0197 0.1288 0.1172 0.1025 0.085 0.0651 0.0433 0.021 0.0 0.1239 0.1129 0.0992 0.0832 0.0651 0.0461 0.0284 0.0189 0.1189 0.1088 0.0968 0.083 0.0683 0.0538 0.0415 0.0352 0.0816
5.000 -7.000 35 0.0685 0.0934 0.1136 0.1338 0.1504 0.1619 0.1722 0.1816 0.1911 0.0721 0.0915 0.1116 0.1282 0.1393 0.1479 0.1575 0.1682 0.0464 0.0582 0.0736 0.0908 0.1071 0.121 0.1348 0.1493 0.0313 0.0376 0.0485 0.0638 0.0817 0.101 0.1206 0.1397 0.0202 0.0254 0.0361 0.051 0.0693 0.0897 0.1113 0.1323 0.0096 0.0153 0.0272 0.0427 0.0611 0.0814 0.1029 0.1239 0.0 0.0101 0.0225 0.0375 0.0547 0.0736 0.0937 0.1135 0.0083 0.013 0.0228 0.0355 0.0503 0.0667 0.0841 0.1015 0.0623
5.000 -5.000 25 0.0621 0.1079 0.1263 0.1397 0.1497 0.1568 0.1627 0.171 0.1798 0.084 0.0995 0.1144 0.1251 0.1323 0.1386 0.1471 0.1578 0.0548 0.0621 0.0744 0.0873 0.1002 0.1127 0.126 0.1401 0.0372 0.0397 0.047 0.059 0.0749 0.0928 0.1116 0.1301 0.0254 0.0254 0.0315 0.0439 0.0607 0.0802 0.1012 0.1216 0.0153 0.0121 0.019 0.0331 0.0509 0.0709 0.0921 0.1129 0.0101 0.0 0.0125 0.0274 0.0446 0.0635 0.0835 0.1033 0.0131 0.0103 0.016 0.0276 0.042 0.0583 0.0756 0.0929 0.0549
5.000 -3.000 25 0.0565 0.1273 0.1398 0.1481 0.1495 0.1509 0.1543 0.1601 0.1685 0.1001 0.112 0.1201 0.1238 0.1258 0.1296 0.1369 0.1466 0.0668 0.072 0.0774 0.0858 0.0942 0.1043 0.1163 0.1295 0.0474 0.0466 0.0487 0.0561 0.0681 0.0835 0.101 0.1184 0.0359 0.0315 0.0311 0.0377 0.0513 0.0691 0.0889 0.1086 0.0271 0.019 0.0148 0.0228 0.0388 0.0581 0.0788 0.0992 0.0225 0.0125 0.0 0.0149 0.0321 0.0509 0.0708 0.0904 0.0231 0.016 0.0124 0.019 0.0321 0.0479 0.0649 0.0821 0.0478
5.000 -1.000 25 0.0538 0.1504 0.1567 0.1556 0.1516 0.1464 0.1463 0.1507 0.1569 0.1208 0.1283 0.1292 0.1254 0.1214 0.1217 0.1271 0.1352 0.0832 0.0856 0.0869 0.087 0.0904 0.0965 0.1063 0.1177 0.0619 0.0583 0.056 0.0569 0.0633 0.0747 0.0893 0.1051 0.0506 0.0437 0.0377 0.0364 0.0432 0.0572 0.075 0.0934 0.0424 0.033 0.0228 0.0174 0.0261 0.0434 0.0633 0.0832 0.0375 0.0274 0.0149 0.0 0.0171 0.0359 0.0556 0.0751 0.0361 0.0278 0.019 0.0144 0.0216 0.0358 0.0523 0.0691 0.0436
5.000 1.000 25 0.0568 0.1749 0.175 0.1655 0.1532 0.1448 0.1407 0.1424 0.1464 0.1454 0.1481 0.1415 0.1298 0.1202 0.1163 0.1185 0.1239 0.104 0.1034 0.0997 0.0941 0.09 0.0911 0.097 0.1056 0.0799 0.0745 0.0684 0.0637 0.0628 0.0679 0.0782 0.0905 0.0685 0.0603 0.0512 0.0431 0.0407 0.0471 0.0608 0.0769 0.0604 0.0505 0.0386 0.0261 0.0195 0.0286 0.0462 0.0651 0.0547 0.0446 0.0321 0.0171 0.0 0.0187 0.0383 0.0576 0.0515 0.0426 0.0323 0.0217 0.0161 0.0237 0.0383 0.0543 0.0461
5.000 3.000 25 0.0662 0.201 0.1921 0.176 0.1578 0.1446 0.1383 0.136 0.1361 0.1725 0.1701 0.1562 0.1376 0.1223 0.1139 0.1119 0.1131 0.1276 0.1252 0.1163 0.1048 0.0946 0.0895 0.0898 0.0937 0.1004 0.0938 0.0853 0.0758 0.0685 0.066 0.0693 0.0769 0.0888 0.0798 0.0689 0.0572 0.0471 0.0434 0.0487 0.0604 0.0805 0.0704 0.0578 0.0433 0.0286 0.0208 0.0297 0.0461 0.0736 0.0635 0.0509 0.0359 0.0187 0.0 0.0195 0.0385 0.0686 0.0594 0.0484 0.036 0.0237 0.0172 0.0247 0.0387 0.0564
5.000 5.000 25 0.0805 0.2244 0.209 0.1856 0.1639 0.1474 0.1372 0.1313 0.1261 0.2006 0.1924 0.172 0.1475 0.1274 0.1145 0.1072 0.1032 0.1528 0.1485 0.1358 0.1184 0.1028 0.0917 0.0858 0.0835 0.1225 0.115 0.1044 0.0919 0.0794 0.0698 0.0652 0.0653 0.1104 0.1009 0.0889 0.0752 0.0609 0.0487 0.0433 0.0463 0.1017 0.0914 0.0785 0.0632 0.0462 0.0297 0.0209 0.0284 0.0937 0.0835 0.0708 0.0556 0.0383 0.0195 0.0 0.0188 0.0866 0.0771 0.0657 0.0526 0.0384 0.0247 0.0174 0.0239 0.0718
5.000 7.000 35 0.0965 0.244 0.2218 0.1946 0.1694 0.151 0.1373 0.1262 0.1161 0.2268 0.2133 0.1868 0.1576 0.1336 0.1164 0.104 0.094 0.1777 0.1714 0.1552 0.1334 0.1128 0.0964 0.0842 0.0756 0.1444 0.1362 0.1241 0.1089 0.0928 0.0778 0.0657 0.0582 0.1318 0.1218 0.1091 0.094 0.0774 0.0606 0.0464 0.039 0.1227 0.1123 0.0991 0.0833 0.0653 0.0462 0.0285 0.0189 0.1135 0.1033 0.0904 0.0751 0.0576 0.0385 0.0188 0.0 0.1043 0.0946 0.0829 0.0693 0.0543 0.0385 0.0239 0.016 0.089
7.000 -7.000 35 0.075 0.1014 0.1233 0.1438 0.1591 0.1685 0.1765 0.1843 0.1936 0.0799 0.1005 0.1204 0.1354 0.1446 0.1519 0.1604 0.1708 0.0546 0.0669 0.0821 0.098 0.1127 0.1256 0.1392 0.1534 0.0397 0.0466 0.0571 0.0711 0.0878 0.1057 0.1242 0.1421 0.0286 0.034 0.0435 0.0569 0.0735 0.0923 0.1123 0.1316 0.0179 0.0226 0.032 0.0454 0.0617 0.0802 0.0998 0.1189 0.0083 0.0131 0.0231 0.0361 0.0515 0.0686 0.0866 0.1043 0.0 0.0084 0.0185 0.0304 0.044 0.0588 0.0745 0.0901 0.068
7.000 -5.000 35 0.0715 0.1157 0.1362 0.1509 0.1604 0.1659 0.1703 0.1773 0.1853 0.0917 0.1091 0.125 0.1351 0.1407 0.1457 0.1537 0.1635 0.0631 0.0721 0.085 0.0973 0.1089 0.1203 0.1327 0.1463 0.0459 0.0502 0.058 0.0693 0.0836 0.0999 0.1172 0.134 0.0337 0.0359 0.042 0.0528 0.0674 0.0849 0.1038 0.1222 0.0224 0.0225 0.0279 0.0388 0.0538 0.0713 0.0902 0.1088 0.013 0.0103 0.016 0.0278 0.0426 0.0594 0.0771 0.0946 0.0084 0.0 0.0101 0.0221 0.0356 0.0504 0.066 0.0816 0.0634
7.000 -3.000 35 0.069 0.134 0.1499 0.1603 0.1623 0.163 0.1652 0.1701 0.1775 0.1067 0.1216 0.1318 0.1363 0.1376 0.1404 0.1467 0.1556 0.0744 0.082 0.0894 0.0984 0.1062 0.1151 0.1259 0.1377 0.0554 0.0572 0.0614 0.0691 0.08 0.0938 0.1091 0.1244 0.0427 0.0417 0.0438 0.0502 0.0615 0.0766 0.0939 0.111 0.0315 0.0277 0.0273 0.0333 0.0453 0.0611 0.079 0.0968 0.0228 0.016 0.0124 0.019 0.0323 0.0484 0.0657 0.0829 0.0185 0.0101 0.0 0.0119 0.0254 0.0402 0.0557 0.0712 0.0597
7.000 -1.000 35 0.069 0.1556 0.1665 0.1689 0.1662 0.1612 0.1606 0.1641 0.1691 0.1255 0.137 0.1415 0.1397 0.136 0.1358 0.1402 0.1469 0.0893 0.0946 0.099 0.1014 0.1052 0.1106 0.1191 0.1286 0.0684 0.0679 0.0687 0.0717 0.0782 0.0881 0.1007 0.1136 0.0553 0.052 0.0498 0.0512 0.0573 0.0686 0.083 0.0984 0.0442 0.0383 0.0331 0.032 0.038 0.0505 0.0664 0.083 0.0355 0.0276 0.019 0.0144 0.0217 0.036 0.0526 0.0693 0.0304 0.0221 0.0119 0.0 0.0135 0.0282 0.0436 0.059 0.0586
7.000 1.000 35 0.0727 0.1788 0.1846 0.1795 0.1695 0.1617 0.1575 0.1585 0.1612 0.1476 0.1553 0.1536 0.1452 0.1369 0.1329 0.1344 0.1382 0.1077 0.1106 0.111 0.1088 0.1067 0.1078 0.1125 0.1191 0.0844 0.0821 0.0797 0.0783 0.0796 0.0843 0.0926 0.1024 0.0711 0.066 0.0609 0.0571 0.0573 0.0626 0.0728 0.0849 0.0596 0.0526 0.0448 0.0378 0.0358 0.0415 0.0538 0.0683 0.0503 0.042 0.0321 0.0216 0.0161 0.0237 0.0384 0.0543 0.044 0.0356 0.0254 0.0135 0.0 0.0146 0.03 0.0452 0.0618
7.000 3.000 35 0.0807 0.204 0.2021 0.1907 0.175 0.1627 0.1567 0.1539 0.1527 0.1722 0.1757 0.1677 0.1531 0.1398 0.1323 0.1297 0.1294 0.1285 0.1299 0.1258 0.1187 0.1115 0.1077 0.1075 0.1095 0.1027 0.0991 0.0942 0.0888 0.0848 0.0841 0.0864 0.0913 0.089 0.083 0.0755 0.0682 0.0625 0.0612 0.0647 0.0723 0.0771 0.0695 0.0602 0.0502 0.0415 0.0383 0.0431 0.0538 0.0667 0.0583 0.0479 0.0358 0.0237 0.0172 0.0247 0.0385 0.0588 0.0504 0.0402 0.0282 0.0146 0.0 0.0153 0.0303 0.0701
7.000 5.000 35 0.0925 0.2278 0.2197 0.2008 0.1814 0.1658 0.1561 0.15 0.1436 0.1979 0.197 0.1828 0.1626 0.1447 0.1329 0.1259 0.1205 0.1509 0.1507 0.1433 0.1309 0.1188 0.1097 0.1044 0.1006 0.1226 0.1179 0.1109 0.1023 0.0938 0.087 0.0835 0.0819 0.1083 0.1015 0.0928 0.0827 0.0729 0.0649 0.0613 0.0618 0.0958 0.0878 0.0778 0.066 0.0537 0.0432 0.0385 0.0415 0.0841 0.0756 0.0649 0.0523 0.0383 0.0247 0.0174 0.0239 0.0745 0.066 0.0557 0.0436 0.03 0.0153 0.0 0.0149 0.0823
7.000 7.000 35 0.1056 0.25 0.2339 0.2103 0.1865 0.1688 0.1555 0.1444 0.1333 0.223 0.2172 0.1972 0.1719 0.15 0.134 0.122 0.1112 0.1736 0.1713 0.1608 0.144 0.1271 0.1131 0.1019 0.0928 0.1425 0.1369 0.1282 0.1169 0.1047 0.0928 0.0827 0.0751 0.1279 0.1203 0.1106 0.0988 0.0856 0.073 0.0622 0.0556 0.1146 0.1063 0.0957 0.0829 0.0686 0.0541 0.0417 0.0352 0.1015 0.0929 0.0821 0.0691 0.0543 0.0387 0.0239 0.016 0.0901 0.0816 0.0712 0.059 0.0452 0.0303 0.0149 0.0 0.0967
0.500 0.000 0 0.0111 0.1512 0.138 0.1211 0.1093 0.1031 0.1037 0.1113 0.1211 0.1354 0.1223 0.1025 0.0867 0.0792 0.0809 0.09 0.1019 0.0965 0.0842 0.0664 0.0512 0.0485 0.0569 0.0705 0.0858 0.066 0.0537 0.0371 0.0206 0.0209 0.0386 0.0588 0.0782 0.0566 0.0443 0.029 0.0113 0.0119 0.0332 0.0556 0.077 0.0576 0.0472 0.0357 0.0263 0.0277 0.0419 0.0614 0.0816 0.0623 0.0549 0.0478 0.0436 0.0461 0.0564 0.0718 0.089 0.068 0.0634 0.0597 0.0586 0.0618 0.0701 0.0823 0.0967 0.0