n 66
m 3
tmax 33.3
Vmax 1.6
Vmin 1.4
kappa 1
dmax 46.62
-0.500 0.000 0 0.0 0.09 0.0823 0.0753 0.0705 0.0695 0.0726 0.0783 0.0854 0.0816 0.071 0.0604 0.0528 0.0525 0.0594 0.0698 0.0808 0.0737 0.0604 0.0452 0.0323 0.0323 0.0453 0.0614 0.076 0.0696 0.0551 0.0361 0.0138 0.0139 0.0365 0.0567 0.0733 0.0771 0.0621 0.0429 0.0237 0.0236 0.0421 0.0609 0.0762 0.1067 0.0925 0.0751 0.0603 0.0588 0.0701 0.0841 0.0957 0.1238 0.1169 0.1068 0.101 0.1002 0.105 0.1151 0.1231 0.131 0.1277 0.1227 0.1203 0.1193 0.1207 0.1265 0.1321 0.0129
-7.000 -7.000 35 0.09 0.0 0.0121 0.0265 0.0426 0.0592 0.0743 0.0867 0.0967 0.012 0.0188 0.0325 0.0494 0.0672 0.0838 0.0977 0.1089 0.0259 0.032 0.0444 0.0613 0.0801 0.0979 0.113 0.1252 0.0397 0.0466 0.0591 0.0762 0.0957 0.1141 0.1296 0.1417 0.0522 0.0611 0.0749 0.0931 0.1131 0.1313 0.1458 0.1566 0.0707 0.084 0.1013 0.1217 0.1429 0.1598 0.1713 0.1783 0.0896 0.1075 0.1306 0.1564 0.1797 0.1978 0.2079 0.2118 0.0994 0.1185 0.1425 0.1687 0.1921 0.2108 0.2221 0.2288 0.0984
-7.000 -5.000 35 0.0823 0.0121 0.0 0.0143 0.0303 0.0467 0.0616 0.0739 0.0836 0.0187 0.0145 0.0222 0.0372 0.0542 0.0702 0.0837 0.0945 0.0318 0.0313 0.038 0.0514 0.068 0.0843 0.0984 0.1098 0.0461 0.0487 0.0564 0.0696 0.0857 0.1018 0.1155 0.1264 0.0599 0.0655 0.0755 0.0898 0.106 0.121 0.133 0.142 0.0809 0.0903 0.1047 0.1209 0.1367 0.1499 0.1584 0.1636 0.1017 0.1183 0.1375 0.1585 0.177 0.1889 0.1955 0.1964 0.114 0.1326 0.1533 0.1752 0.1938 0.2055 0.2126 0.2141 0.0925
-7.000 -3.000 35 0.0753 0.0265 0.0143 0.0 0.0159 0.032 0.0466 0.0586 0.0683 0.0323 0.0221 0.0167 0.0247 0.0395 0.0544 0.0673 0.0779 0.0439 0.0377 0.0363 0.0427 0.055 0.0688 0.0815 0.0921 0.0575 0.0555 0.0576 0.0644 0.0755 0.0876 0.0991 0.1085 0.0717 0.0738 0.0793 0.0879 0.0985 0.1091 0.1179 0.1248 0.0945 0.1016 0.1099 0.1214 0.131 0.1383 0.1433 0.1459 0.1178 0.1314 0.1474 0.1616 0.1728 0.1789 0.1798 0.1781 0.1323 0.1483 0.1664 0.1816 0.1929 0.1985 0.1987 0.1969 0.087
-7.000 -1.000 35 0.0705 0.0426 0.0303 0.0159 0.0 0.0159 0.0302 0.042 0.0515 0.0489 0.037 0.0246 0.0178 0.0248 0.0375 0.0496 0.0598 0.0599 0.0507 0.0424 0.0391 0.0435 0.053 0.0635 0.073 0.0728 0.0676 0.0636 0.063 0.0665 0.0734 0.0814 0.0891 0.0872 0.0861 0.0863 0.0883 0.0917 0.0963 0.1014 0.1058 0.1116 0.1155 0.1196 0.122 0.1252 0.1261 0.1264 0.1264 0.1372 0.1477 0.1576 0.1656 0.1677 0.1664 0.1626 0.1569 0.1535 0.1664 0.1784 0.1877 0.1894 0.1873 0.1826 0.1758 0.0833
-7.000 1.000 35 0.0695 0.0592 0.0467 0.032 0.0159 0.0 0.0141 0.0259 0.0353 0.0664 0.0538 0.0393 0.0248 0.0169 0.0224 0.0327 0.0423 0.0775 0.0666 0.0545 0.0433 0.0377 0.0397 0.0467 0.0547 0.0903 0.0823 0.074 0.0661 0.0616 0.0615 0.0653 0.0704 0.1042 0.1007 0.096 0.091 0.0871 0.0851 0.0856 0.0875 0.1305 0.1311 0.1296 0.1257 0.1191 0.1144 0.1101 0.1072 0.1572 0.1648 0.1686 0.1676 0.1626 0.1534 0.1445 0.1362 0.1743 0.184 0.1894 0.1893 0.1843 0.174 0.1641 0.1547 0.0823
-7.000 3.000 35 0.0726 0.0743 0.0616 0.0466 0.0302 0.0141 0.0 0.0117 0.0212 0.0826 0.0696 0.0542 0.0375 0.0224 0.0146 0.0189 0.0272 0.0942 0.0823 0.068 0.0528 0.0397 0.0331 0.0341 0.0393 0.1068 0.0976 0.0857 0.0729 0.0615 0.0548 0.0531 0.0552 0.1207 0.1149 0.1066 0.0959 0.0854 0.0776 0.0732 0.0719 0.1486 0.1465 0.1398 0.1293 0.1167 0.1045 0.0965 0.0907 0.1769 0.1798 0.1786 0.17 0.1566 0.1426 0.1287 0.1175 0.194 0.198 0.1978 0.1897 0.1762 0.1619 0.1468 0.1346 0.0843
-7.000 5.000 35 0.0783 0.0867 0.0739 0.0586 0.042 0.0259 0.0117 0.0 0.0095 0.0964 0.083 0.0671 0.0497 0.0327 0.0189 0.0121 0.0155 0.1088 0.0961 0.0807 0.0634 0.0468 0.0342 0.0279 0.0283 0.1215 0.1111 0.0976 0.0814 0.0657 0.0534 0.0465 0.0441 0.1354 0.1279 0.1168 0.1023 0.087 0.0741 0.0655 0.0603 0.1653 0.1606 0.1501 0.1338 0.1158 0.0994 0.0864 0.0779 0.1937 0.194 0.1866 0.1726 0.1532 0.1335 0.1168 0.1025 0.2098 0.2102 0.2028 0.189 0.1696 0.1498 0.1331 0.1177 0.0889
-7.000 7.000 35 0.0854 0.0967 0.0836 0.0683 0.0515 0.0353 0.0212 0.0095 0.0 0.1077 0.0941 0.078 0.0601 0.0425 0.0273 0.0156 0.0098 0.1212 0.108 0.0919 0.0735 0.0553 0.0397 0.0284 0.0228 0.1342 0.1229 0.1081 0.0903 0.0719 0.0562 0.0446 0.038 0.1484 0.1395 0.1263 0.1091 0.0906 0.074 0.0614 0.0531 0.1799 0.1733 0.1598 0.1397 0.1167 0.0966 0.0805 0.0686 0.2084 0.2055 0.1946 0.1749 0.1514 0.1277 0.1072 0.0911 0.224 0.2189 0.2072 0.1871 0.164 0.1408 0.1206 0.1046 0.0947
-5.000 -7.000 35 0.0816 0.012 0.0187 0.0323 0.0489 0.0664 0.0826 0.0964 0.1077 0.0 0.0144 0.0314 0.0508 0.0711 0.0899 0.1061 0.1194 0.0137 0.0214 0.0372 0.0572 0.079 0.0996 0.1175 0.1323 0.0272 0.034 0.048 0.0676 0.0898 0.1112 0.1296 0.1445 0.0395 0.0477 0.0618 0.0815 0.1037 0.1248 0.1423 0.1559 0.0583 0.0708 0.0881 0.1096 0.1332 0.1531 0.1674 0.1766 0.077 0.0935 0.116 0.1425 0.1681 0.1888 0.2036 0.2109 0.0867 0.104 0.1267 0.1527 0.1773 0.1987 0.2136 0.2233 0.0885
-5.000 -5.000 25 0.071 0.0188 0.0145 0.0221 0.037 0.0538 0.0696 0.083 0.0941 0.0144 0.0 0.017 0.0363 0.0564 0.075 0.091 0.1041 0.0213 0.0166 0.0256 0.0435 0.0642 0.0841 0.1015 0.1159 0.0337 0.0337 0.0417 0.0574 0.0771 0.0968 0.1141 0.1281 0.047 0.0504 0.0599 0.0753 0.0941 0.1126 0.1282 0.1404 0.0683 0.0757 0.0894 0.1063 0.1243 0.1408 0.1528 0.1606 0.0889 0.1035 0.1213 0.1426 0.1632 0.1786 0.1883 0.1938 0.1011 0.1175 0.1364 0.1578 0.1777 0.1922 0.2031 0.2086 0.0797
-5.000 -3.000 25 0.0604 0.0325 0.0222 0.0167 0.0246 0.0393 0.0542 0.0671 0.078 0.0314 0.017 0.0 0.0191 0.0389 0.0573 0.0729 0.0858 0.0369 0.0256 0.0195 0.0291 0.0472 0.0659 0.0826 0.0965 0.0472 0.0413 0.0405 0.0484 0.0633 0.0801 0.0956 0.1086 0.0599 0.059 0.0621 0.0708 0.0838 0.098 0.1111 0.1216 0.0829 0.0872 0.0933 0.1046 0.1161 0.1267 0.1355 0.1414 0.106 0.1167 0.1306 0.1441 0.1569 0.1665 0.1713 0.1728 0.1202 0.1333 0.1493 0.1634 0.1757 0.1841 0.1879 0.1901 0.0711
-5.000 -1.000 25 0.0528 0.0494 0.0372 0.0247 0.0178 0.0248 0.0375 0.0497 0.0601 0.0508 0.0363 0.0191 0.0 0.0195 0.0375 0.0529 0.0657 0.0564 0.0432 0.0291 0.0213 0.0301 0.0461 0.0617 0.075 0.0654 0.0564 0.048 0.045 0.0506 0.0624 0.0753 0.087 0.0776 0.0732 0.07 0.0701 0.0748 0.0829 0.092 0.1007 0.1024 0.1029 0.1038 0.1044 0.1086 0.1124 0.1163 0.12 0.1276 0.1346 0.1413 0.1478 0.1505 0.1521 0.1522 0.1502 0.1431 0.1526 0.1616 0.1694 0.1716 0.1719 0.1707 0.1675 0.0654
-5.000 1.000 25 0.0525 0.0672 0.0542 0.0395 0.0248 0.0169 0.0224 0.0327 0.0425 0.0711 0.0564 0.0389 0.0195 0.0 0.0178 0.0331 0.0458 0.0774 0.0634 0.0469 0.03 0.0208 0.0279 0.0412 0.0538 0.086 0.0751 0.0625 0.0504 0.0445 0.0474 0.0561 0.0658 0.098 0.0908 0.0826 0.0745 0.0698 0.07 0.0743 0.0799 0.1246 0.1216 0.1163 0.1096 0.1023 0.0995 0.0983 0.0988 0.1506 0.1544 0.1544 0.1508 0.1456 0.1382 0.1325 0.1277 0.1663 0.1722 0.1741 0.1719 0.1669 0.1583 0.1513 0.1451 0.0651
-5.000 3.000 25 0.0594 0.0838 0.0702 0.0544 0.0375 0.0224 0.0146 0.0189 0.0273 0.0899 0.075 0.0573 0.0375 0.0178 0.0 0.0153 0.0279 0.0974 0.0829 0.0654 0.046 0.0279 0.0185 0.0242 0.0351 0.106 0.094 0.079 0.0622 0.0474 0.04 0.0412 0.0477 0.1181 0.1092 0.0969 0.083 0.0703 0.0626 0.0605 0.0626 0.1466 0.1409 0.13 0.116 0.1017 0.0898 0.0839 0.0809 0.1728 0.1726 0.1673 0.1555 0.1409 0.1277 0.1159 0.1076 0.1887 0.1885 0.1845 0.1738 0.1597 0.1466 0.1337 0.1241 0.0703
-5.000 5.000 25 0.0698 0.0977 0.0837 0.0673 0.0496 0.0327 0.0189 0.0121 0.0156 0.1061 0.091 0.0729 0.0529 0.0331 0.0153 0.0 0.0127 0.1148 0.1001 0.082 0.0616 0.0413 0.0242 0.0158 0.0203 0.1238 0.1111 0.0947 0.0754 0.0564 0.0414 0.0341 0.0344 0.1362 0.1258 0.1113 0.0932 0.0753 0.0611 0.0529 0.0499 0.1666 0.1587 0.1441 0.1239 0.1035 0.0863 0.0738 0.0674 0.1939 0.1889 0.1782 0.1609 0.1396 0.1197 0.1042 0.0919 0.2067 0.2028 0.1914 0.175 0.1546 0.1354 0.1202 0.1069 0.0791
-5.000 7.000 35 0.0808 0.1089 0.0945 0.0779 0.0598 0.0423 0.0272 0.0155 0.0098 0.1194 0.1041 0.0858 0.0657 0.0458 0.0279 0.0127 0.0 0.1296 0.1146 0.0962 0.0753 0.0541 0.0352 0.0203 0.013 0.1392 0.1259 0.1086 0.0879 0.0668 0.0483 0.0346 0.0279 0.1519 0.1404 0.124 0.1036 0.0823 0.064 0.0505 0.0428 0.1842 0.1744 0.157 0.1331 0.1073 0.0856 0.0693 0.0582 0.2111 0.204 0.1879 0.1656 0.1401 0.1156 0.0956 0.0807 0.2211 0.2128 0.1974 0.1747 0.1506 0.1275 0.1084 0.0939 0.0885
-3.000 -7.000 35 0.0737 0.0259 0.0318 0.0439 0.0599 0.0775 0.0942 0.1088 0.1212 0.0137 0.0213 0.0369 0.0564 0.0774 0.0974 0.1148 0.1296 0.0 0.0153 0.034 0.0559 0.0796 0.1023 0.1222 0.1388 0.0132 0.0212 0.0379 0.0598 0.0842 0.1078 0.1284 0.1452 0.0255 0.0333 0.0483 0.0699 0.0943 0.1176 0.1372 0.1526 0.0451 0.0568 0.0747 0.0994 0.125 0.1482 0.1651 0.1762 0.0636 0.0784 0.1006 0.1284 0.1568 0.1815 0.1999 0.2113 0.073 0.0883 0.1095 0.1353 0.1612 0.1843 0.2044 0.2185 0.0785
-3.000 -5.000 25 0.0604 0.032 0.0313 0.0377 0.0507 0.0666 0.0823 0.0961 0.108 0.0214 0.0166 0.0256 0.0432 0.0634 0.0829 0.1001 0.1146 0.0153 0.0 0.0187 0.0406 0.0641 0.0865 0.1061 0.1224 0.0211 0.0168 0.0266 0.0464 0.0697 0.0925 0.1124 0.1288 0.033 0.0336 0.0429 0.0602 0.0822 0.1037 0.1222 0.1367 0.0549 0.0598 0.0728 0.0912 0.1133 0.1328 0.1482 0.1584 0.0752 0.0874 0.1035 0.1255 0.149 0.1686 0.183 0.1917 0.0871 0.101 0.1178 0.1387 0.1601 0.1776 0.1915 0.2027 0.0669
-3.000 -3.000 15 0.0452 0.0444 0.038 0.0363 0.0424 0.0545 0.068 0.0807 0.0919 0.0372 0.0256 0.0195 0.0291 0.0469 0.0654 0.082 0.0962 0.034 0.0187 0.0 0.0217 0.0449 0.067 0.0862 0.1023 0.0375 0.0266 0.0207 0.0316 0.0521 0.0735 0.0926 0.1085 0.0475 0.0426 0.0423 0.0517 0.0682 0.0867 0.1034 0.1169 0.071 0.0715 0.0747 0.0859 0.1002 0.1155 0.1279 0.1369 0.0935 0.1004 0.1117 0.1242 0.1394 0.1534 0.1628 0.1685 0.1069 0.1165 0.1298 0.1426 0.1561 0.1677 0.1757 0.1813 0.0541
-3.000 -1.000 15 0.0323 0.0613 0.0514 0.0427 0.0391 0.0433 0.0528 0.0634 0.0735 0.0572 0.0435 0.0291 0.0213 0.03 0.046 0.0616 0.0753 0.0559 0.0406 0.0217 0.0 0.0228 0.0445 0.0634 0.0793 0.0588 0.0459 0.0316 0.0235 0.0337 0.052 0.0699 0.0851 0.0681 0.0595 0.0515 0.0486 0.0552 0.0681 0.0819 0.0941 0.0935 0.0894 0.0857 0.0839 0.0893 0.097 0.1057 0.1127 0.1175 0.1199 0.1225 0.127 0.1304 0.1357 0.1405 0.1428 0.1313 0.1367 0.142 0.148 0.1506 0.1537 0.1565 0.1575 0.0443
-3.000 1.000 15 0.0323 0.0801 0.068 0.055 0.0435 0.0377 0.0397 0.0468 0.0553 0.079 0.0642 0.0472 0.0301 0.0208 0.0279 0.0413 0.0541 0.0796 0.0641 0.0449 0.0228 0.0 0.0214 0.0402 0.0559 0.0824 0.0688 0.0518 0.0337 0.0235 0.0318 0.0471 0.0614 0.0917 0.0811 0.068 0.0553 0.0487 0.0519 0.061 0.0711 0.1196 0.1122 0.1014 0.0905 0.082 0.0815 0.0843 0.0889 0.1438 0.1429 0.1377 0.1307 0.1251 0.1197 0.118 0.1174 0.1568 0.158 0.1557 0.1507 0.1457 0.139 0.1354 0.1331 0.0444
-3.000 3.000 15 0.0453 0.0979 0.0843 0.0688 0.053 0.0397 0.0331 0.0342 0.0397 0.0996 0.0841 0.0659 0.0461 0.0279 0.0185 0.0242 0.0352 0.1023 0.0865 0.067 0.0445 0.0214 0.0 0.0187 0.0343 0.1054 0.0913 0.0732 0.052 0.0318 0.0212 0.0277 0.04 0.1152 0.1031 0.087 0.0685 0.0521 0.0436 0.0447 0.0512 0.1456 0.1356 0.12 0.1006 0.0835 0.0713 0.068 0.0685 0.1695 0.1644 0.1541 0.1381 0.1215 0.1092 0.0999 0.0951 0.1803 0.1763 0.1679 0.1543 0.1393 0.1274 0.117 0.1106 0.0544
-3.000 5.000 25 0.0614 0.113 0.0984 0.0815 0.0635 0.0467 0.0341 0.0279 0.0284 0.1175 0.1015 0.0826 0.0617 0.0412 0.0242 0.0158 0.0203 0.1222 0.1061 0.0862 0.0634 0.0402 0.0187 0.0 0.0156 0.1259 0.1113 0.0925 0.0701 0.0472 0.0278 0.018 0.023 0.1361 0.123 0.105 0.0833 0.0618 0.045 0.0365 0.0365 0.1692 0.1572 0.1377 0.1136 0.0888 0.0699 0.0578 0.0538 0.1923 0.1836 0.168 0.1467 0.1229 0.1024 0.0881 0.0783 0.2009 0.191 0.1766 0.1575 0.1359 0.1172 0.1037 0.0928 0.0681
-3.000 7.000 35 0.076 0.1252 0.1098 0.0921 0.073 0.0547 0.0393 0.0283 0.0228 0.1323 0.1159 0.0965 0.075 0.0538 0.0351 0.0203 0.013 0.1388 0.1224 0.1023 0.0793 0.0559 0.0343 0.0156 0.0 0.1431 0.1282 0.1089 0.0858 0.0619 0.0402 0.0231 0.0146 0.1539 0.1399 0.1205 0.097 0.0728 0.0519 0.0367 0.0291 0.1894 0.1757 0.1538 0.1254 0.0971 0.0723 0.0552 0.0447 0.2114 0.1996 0.1801 0.1541 0.1263 0.1006 0.0808 0.0673 0.2159 0.203 0.1828 0.1588 0.1338 0.111 0.093 0.0801 0.0814
-1.000 -7.000 35 0.0696 0.0397 0.0461 0.0575 0.0728 0.0903 0.1068 0.1215 0.1342 0.0272 0.0337 0.0472 0.0654 0.086 0.106 0.1238 0.1392 0.0132 0.0211 0.0375 0.0588 0.0824 0.1054 0.1259 0.1431 0.0 0.0145 0.0332 0.0564 0.0821 0.107 0.1287 0.1464 0.0129 0.0216 0.0397 0.0636 0.09 0.1149 0.1356 0.1518 0.0338 0.0449 0.0659 0.0949 0.126 0.1535 0.1737 0.1865 0.0517 0.0645 0.0872 0.1162 0.1501 0.1804 0.205 0.2225 0.0607 0.0734 0.0934 0.1192 0.1464 0.1725 0.1956 0.2151 0.0731
-1.000 -5.000 25 0.0551 0.0466 0.0487 0.0555 0.0676 0.0823 0.0976 0.1111 0.1229 0.034 0.0337 0.0413 0.0564 0.0751 0.094 0.1111 0.1259 0.0212 0.0168 0.0266 0.0459 0.0688 0.0913 0.1113 0.1282 0.0145 0.0 0.0188 0.0419 0.0674 0.092 0.1133 0.1307 0.0215 0.0173 0.0282 0.0498 0.0752 0.0993 0.1196 0.1355 0.0436 0.0453 0.0581 0.0807 0.1082 0.1333 0.1523 0.1647 0.0629 0.0721 0.0864 0.1103 0.1369 0.164 0.1846 0.1991 0.0741 0.085 0.0993 0.12 0.1435 0.1645 0.1832 0.1987 0.0588
-1.000 -3.000 15 0.0361 0.0591 0.0564 0.0576 0.0636 0.074 0.0857 0.0976 0.1081 0.048 0.0417 0.0405 0.048 0.0625 0.079 0.0947 0.1086 0.0379 0.0266 0.0207 0.0316 0.0518 0.0732 0.0925 0.1089 0.0332 0.0188 0.0 0.0229 0.048 0.0722 0.0931 0.1102 0.0393 0.0282 0.0221 0.0343 0.0565 0.0794 0.0989 0.1144 0.063 0.0572 0.0565 0.0684 0.0883 0.1097 0.1269 0.1388 0.0831 0.0846 0.0926 0.1043 0.1235 0.1421 0.1596 0.1709 0.0945 0.0997 0.1098 0.121 0.1363 0.1521 0.1651 0.1761 0.0408
-1.000 -1.000 5 0.0138 0.0762 0.0696 0.0644 0.063 0.0661 0.0729 0.0814 0.0903 0.0676 0.0574 0.0484 0.045 0.0504 0.0622 0.0754 0.0879 0.0598 0.0464 0.0316 0.0235 0.0337 0.052 0.0701 0.0858 0.0564 0.0419 0.0229 0.0 0.0247 0.0483 0.0689 0.0856 0.0631 0.0498 0.0343 0.0254 0.0366 0.0561 0.0746 0.0895 0.0898 0.0794 0.0683 0.0628 0.0704 0.0844 0.0988 0.1098 0.1093 0.1066 0.103 0.1051 0.1096 0.1204 0.1304 0.1397 0.1206 0.1205 0.1211 0.125 0.128 0.1348 0.1428 0.149 0.0228
-1.000 1.000 5 0.0139 0.0957 0.0857 0.0755 0.0665 0.0616 0.0615 0.0657 0.0719 0.0898 0.0771 0.0633 0.0506 0.0445 0.0474 0.0564 0.0668 0.0842 0.0697 0.0521 0.0337 0.0235 0.0318 0.0472 0.0619 0.0821 0.0674 0.048 0.0247 0.0 0.0233 0.0435 0.0601 0.0898 0.0755 0.0568 0.0367 0.0253 0.034 0.0498 0.064 0.1204 0.1073 0.0892 0.0712 0.0604 0.0633 0.072 0.0813 0.1404 0.1316 0.1214 0.1091 0.1029 0.1002 0.1042 0.1084 0.1477 0.1435 0.1358 0.1275 0.1224 0.118 0.1187 0.1214 0.0228
-1.000 3.000 15 0.0365 0.1141 0.1018 0.0876 0.0734 0.0615 0.0548 0.0534 0.0562 0.1112 0.0968 0.0801 0.0624 0.0474 0.04 0.0414 0.0483 0.1078 0.0925 0.0735 0.052 0.0318 0.0212 0.0278 0.0402 0.107 0.092 0.0722 0.0483 0.0233 0.0 0.0201 0.0366 0.1159 0.1007 0.0805 0.0567 0.0342 0.0223 0.0289 0.041 0.1504 0.1355 0.1134 0.0871 0.0646 0.0514 0.0516 0.057 0.1692 0.1583 0.1401 0.1202 0.1005 0.089 0.0828 0.0829 0.1725 0.1632 0.1501 0.1329 0.1168 0.1063 0.0988 0.0965 0.041
-1.000 5.000 25 0.0567 0.1296 0.1155 0.0991 0.0814 0.0653 0.0531 0.0465 0.0446 0.1296 0.1141 0.0956 0.0753 0.0561 0.0412 0.0341 0.0346 0.1284 0.1124 0.0926 0.0699 0.0471 0.0277 0.018 0.0231 0.1287 0.1133 0.0931 0.0689 0.0435 0.0201 0.0 0.0164 0.1386 0.1228 0.1015 0.076 0.0503 0.029 0.0184 0.0231 0.1771 0.1605 0.1358 0.1054 0.0753 0.0529 0.0405 0.0397 0.1942 0.18 0.1591 0.1316 0.1056 0.0837 0.071 0.0639 0.1924 0.1788 0.1604 0.1385 0.1157 0.0973 0.0858 0.0777 0.06
-1.000 7.000 35 0.0733 0.1417 0.1264 0.1085 0.0891 0.0704 0.0552 0.0441 0.038 0.1445 0.1281 0.1086 0.087 0.0658 0.0477 0.0344 0.0279 0.1452 0.1288 0.1085 0.0851 0.0614 0.04 0.023 0.0146 0.1464 0.1307 0.1102 0.0856 0.0601 0.0366 0.0164 0.0 0.1572 0.1408 0.1186 0.0922 0.0652 0.0414 0.0232 0.0144 0.1992 0.1814 0.1548 0.1218 0.0883 0.0599 0.0407 0.0305 0.2142 0.1974 0.1732 0.1435 0.1119 0.0855 0.0652 0.0533 0.2068 0.1899 0.1677 0.1418 0.1161 0.0934 0.0765 0.0657 0.0759
1.000 -7.000 35 0.0771 0.0522 0.0599 0.0717 0.0872 0.1042 0.1207 0.1354 0.1484 0.0395 0.047 0.0599 0.0776 0.098 0.1181 0.1362 0.1519 0.0255 0.033 0.0475 0.0681 0.0917 0.1152 0.1361 0.1539 0.0129 0.0215 0.0393 0.0631 0.0898 0.1159 0.1386 0.1572 0.0 0.0191 0.0438 0.0732 0.1047 0.1337 0.1575 0.1757 0.0213 0.0352 0.0644 0.1025 0.1434 0.1807 0.2098 0.2299 0.0368 0.0484 0.0724 0.1047 0.1419 0.1788 0.2117 0.2391 0.0447 0.0553 0.0736 0.098 0.1268 0.1548 0.1808 0.2047 0.083
1.000 -5.000 25 0.0621 0.0611 0.0655 0.0738 0.0861 0.1007 0.1149 0.1279 0.1395 0.0477 0.0504 0.059 0.0732 0.0908 0.1092 0.1258 0.1404 0.0333 0.0336 0.0426 0.0595 0.0811 0.1031 0.123 0.1399 0.0216 0.0173 0.0282 0.0498 0.0755 0.1007 0.1228 0.1408 0.0191 0.0 0.0246 0.0539 0.085 0.1135 0.1368 0.1546 0.0348 0.0292 0.0461 0.0798 0.1182 0.1535 0.1811 0.2002 0.0489 0.0528 0.0665 0.0944 0.1274 0.1609 0.1907 0.2151 0.058 0.0641 0.0765 0.097 0.1211 0.1472 0.1706 0.1919 0.0653
1.000 -3.000 15 0.0429 0.0749 0.0755 0.0793 0.0863 0.096 0.1066 0.1168 0.1263 0.0618 0.0599 0.0621 0.07 0.0826 0.0969 0.1113 0.124 0.0483 0.0429 0.0423 0.0515 0.068 0.087 0.105 0.1205 0.0397 0.0282 0.0221 0.0343 0.0568 0.0805 0.1015 0.1186 0.0438 0.0246 0.0 0.029 0.0595 0.0874 0.1102 0.1276 0.0625 0.0457 0.0364 0.0543 0.0873 0.1199 0.146 0.1643 0.0732 0.0665 0.0689 0.0816 0.108 0.1357 0.1614 0.1824 0.0792 0.0787 0.084 0.0947 0.1124 0.1315 0.1519 0.1697 0.0422
1.000 -1.000 5 0.0237 0.0931 0.0898 0.0879 0.0883 0.091 0.0959 0.1023 0.1091 0.0815 0.0753 0.0708 0.0701 0.0745 0.083 0.0932 0.1036 0.0699 0.0602 0.0517 0.0486 0.0553 0.0685 0.0833 0.097 0.0636 0.0498 0.0343 0.0254 0.0367 0.0567 0.076 0.0922 0.0732 0.0539 0.029 0.0 0.0299 0.0572 0.0795 0.0966 0.098 0.0781 0.054 0.04 0.0554 0.0828 0.107 0.1246 0.1048 0.0937 0.081 0.0788 0.0866 0.1069 0.1269 0.1443 0.1066 0.1009 0.0958 0.0964 0.1012 0.1128 0.126 0.1405 0.0159
1.000 1.000 5 0.0236 0.1131 0.106 0.0985 0.0917 0.0871 0.0854 0.087 0.0906 0.1037 0.0941 0.0838 0.0748 0.0698 0.0703 0.0753 0.0823 0.0943 0.0822 0.0682 0.0552 0.0487 0.0521 0.0618 0.0728 0.09 0.0752 0.0565 0.0366 0.0253 0.0342 0.0503 0.0652 0.1047 0.085 0.0595 0.0299 0.0 0.0269 0.0489 0.0658 0.1362 0.1151 0.0865 0.0554 0.0378 0.0491 0.0695 0.0862 0.1397 0.1246 0.1059 0.0856 0.0776 0.0799 0.0935 0.1065 0.1369 0.1252 0.113 0.1006 0.0949 0.094 0.1006 0.1091 0.0156
1.000 3.000 15 0.0421 0.1313 0.121 0.1091 0.0963 0.0851 0.0776 0.0741 0.074 0.1248 0.1126 0.098 0.0829 0.07 0.0626 0.0611 0.064 0.1176 0.1037 0.0867 0.0681 0.0519 0.0436 0.045 0.0519 0.1149 0.0993 0.0794 0.0561 0.034 0.0223 0.029 0.0414 0.1337 0.1135 0.0874 0.0572 0.0269 0.0 0.0219 0.0388 0.1719 0.1498 0.1191 0.0831 0.0493 0.0315 0.0392 0.0535 0.172 0.1541 0.1305 0.1039 0.0786 0.0674 0.0663 0.0747 0.163 0.1485 0.129 0.1096 0.0919 0.0828 0.0793 0.0827 0.0404
1.000 5.000 25 0.0609 0.1458 0.133 0.1179 0.1014 0.0856 0.0732 0.0655 0.0614 0.1423 0.1282 0.1111 0.092 0.0743 0.0605 0.0529 0.0505 0.1372 0.1222 0.1034 0.0819 0.061 0.0447 0.0365 0.0367 0.1356 0.1196 0.0989 0.0746 0.0498 0.0289 0.0184 0.0232 0.1575 0.1368 0.1102 0.0795 0.0489 0.0219 0.0 0.0169 0.2018 0.1789 0.1469 0.1088 0.0706 0.0395 0.0241 0.0292 0.1983 0.1783 0.1518 0.1209 0.0906 0.0653 0.0537 0.051 0.1826 0.1651 0.1432 0.1175 0.0947 0.0764 0.0671 0.0627 0.0615
1.000 7.000 35 0.0762 0.1566 0.142 0.1248 0.1058 0.0875 0.0719 0.0603 0.0531 0.1559 0.1404 0.1216 0.1007 0.0799 0.0626 0.0499 0.0428 0.1526 0.1367 0.1169 0.0941 0.0711 0.0512 0.0365 0.0291 0.1518 0.1355 0.1144 0.0895 0.064 0.041 0.0231 0.0144 0.1757 0.1546 0.1276 0.0966 0.0658 0.0388 0.0169 0.0 0.2253 0.2016 0.1687 0.1293 0.0895 0.055 0.0295 0.0175 0.2178 0.1963 0.168 0.1348 0.1015 0.0728 0.0505 0.04 0.1954 0.1758 0.1517 0.1247 0.0976 0.0762 0.06 0.0514 0.0778
3.000 -7.000 35 0.1067 0.0707 0.0809 0.0945 0.1116 0.1305 0.1486 0.1653 0.1799 0.0583 0.0683 0.0829 0.1024 0.1246 0.1466 0.1666 0.1842 0.0451 0.0549 0.071 0.0935 0.1196 0.1456 0.1692 0.1894 0.0338 0.0436 0.063 0.0898 0.1204 0.1504 0.1771 0.1992 0.0213 0.0348 0.0625 0.098 0.1362 0.1719 0.2018 0.2253 0.0 0.0235 0.0561 0.0973 0.1428 0.1861 0.2223 0.25 0.0134 0.0235 0.0445 0.073 0.1055 0.1379 0.1676 0.1937 0.0219 0.0297 0.0441 0.0647 0.0881 0.1109 0.1315 0.1499 0.1131
3.000 -5.000 25 0.0925 0.084 0.0903 0.1016 0.1155 0.1311 0.1465 0.1606 0.1733 0.0708 0.0757 0.0872 0.1029 0.1216 0.1409 0.1587 0.1744 0.0568 0.0598 0.0715 0.0894 0.1122 0.1356 0.1572 0.1757 0.0449 0.0453 0.0572 0.0794 0.1073 0.1355 0.1605 0.1814 0.0352 0.0292 0.0457 0.0781 0.1151 0.1498 0.1789 0.2016 0.0235 0.0 0.0327 0.0737 0.1186 0.1612 0.1967 0.2237 0.0239 0.0199 0.0334 0.06 0.0918 0.1238 0.1531 0.1787 0.0307 0.0315 0.0414 0.0586 0.0805 0.1024 0.1226 0.1408 0.095
3.000 -3.000 15 0.0751 0.1013 0.1047 0.1099 0.1196 0.1296 0.1398 0.1501 0.1598 0.0881 0.0894 0.0933 0.1038 0.1163 0.13 0.1441 0.157 0.0747 0.0728 0.0747 0.0857 0.1014 0.12 0.1377 0.1538 0.0659 0.0581 0.0565 0.0683 0.0892 0.1134 0.1358 0.1548 0.0644 0.0461 0.0364 0.054 0.0865 0.1191 0.1469 0.1687 0.0561 0.0327 0.0 0.0405 0.0846 0.1263 0.161 0.1873 0.0464 0.0338 0.027 0.0426 0.071 0.1015 0.1297 0.1542 0.047 0.0426 0.0419 0.052 0.0685 0.088 0.1068 0.1241 0.0714
3.000 -1.000 15 0.0603 0.1217 0.1209 0.1214 0.122 0.1257 0.1293 0.1338 0.1397 0.1096 0.1063 0.1046 0.1044 0.1096 0.116 0.1239 0.1331 0.0994 0.0912 0.0859 0.0839 0.0905 0.1006 0.1136 0.1254 0.0949 0.0807 0.0684 0.0628 0.0712 0.0871 0.1054 0.1218 0.1025 0.0798 0.0543 0.04 0.0554 0.0831 0.1088 0.1293 0.0973 0.0737 0.0405 0.0 0.0433 0.0839 0.1179 0.1436 0.0776 0.0617 0.0429 0.0321 0.0467 0.0729 0.099 0.1221 0.0714 0.0615 0.053 0.0488 0.0562 0.0693 0.0853 0.101 0.0501
3.000 1.000 15 0.0588 0.1429 0.1367 0.131 0.1252 0.1191 0.1167 0.1158 0.1167 0.1332 0.1243 0.1161 0.1086 0.1023 0.1017 0.1035 0.1073 0.125 0.1133 0.1002 0.0893 0.082 0.0835 0.0888 0.0971 0.126 0.1082 0.0883 0.0704 0.0604 0.0646 0.0753 0.0883 0.1434 0.1182 0.0873 0.0554 0.0378 0.0493 0.0706 0.0895 0.1428 0.1186 0.0846 0.0433 0.0 0.04 0.0733 0.0987 0.1129 0.095 0.0718 0.0468 0.0327 0.0446 0.0665 0.0875 0.0991 0.086 0.0705 0.0567 0.0485 0.0528 0.0629 0.0759 0.0488
3.000 3.000 15 0.0701 0.1598 0.1499 0.1383 0.1261 0.1144 0.1045 0.0994 0.0966 0.1531 0.1408 0.1267 0.1124 0.0995 0.0898 0.0863 0.0856 0.1482 0.1328 0.1155 0.097 0.0815 0.0713 0.0699 0.0723 0.1535 0.1333 0.1097 0.0844 0.0633 0.0514 0.0529 0.0599 0.1807 0.1535 0.1199 0.0828 0.0491 0.0315 0.0395 0.055 0.1861 0.1612 0.1263 0.0839 0.04 0.0 0.0331 0.0583 0.1464 0.1271 0.1018 0.0724 0.0444 0.0297 0.0387 0.056 0.125 0.1096 0.0905 0.0697 0.0526 0.0432 0.0458 0.0536 0.0662
3.000 5.000 25 0.0841 0.1713 0.1584 0.1433 0.1264 0.1101 0.0965 0.0864 0.0805 0.1674 0.1528 0.1355 0.1163 0.0983 0.0839 0.0738 0.0693 0.1651 0.1482 0.1279 0.1057 0.0843 0.068 0.0578 0.0552 0.1737 0.1523 0.1269 0.0988 0.072 0.0516 0.0405 0.0407 0.2098 0.1811 0.146 0.107 0.0695 0.0392 0.0241 0.0295 0.2223 0.1967 0.161 0.1179 0.0733 0.0331 0.0 0.0252 0.174 0.1538 0.1273 0.0963 0.0649 0.0383 0.0249 0.0314 0.1454 0.1285 0.1075 0.0839 0.0616 0.045 0.0364 0.0379 0.0855
3.000 7.000 35 0.0957 0.1783 0.1636 0.1459 0.1264 0.1072 0.0907 0.0779 0.0686 0.1766 0.1606 0.1414 0.12 0.0988 0.0809 0.0674 0.0582 0.1762 0.1584 0.1369 0.1127 0.0889 0.0685 0.0538 0.0447 0.1865 0.1647 0.1388 0.1098 0.0813 0.057 0.0397 0.0305 0.2299 0.2002 0.1643 0.1246 0.0862 0.0535 0.0292 0.0175 0.25 0.2237 0.1873 0.1436 0.0987 0.0583 0.0252 0.0 0.1945 0.1736 0.1465 0.115 0.0828 0.0539 0.0309 0.0196 0.1596 0.1419 0.1199 0.0953 0.0713 0.0511 0.0368 0.0294 0.1004
5.000 -7.000 35 0.1238 0.0896 0.1017 0.1178 0.1372 0.1572 0.1769 0.1937 0.2084 0.077 0.0889 0.106 0.1276 0.1506 0.1728 0.1939 0.2111 0.0636 0.0752 0.0935 0.1175 0.1438 0.1695 0.1923 0.2114 0.0517 0.0629 0.0831 0.1093 0.1404 0.1692 0.1942 0.2142 0.0368 0.0489 0.0732 0.1048 0.1397 0.172 0.1983 0.2178 0.0134 0.0239 0.0464 0.0776 0.1129 0.1464 0.174 0.1945 0.0 0.0127 0.0303 0.0526 0.0772 0.1007 0.1209 0.1375 0.0094 0.0158 0.0293 0.0474 0.0672 0.0857 0.1016 0.1148 0.1228
5.000 -5.000 25 0.1169 0.1075 0.1183 0.1314 0.1477 0.1648 0.1798 0.194 0.2055 0.0935 0.1035 0.1167 0.1346 0.1544 0.1726 0.1889 0.204 0.0784 0.0874 0.1004 0.1199 0.1429 0.1644 0.1836 0.1996 0.0645 0.0721 0.0846 0.1066 0.1316 0.1583 0.18 0.1974 0.0484 0.0528 0.0665 0.0937 0.1246 0.1541 0.1783 0.1963 0.0235 0.0199 0.0338 0.0617 0.095 0.1271 0.1538 0.1736 0.0127 0.0 0.0176 0.0398 0.0642 0.0873 0.1071 0.1234 0.0159 0.0132 0.0215 0.038 0.0571 0.0751 0.0905 0.1035 0.1116
5.000 -3.000 25 0.1068 0.1306 0.1375 0.1474 0.1576 0.1686 0.1786 0.1866 0.1946 0.116 0.1213 0.1306 0.1413 0.1544 0.1673 0.1782 0.1879 0.1006 0.1035 0.1117 0.1225 0.1377 0.1541 0.168 0.1801 0.0872 0.0864 0.0926 0.103 0.1214 0.1401 0.1591 0.1732 0.0724 0.0665 0.0689 0.081 0.1059 0.1305 0.1518 0.168 0.0445 0.0334 0.027 0.0429 0.0718 0.1018 0.1273 0.1465 0.0303 0.0176 0.0 0.022 0.0459 0.0685 0.0879 0.1038 0.0298 0.0216 0.0172 0.0264 0.0431 0.06 0.0748 0.0874 0.0988
5.000 -1.000 25 0.101 0.1564 0.1585 0.1616 0.1656 0.1676 0.17 0.1726 0.1749 0.1425 0.1426 0.1441 0.1478 0.1508 0.1555 0.1609 0.1656 0.1284 0.1255 0.1242 0.127 0.1307 0.1381 0.1467 0.1541 0.1162 0.1103 0.1043 0.1051 0.1091 0.1202 0.1316 0.1435 0.1047 0.0944 0.0816 0.0788 0.0856 0.1039 0.1209 0.1348 0.073 0.06 0.0426 0.0321 0.0468 0.0724 0.0963 0.115 0.0526 0.0398 0.022 0.0 0.0234 0.0455 0.0645 0.0802 0.0484 0.0384 0.0265 0.0195 0.0276 0.042 0.0558 0.0678 0.0874
5.000 1.000 25 0.1002 0.1797 0.177 0.1728 0.1677 0.1626 0.1566 0.1532 0.1514 0.1681 0.1632 0.1569 0.1505 0.1456 0.1409 0.1396 0.1401 0.1568 0.149 0.1394 0.1304 0.1251 0.1215 0.1229 0.1263 0.1501 0.1369 0.1235 0.1096 0.1029 0.1005 0.1056 0.1119 0.1419 0.1274 0.108 0.0866 0.0776 0.0786 0.0906 0.1015 0.1055 0.0918 0.071 0.0467 0.0327 0.0444 0.0649 0.0828 0.0772 0.0642 0.0459 0.0234 0.0 0.0217 0.0405 0.0561 0.069 0.0578 0.0433 0.0276 0.0188 0.025 0.0367 0.048 0.087
5.000 3.000 25 0.105 0.1978 0.1889 0.1789 0.1664 0.1534 0.1426 0.1335 0.1277 0.1888 0.1786 0.1665 0.1521 0.1382 0.1277 0.1197 0.1156 0.1815 0.1686 0.1534 0.1357 0.1197 0.1092 0.1024 0.1006 0.1804 0.164 0.1421 0.1204 0.1002 0.089 0.0837 0.0855 0.1788 0.1609 0.1357 0.1069 0.0799 0.0674 0.0653 0.0728 0.1379 0.1238 0.1015 0.0729 0.0446 0.0297 0.0383 0.0539 0.1007 0.0873 0.0685 0.0455 0.0217 0.0 0.0187 0.0343 0.0881 0.0761 0.0603 0.0419 0.025 0.0162 0.0212 0.0308 0.0978
5.000 5.000 25 0.1151 0.2079 0.1955 0.1798 0.1626 0.1445 0.1287 0.1168 0.1072 0.2036 0.1883 0.1713 0.1522 0.1325 0.1159 0.1042 0.0956 0.1999 0.183 0.1628 0.1405 0.118 0.0999 0.0881 0.0808 0.205 0.1846 0.1596 0.1304 0.1042 0.0828 0.071 0.0652 0.2117 0.1907 0.1614 0.1269 0.0935 0.0663 0.0537 0.0505 0.1676 0.1531 0.1297 0.099 0.0665 0.0387 0.0249 0.0309 0.1209 0.1071 0.0879 0.0645 0.0405 0.0187 0.0 0.0156 0.1039 0.0913 0.0748 0.0555 0.0365 0.0211 0.0135 0.0175 0.1112
5.000 7.000 35 0.1231 0.2118 0.1964 0.1781 0.1569 0.1362 0.1175 0.1025 0.0911 0.2109 0.1938 0.1728 0.1502 0.1277 0.1076 0.0919 0.0807 0.2113 0.1917 0.1685 0.1428 0.1174 0.0951 0.0783 0.0673 0.2225 0.1991 0.1709 0.1397 0.1084 0.0829 0.0639 0.0533 0.2391 0.2151 0.1824 0.1443 0.1065 0.0747 0.051 0.04 0.1937 0.1787 0.1542 0.1221 0.0875 0.056 0.0314 0.0196 0.1375 0.1234 0.1038 0.0802 0.0561 0.0343 0.0156 0.0 0.1165 0.1036 0.0866 0.0669 0.0473 0.0305 0.0174 0.011 0.124
7.000 -7.000 35 0.131 0.0994 0.114 0.1323 0.1535 0.1743 0.194 0.2098 0.224 0.0867 0.1011 0.1202 0.1431 0.1663 0.1887 0.2067 0.2211 0.073 0.0871 0.1069 0.1313 0.1568 0.1803 0.2009 0.2159 0.0607 0.0741 0.0945 0.1206 0.1477 0.1725 0.1924 0.2068 0.0447 0.058 0.0792 0.1066 0.1369 0.163 0.1826 0.1954 0.0219 0.0307 0.047 0.0714 0.0991 0.125 0.1454 0.1596 0.0094 0.0159 0.0298 0.0484 0.069 0.0881 0.1039 0.1165 0.0 0.0099 0.0233 0.0402 0.0585 0.0754 0.0895 0.101 0.1263
7.000 -5.000 35 0.1277 0.1185 0.1326 0.1483 0.1664 0.184 0.198 0.2102 0.2189 0.104 0.1175 0.1333 0.1526 0.1722 0.1885 0.2028 0.2128 0.0883 0.101 0.1165 0.1367 0.158 0.1763 0.191 0.203 0.0734 0.085 0.0997 0.1205 0.1435 0.1632 0.1788 0.1899 0.0553 0.0641 0.0787 0.1009 0.1252 0.1485 0.1651 0.1758 0.0297 0.0315 0.0426 0.0615 0.086 0.1096 0.1285 0.1419 0.0158 0.0132 0.0216 0.0384 0.0578 0.0761 0.0913 0.1036 0.0099 0.0 0.0135 0.0302 0.0483 0.0649 0.0787 0.09 0.1185
7.000 -3.000 35 0.1227 0.1425 0.1533 0.1664 0.1784 0.1894 0.1978 0.2028 0.2072 0.1267 0.1364 0.1493 0.1616 0.1741 0.1845 0.1914 0.1974 0.1095 0.1178 0.1298 0.142 0.1557 0.1679 0.1766 0.1828 0.0934 0.0993 0.1098 0.1211 0.1358 0.1501 0.1604 0.1677 0.0736 0.0765 0.084 0.0958 0.113 0.129 0.1432 0.1517 0.0441 0.0414 0.0419 0.053 0.0705 0.0905 0.1075 0.1199 0.0293 0.0215 0.0172 0.0265 0.0433 0.0603 0.0748 0.0866 0.0233 0.0135 0.0 0.0166 0.0343 0.0505 0.064 0.075 0.1118
7.000 -1.000 35 0.1203 0.1687 0.1752 0.1816 0.1877 0.1893 0.1897 0.189 0.1871 0.1527 0.1578 0.1634 0.1694 0.1719 0.1738 0.175 0.1747 0.1353 0.1387 0.1426 0.148 0.1507 0.1543 0.1575 0.1588 0.1192 0.12 0.121 0.125 0.1275 0.1329 0.1385 0.1418 0.098 0.097 0.0947 0.0964 0.1006 0.1096 0.1175 0.1247 0.0647 0.0586 0.052 0.0488 0.0567 0.0697 0.0839 0.0953 0.0474 0.038 0.0264 0.0195 0.0276 0.0419 0.0555 0.0669 0.0402 0.0302 0.0166 0.0 0.0173 0.0331 0.0464 0.0573 0.1059
7.000 1.000 35 0.1193 0.1921 0.1938 0.1929 0.1894 0.1843 0.1762 0.1696 0.164 0.1773 0.1777 0.1757 0.1716 0.1669 0.1597 0.1546 0.1506 0.1612 0.1601 0.1561 0.1506 0.1457 0.1393 0.1359 0.1338 0.1464 0.1435 0.1363 0.128 0.1224 0.1168 0.1157 0.1161 0.1268 0.1211 0.1124 0.1012 0.0949 0.0919 0.0947 0.0976 0.0881 0.0805 0.0685 0.0562 0.0485 0.0526 0.0616 0.0713 0.0672 0.0571 0.0431 0.0276 0.0188 0.025 0.0365 0.0473 0.0585 0.0483 0.0343 0.0173 0.0 0.0156 0.0287 0.0396 0.1052
7.000 3.000 35 0.1207 0.2108 0.2055 0.1985 0.1873 0.174 0.1619 0.1498 0.1408 0.1987 0.1922 0.1841 0.1719 0.1583 0.1466 0.1354 0.1275 0.1843 0.1776 0.1677 0.1537 0.139 0.1274 0.1172 0.111 0.1725 0.1645 0.1521 0.1348 0.118 0.1063 0.0973 0.0934 0.1548 0.1472 0.1315 0.1128 0.094 0.0828 0.0764 0.0762 0.1109 0.1024 0.088 0.0693 0.0528 0.0432 0.045 0.0511 0.0857 0.0751 0.06 0.042 0.025 0.0162 0.0211 0.0305 0.0754 0.0649 0.0505 0.0331 0.0156 0.0 0.0132 0.024 0.1103
7.000 5.000 35 0.1265 0.2221 0.2126 0.1987 0.1826 0.1641 0.1468 0.1331 0.1206 0.2136 0.2031 0.1879 0.1707 0.1513 0.1337 0.1202 0.1084 0.2044 0.1915 0.1757 0.1565 0.1354 0.117 0.1037 0.093 0.1956 0.1832 0.1651 0.1428 0.1187 0.0988 0.0858 0.0765 0.1808 0.1706 0.1519 0.126 0.1006 0.0793 0.0671 0.06 0.1315 0.1226 0.1068 0.0853 0.0629 0.0458 0.0364 0.0368 0.1016 0.0905 0.0748 0.0558 0.0367 0.0212 0.0135 0.0174 0.0895 0.0787 0.064 0.0464 0.0287 0.0132 0.0 0.0109 0.118
7.000 7.000 35 0.1321 0.2288 0.2141 0.1969 0.1758 0.1547 0.1346 0.1177 0.1046 0.2233 0.2086 0.1901 0.1675 0.1451 0.1241 0.1069 0.0939 0.2185 0.2027 0.1813 0.1575 0.1331 0.1106 0.0928 0.0801 0.2151 0.1987 0.1761 0.149 0.1214 0.0965 0.0777 0.0657 0.2047 0.1919 0.1697 0.1405 0.1091 0.0827 0.0627 0.0514 0.1499 0.1408 0.1241 0.101 0.0759 0.0536 0.0379 0.0294 0.1148 0.1035 0.0874 0.0678 0.048 0.0308 0.0175 0.011 0.101 0.09 0.075 0.0573 0.0396 0.024 0.0109 0.0 0.1283
0.500 0.000 0 0.0129 0.0984 0.0925 0.087 0.0833 0.0823 0.0843 0.0889 0.0947 0.0885 0.0797 0.0711 0.0654 0.0651 0.0703 0.0791 0.0885 0.0785 0.0669 0.0541 0.0443 0.0444 0.0544 0.0681 0.0814 0.0731 0.0588 0.0408 0.0228 0.0228 0.041 0.06 0.0759 0.083 0.0653 0.0422 0.0159 0.0156 0.0404 0.0615 0.0778 0.1131 0.095 0.0714 0.0501 0.0488 0.0662 0.0855 0.1004 0.1228 0.1116 0.0988 0.0874 0.087 0.0978 0.1112 0.124 0.1263 0.1185 0.1118 0.1059 0.1052 0.1103 0.118 0.1283 0.0