n 66
m 3
tmax 41.7
Vmax 1.6
Vmin 1.4
kappa 1
dmax 50.04
-0.500 0.000 0 0.0 0.0715 0.0662 0.063 0.064 0.0699 0.0858 0.1114 0.1231 0.0615 0.0537 0.0473 0.0448 0.0494 0.0667 0.0954 0.1102 0.0528 0.043 0.033 0.0255 0.0285 0.0485 0.0816 0.1009 0.0473 0.0368 0.0246 0.0102 0.0116 0.0379 0.074 0.0955 0.049 0.0393 0.0278 0.0167 0.019 0.0428 0.0781 0.0982 0.072 0.0637 0.051 0.0413 0.044 0.0645 0.0945 0.1104 0.1116 0.1043 0.0897 0.0787 0.0779 0.0952 0.1208 0.1286 0.125 0.1169 0.1042 0.0976 0.1006 0.1219 0.1466 0.1501 0.0097
-7.000 -7.000 35 0.0715 0.0 0.0118 0.0251 0.0403 0.0589 0.0804 0.1081 0.1287 0.0114 0.0175 0.0295 0.0449 0.0642 0.0873 0.118 0.139 0.0232 0.0281 0.0381 0.0524 0.0713 0.0953 0.1285 0.15 0.0341 0.039 0.048 0.061 0.0793 0.1039 0.1392 0.1605 0.0436 0.0489 0.0574 0.0698 0.0877 0.1138 0.1502 0.1702 0.0542 0.0633 0.0742 0.087 0.1041 0.1297 0.165 0.183 0.0754 0.0941 0.1113 0.1236 0.1345 0.1546 0.1861 0.1997 0.0903 0.1112 0.13 0.1428 0.1537 0.1761 0.2075 0.2201 0.0757
-7.000 -5.000 35 0.0662 0.0118 0.0 0.0133 0.0287 0.0474 0.069 0.0968 0.1171 0.0174 0.0132 0.0199 0.0339 0.0528 0.0758 0.1063 0.1267 0.028 0.027 0.0322 0.044 0.0617 0.0852 0.1179 0.1383 0.0389 0.0399 0.045 0.0557 0.0725 0.0964 0.1308 0.1504 0.0488 0.0513 0.0569 0.0672 0.0838 0.1093 0.1447 0.1623 0.0612 0.0664 0.0753 0.0859 0.1014 0.1273 0.162 0.1774 0.0851 0.1001 0.1136 0.1222 0.1318 0.1534 0.1847 0.1957 0.1023 0.1216 0.1345 0.1425 0.1522 0.1757 0.2074 0.2165 0.0718
-7.000 -3.000 35 0.063 0.0251 0.0133 0.0 0.0156 0.0345 0.0561 0.0841 0.104 0.0294 0.0199 0.0151 0.0232 0.0405 0.0631 0.0932 0.1128 0.0379 0.0321 0.0309 0.0377 0.0527 0.0748 0.1064 0.1251 0.0477 0.0449 0.046 0.053 0.0673 0.0899 0.1225 0.1393 0.0571 0.0567 0.0595 0.0674 0.0822 0.1064 0.14 0.1539 0.0701 0.0739 0.0782 0.0879 0.1021 0.1276 0.1606 0.1708 0.0971 0.1098 0.1181 0.1241 0.1328 0.1556 0.1856 0.1922 0.1171 0.1322 0.1417 0.145 0.154 0.18 0.2105 0.2148 0.0703
-7.000 -1.000 35 0.064 0.0403 0.0287 0.0156 0.0 0.0189 0.0406 0.0686 0.0877 0.0447 0.0338 0.0232 0.0181 0.028 0.0486 0.0778 0.096 0.052 0.0438 0.0376 0.0372 0.0456 0.0644 0.0937 0.1095 0.0605 0.0555 0.0529 0.0557 0.0649 0.0846 0.1134 0.1262 0.0693 0.0669 0.0673 0.0727 0.0839 0.1065 0.136 0.1437 0.0829 0.0851 0.0884 0.0941 0.1069 0.132 0.1607 0.1636 0.1132 0.1237 0.129 0.1313 0.1388 0.1631 0.1892 0.1866 0.1359 0.1475 0.1514 0.1536 0.1615 0.1905 0.2174 0.2115 0.073
-7.000 1.000 35 0.0699 0.0589 0.0474 0.0345 0.0189 0.0 0.0222 0.0503 0.0682 0.0638 0.0526 0.0404 0.028 0.0213 0.034 0.0601 0.0758 0.0705 0.0613 0.0524 0.0454 0.0442 0.057 0.0805 0.0909 0.0783 0.0717 0.0666 0.0643 0.0673 0.0836 0.1054 0.1091 0.0863 0.0826 0.0809 0.0825 0.0897 0.1116 0.1325 0.1308 0.1013 0.1017 0.103 0.1064 0.1153 0.1424 0.1618 0.1533 0.1349 0.1432 0.1447 0.1436 0.1496 0.1777 0.194 0.1783 0.1592 0.1675 0.1667 0.1649 0.1752 0.2093 0.2258 0.2049 0.0801
-7.000 3.000 35 0.0858 0.0804 0.069 0.0561 0.0406 0.0222 0.0 0.0265 0.042 0.0861 0.0749 0.0624 0.0481 0.0338 0.028 0.0397 0.0499 0.0928 0.0831 0.073 0.063 0.0561 0.0597 0.0657 0.0662 0.1001 0.0928 0.0862 0.0813 0.0816 0.0933 0.0954 0.0864 0.1078 0.1034 0.1005 0.1006 0.108 0.1277 0.1261 0.1082 0.1245 0.1247 0.1239 0.1265 0.1388 0.1642 0.1578 0.1312 0.162 0.1689 0.1673 0.1655 0.177 0.2046 0.1916 0.1557 0.1882 0.192 0.1889 0.1882 0.2066 0.2414 0.225 0.1812 0.097
-7.000 5.000 35 0.1114 0.1081 0.0968 0.0841 0.0686 0.0503 0.0265 0.0 0.0152 0.1149 0.1038 0.0912 0.0764 0.0598 0.0399 0.0226 0.0233 0.1223 0.1126 0.1021 0.0908 0.0799 0.0664 0.0473 0.039 0.1299 0.1225 0.1154 0.1084 0.1045 0.097 0.0728 0.0568 0.1377 0.1333 0.1299 0.129 0.1317 0.1289 0.0979 0.0748 0.1566 0.1573 0.156 0.1568 0.164 0.1628 0.1234 0.0929 0.1992 0.2045 0.201 0.1974 0.2032 0.1994 0.1504 0.1117 0.2261 0.2271 0.2208 0.221 0.2338 0.2321 0.1771 0.1309 0.1234
-7.000 7.000 35 0.1231 0.1287 0.1171 0.104 0.0877 0.0682 0.042 0.0152 0.0 0.1361 0.1245 0.1114 0.0955 0.0765 0.0506 0.0234 0.0133 0.1439 0.1335 0.1219 0.1084 0.0924 0.0676 0.0391 0.0282 0.1512 0.1429 0.134 0.1243 0.1115 0.0889 0.0569 0.0437 0.1581 0.1523 0.1466 0.1411 0.1344 0.1118 0.0751 0.0589 0.1786 0.1774 0.1726 0.1669 0.1612 0.1369 0.0938 0.0735 0.224 0.2256 0.2161 0.2035 0.1941 0.1646 0.1141 0.0881 0.25 0.2432 0.2313 0.2218 0.2181 0.1888 0.1341 0.1027 0.1321
-5.000 -7.000 35 0.0615 0.0114 0.0174 0.0294 0.0447 0.0638 0.0861 0.1149 0.1361 0.0 0.0126 0.0271 0.0438 0.0639 0.0879 0.1201 0.1433 0.0116 0.0178 0.0303 0.0463 0.0664 0.0914 0.1256 0.1487 0.0223 0.0272 0.0372 0.0513 0.0704 0.0958 0.1316 0.1545 0.0317 0.0366 0.0452 0.0581 0.0761 0.1019 0.1391 0.1612 0.0425 0.0513 0.0623 0.0755 0.0927 0.1173 0.1522 0.1711 0.0641 0.082 0.0996 0.1132 0.1246 0.1438 0.1739 0.1884 0.0788 0.0983 0.1171 0.1311 0.1431 0.165 0.1957 0.2086 0.0645
-5.000 -5.000 25 0.0537 0.0175 0.0132 0.0199 0.0338 0.0526 0.0749 0.1038 0.1245 0.0126 0.0 0.0145 0.0312 0.0515 0.0756 0.108 0.1309 0.0178 0.0136 0.0205 0.0351 0.0548 0.0798 0.1139 0.1363 0.0272 0.0263 0.0316 0.0434 0.0613 0.0863 0.1217 0.1435 0.0365 0.0376 0.0428 0.0533 0.0702 0.0953 0.1318 0.1523 0.0491 0.0531 0.0618 0.0723 0.0874 0.1123 0.147 0.1641 0.0737 0.0874 0.1003 0.1092 0.1187 0.1388 0.1691 0.1822 0.0909 0.1086 0.1206 0.129 0.1387 0.1609 0.1918 0.2026 0.0583
-5.000 -3.000 25 0.0473 0.0295 0.0199 0.0151 0.0232 0.0404 0.0624 0.0912 0.1114 0.0271 0.0145 0.0 0.0169 0.0374 0.0617 0.0942 0.1167 0.0302 0.0205 0.0156 0.0241 0.0422 0.0669 0.1006 0.1221 0.0371 0.0315 0.0305 0.0374 0.0527 0.0765 0.1109 0.1309 0.0452 0.0427 0.0438 0.0511 0.0656 0.0901 0.1246 0.1424 0.0583 0.0605 0.0632 0.0719 0.0852 0.1093 0.1429 0.1565 0.0863 0.097 0.1036 0.1086 0.1163 0.1372 0.1669 0.1756 0.1064 0.119 0.1268 0.1291 0.1373 0.1612 0.191 0.1982 0.0539
-5.000 -1.000 25 0.0448 0.0449 0.0339 0.0232 0.0181 0.028 0.0481 0.0764 0.0955 0.0438 0.0312 0.0169 0.0 0.0205 0.045 0.0777 0.0992 0.0462 0.0351 0.0241 0.0189 0.0294 0.0522 0.0848 0.1048 0.0512 0.0433 0.0373 0.0371 0.0461 0.0668 0.0988 0.1157 0.0579 0.0532 0.051 0.0539 0.0641 0.086 0.1168 0.1303 0.0715 0.0717 0.0727 0.0758 0.0871 0.1104 0.1399 0.1475 0.1034 0.1111 0.1134 0.1134 0.1191 0.141 0.1672 0.1689 0.1261 0.1341 0.135 0.1353 0.1416 0.1679 0.1946 0.1928 0.0536
-5.000 1.000 25 0.0494 0.0642 0.0528 0.0405 0.028 0.0213 0.0338 0.0598 0.0765 0.0639 0.0515 0.0374 0.0205 0.0 0.0252 0.0579 0.078 0.0661 0.0546 0.0421 0.0293 0.0227 0.0373 0.0666 0.0838 0.07 0.061 0.0524 0.0458 0.0456 0.0607 0.0863 0.0973 0.0755 0.0696 0.0649 0.0633 0.0679 0.0873 0.1103 0.1142 0.0908 0.0889 0.0872 0.0875 0.0937 0.1176 0.138 0.1357 0.1266 0.1313 0.1288 0.1245 0.1281 0.1526 0.1695 0.1596 0.1502 0.1538 0.1492 0.1451 0.1535 0.1839 0.2008 0.1855 0.0594
-5.000 3.000 25 0.0667 0.0873 0.0758 0.0631 0.0486 0.034 0.028 0.0399 0.0506 0.0879 0.0756 0.0617 0.045 0.0252 0.0 0.0303 0.0477 0.0903 0.0788 0.066 0.0516 0.0372 0.0314 0.044 0.0549 0.0935 0.0841 0.0745 0.0653 0.0599 0.0648 0.0704 0.0705 0.0984 0.0919 0.0864 0.0827 0.0856 0.099 0.1 0.0901 0.116 0.1139 0.1096 0.1086 0.1164 0.1355 0.1314 0.112 0.1565 0.159 0.1528 0.1471 0.1543 0.1759 0.1651 0.1361 0.1807 0.1792 0.1719 0.1687 0.1836 0.2125 0.1983 0.1615 0.0773
-5.000 5.000 25 0.0954 0.118 0.1063 0.0932 0.0778 0.0601 0.0397 0.0226 0.0234 0.1201 0.108 0.0942 0.0777 0.0579 0.0303 0.0 0.0172 0.1228 0.1114 0.0986 0.0836 0.0664 0.0441 0.0245 0.0255 0.1261 0.1168 0.1068 0.0963 0.0861 0.071 0.0498 0.0412 0.1312 0.1248 0.1187 0.113 0.1103 0.1014 0.0748 0.0585 0.1517 0.1497 0.1445 0.1403 0.1412 0.1345 0.1002 0.0762 0.1971 0.1974 0.1882 0.1793 0.179 0.1704 0.1271 0.0949 0.2205 0.2153 0.2042 0.2006 0.2081 0.2024 0.1538 0.1141 0.1059
-5.000 7.000 35 0.1102 0.139 0.1267 0.1128 0.096 0.0758 0.0499 0.0233 0.0133 0.1433 0.1309 0.1167 0.0992 0.078 0.0477 0.0172 0.0 0.1458 0.134 0.1205 0.1043 0.0844 0.0553 0.0255 0.0148 0.1488 0.1388 0.1276 0.1146 0.0986 0.0714 0.0412 0.0301 0.1535 0.1461 0.138 0.129 0.1164 0.0915 0.0585 0.0451 0.1756 0.1721 0.1634 0.153 0.1421 0.1152 0.0769 0.0596 0.2244 0.2202 0.2041 0.1869 0.1727 0.1419 0.0969 0.0742 0.2431 0.231 0.2147 0.2019 0.1948 0.1654 0.1168 0.0888 0.1185
-3.000 -7.000 35 0.0528 0.0232 0.028 0.0379 0.052 0.0705 0.0928 0.1223 0.1439 0.0116 0.0178 0.0302 0.0462 0.0661 0.0903 0.1228 0.1458 0.0 0.0123 0.0265 0.0429 0.0631 0.0881 0.1232 0.1477 0.0106 0.0164 0.0282 0.0433 0.0627 0.0884 0.1244 0.1481 0.0199 0.0246 0.034 0.0476 0.066 0.0917 0.1285 0.1514 0.0312 0.0398 0.0517 0.0673 0.0839 0.1074 0.1417 0.1613 0.0533 0.0704 0.089 0.105 0.1179 0.1367 0.1657 0.18 0.0677 0.0857 0.1045 0.1205 0.1346 0.1573 0.1884 0.2025 0.0544
-3.000 -5.000 25 0.043 0.0281 0.027 0.0321 0.0438 0.0613 0.0831 0.1126 0.1335 0.0178 0.0136 0.0205 0.0351 0.0546 0.0788 0.1114 0.134 0.0123 0.0 0.0142 0.0308 0.0512 0.0763 0.1116 0.1358 0.0165 0.0126 0.0192 0.0331 0.0522 0.0779 0.1139 0.1369 0.0246 0.0238 0.0291 0.0402 0.0577 0.0833 0.1199 0.1418 0.0376 0.0402 0.0489 0.06 0.0761 0.0993 0.1339 0.1526 0.0631 0.0753 0.0877 0.0978 0.1081 0.1271 0.1568 0.1703 0.0802 0.096 0.107 0.1163 0.1272 0.1487 0.179 0.192 0.0462
-3.000 -3.000 15 0.033 0.0381 0.0322 0.0309 0.0376 0.0524 0.073 0.1021 0.1219 0.0303 0.0205 0.0156 0.0241 0.0421 0.066 0.0986 0.1205 0.0265 0.0142 0.0 0.0168 0.0373 0.0628 0.0983 0.122 0.0282 0.0192 0.0147 0.0229 0.0406 0.0661 0.1017 0.1238 0.0338 0.029 0.028 0.0349 0.0499 0.0748 0.1104 0.1306 0.0474 0.0476 0.0484 0.0565 0.0695 0.0934 0.1267 0.1433 0.0771 0.085 0.0897 0.0937 0.1012 0.1207 0.1501 0.1613 0.0971 0.1062 0.1123 0.1137 0.1217 0.1441 0.1735 0.1824 0.0383
-3.000 -1.000 15 0.0255 0.0524 0.044 0.0377 0.0372 0.0454 0.063 0.0908 0.1084 0.0463 0.0351 0.0241 0.0189 0.0293 0.0516 0.0836 0.1043 0.0429 0.0308 0.0168 0.0 0.0207 0.0465 0.0822 0.1049 0.0433 0.0331 0.0229 0.0181 0.0286 0.0526 0.087 0.1076 0.0472 0.0402 0.0349 0.0348 0.0444 0.0665 0.0998 0.1169 0.0624 0.0595 0.0574 0.0576 0.0674 0.0892 0.1194 0.1322 0.0963 0.1 0.0982 0.0958 0.0997 0.1195 0.1462 0.152 0.1181 0.1212 0.1185 0.1172 0.1218 0.1457 0.1725 0.1747 0.0339
-3.000 1.000 15 0.0285 0.0713 0.0617 0.0527 0.0456 0.0442 0.0561 0.0799 0.0924 0.0664 0.0548 0.0422 0.0294 0.0227 0.0372 0.0664 0.0844 0.0631 0.0512 0.0373 0.0207 0.0 0.0269 0.0623 0.0833 0.0627 0.0521 0.0405 0.0285 0.0227 0.0388 0.0695 0.087 0.0655 0.0576 0.0497 0.0441 0.045 0.0622 0.0886 0.0995 0.0824 0.079 0.0723 0.0686 0.0713 0.0917 0.1138 0.1168 0.1215 0.1214 0.1136 0.1052 0.106 0.1265 0.1442 0.1404 0.1427 0.1406 0.1314 0.1247 0.1311 0.1574 0.1748 0.1653 0.0382
-3.000 3.000 15 0.0485 0.0953 0.0852 0.0748 0.0644 0.057 0.0597 0.0664 0.0676 0.0914 0.0798 0.0669 0.0522 0.0373 0.0314 0.0441 0.0553 0.0881 0.0763 0.0628 0.0465 0.0269 0.0 0.0325 0.0504 0.0873 0.0769 0.0652 0.0519 0.0386 0.0332 0.0457 0.0566 0.0897 0.0817 0.0731 0.0652 0.0616 0.0672 0.072 0.0715 0.1099 0.1051 0.0979 0.0904 0.0921 0.1038 0.1026 0.0914 0.1541 0.1509 0.1385 0.1277 0.1294 0.1443 0.1361 0.1148 0.1733 0.1656 0.1537 0.1473 0.158 0.1807 0.1691 0.1398 0.0575
-3.000 5.000 25 0.0816 0.1285 0.1179 0.1064 0.0937 0.0805 0.0657 0.0473 0.0391 0.1256 0.1139 0.1006 0.0848 0.0666 0.044 0.0245 0.0255 0.1232 0.1116 0.0983 0.0822 0.0623 0.0325 0.0 0.0182 0.1219 0.1116 0.0999 0.086 0.0695 0.0458 0.0251 0.0261 0.1246 0.1167 0.1078 0.0984 0.089 0.0725 0.0499 0.0413 0.1491 0.1441 0.1339 0.1239 0.1172 0.1044 0.0754 0.0584 0.1978 0.1912 0.175 0.1599 0.1528 0.1394 0.1024 0.0769 0.2137 0.2 0.1851 0.1778 0.18 0.1709 0.129 0.0961 0.0885
-3.000 7.000 35 0.1009 0.15 0.1383 0.1251 0.1095 0.0909 0.0662 0.039 0.0282 0.1487 0.1363 0.1221 0.1048 0.0838 0.0549 0.0255 0.0148 0.1477 0.1358 0.122 0.1049 0.0833 0.0504 0.0182 0.0 0.1455 0.1347 0.1223 0.1071 0.0875 0.0568 0.0261 0.0152 0.148 0.1394 0.1291 0.1168 0.1009 0.072 0.0413 0.03 0.1759 0.1692 0.1558 0.1399 0.1226 0.0933 0.059 0.0445 0.2263 0.2147 0.1924 0.1699 0.151 0.1185 0.0787 0.0591 0.2347 0.216 0.1944 0.1806 0.1706 0.1412 0.0982 0.0736 0.1067
-1.000 -7.000 35 0.0473 0.0341 0.0389 0.0477 0.0605 0.0783 0.1001 0.1299 0.1512 0.0223 0.0272 0.0371 0.0512 0.07 0.0935 0.1261 0.1488 0.0106 0.0165 0.0282 0.0433 0.0627 0.0873 0.1219 0.1455 0.0 0.0109 0.0237 0.0387 0.0577 0.0826 0.119 0.1437 0.0094 0.015 0.0264 0.0412 0.06 0.0855 0.1218 0.1448 0.0216 0.0305 0.0451 0.0641 0.0834 0.1068 0.1396 0.1586 0.0444 0.0606 0.0816 0.1015 0.1191 0.1393 0.1689 0.184 0.0583 0.0741 0.0934 0.1125 0.1302 0.1559 0.1894 0.2065 0.0481
-1.000 -5.000 25 0.0368 0.039 0.0399 0.0449 0.0555 0.0717 0.0928 0.1225 0.1429 0.0272 0.0263 0.0315 0.0433 0.061 0.0841 0.1168 0.1388 0.0164 0.0126 0.0192 0.0331 0.0521 0.0769 0.1116 0.1347 0.0109 0.0 0.0128 0.028 0.0471 0.0723 0.109 0.1333 0.0149 0.0115 0.018 0.0315 0.05 0.0758 0.1121 0.1346 0.0286 0.0296 0.0388 0.0527 0.0707 0.0945 0.1279 0.1468 0.0553 0.0657 0.0776 0.0908 0.1037 0.124 0.1538 0.1686 0.072 0.0854 0.0951 0.1065 0.1204 0.1431 0.1748 0.1897 0.0381
-1.000 -3.000 15 0.0246 0.048 0.045 0.046 0.0529 0.0666 0.0862 0.1154 0.134 0.0372 0.0316 0.0305 0.0373 0.0524 0.0745 0.1068 0.1276 0.0282 0.0192 0.0147 0.0229 0.0405 0.0652 0.0999 0.1223 0.0237 0.0128 0.0 0.0154 0.0348 0.0604 0.0973 0.121 0.0259 0.0179 0.0137 0.0217 0.039 0.0649 0.101 0.1227 0.041 0.0378 0.0362 0.0442 0.0587 0.0826 0.1162 0.1343 0.0728 0.076 0.0785 0.0818 0.0909 0.1105 0.1405 0.1541 0.0915 0.0958 0.0999 0.1006 0.1097 0.1322 0.1623 0.1744 0.027
-1.000 -1.000 5 0.0102 0.061 0.0557 0.053 0.0557 0.0643 0.0813 0.1084 0.1243 0.0513 0.0434 0.0374 0.0371 0.0458 0.0653 0.0963 0.1146 0.0433 0.0331 0.0229 0.0181 0.0285 0.0519 0.086 0.1071 0.0387 0.028 0.0154 0.0 0.0196 0.0458 0.0829 0.1056 0.0405 0.0314 0.0218 0.0171 0.0277 0.0525 0.0876 0.1078 0.0591 0.0524 0.0451 0.0416 0.0504 0.0722 0.1044 0.12 0.0957 0.0934 0.0855 0.0804 0.0828 0.1017 0.1288 0.1399 0.1147 0.111 0.1036 0.1009 0.1041 0.1265 0.1543 0.161 0.0164
-1.000 1.000 5 0.0116 0.0793 0.0725 0.0673 0.0649 0.0673 0.0816 0.1045 0.1115 0.0704 0.0613 0.0527 0.0461 0.0456 0.0599 0.0861 0.0986 0.0627 0.0522 0.0406 0.0286 0.0227 0.0386 0.0695 0.0875 0.0577 0.0471 0.0348 0.0196 0.0 0.0274 0.064 0.0848 0.0594 0.0502 0.0392 0.0277 0.0225 0.0397 0.0709 0.0881 0.0827 0.0747 0.062 0.0518 0.0498 0.067 0.0925 0.1023 0.1248 0.1166 0.1013 0.0872 0.0848 0.1013 0.1209 0.1223 0.1388 0.1293 0.1146 0.1049 0.1093 0.1315 0.15 0.1471 0.0187
-1.000 3.000 15 0.0379 0.1039 0.0964 0.0899 0.0846 0.0836 0.0933 0.097 0.0889 0.0958 0.0863 0.0765 0.0668 0.0607 0.0648 0.071 0.0714 0.0884 0.0779 0.0661 0.0526 0.0388 0.0332 0.0458 0.0568 0.0826 0.0723 0.0604 0.0458 0.0274 0.0 0.033 0.0507 0.085 0.076 0.065 0.0523 0.0397 0.0341 0.0462 0.0566 0.1135 0.1048 0.0899 0.075 0.068 0.0711 0.074 0.0724 0.1595 0.1475 0.1271 0.1091 0.1039 0.1116 0.1068 0.0942 0.1674 0.1519 0.1353 0.1255 0.1312 0.1477 0.1393 0.1184 0.042
-1.000 5.000 25 0.074 0.1392 0.1308 0.1225 0.1134 0.1054 0.0954 0.0728 0.0569 0.1316 0.1217 0.1109 0.0988 0.0863 0.0704 0.0498 0.0412 0.1244 0.1139 0.1017 0.087 0.0695 0.0457 0.0251 0.0261 0.119 0.109 0.0973 0.0829 0.064 0.033 0.0 0.0181 0.1217 0.1127 0.1014 0.0879 0.0713 0.0463 0.0249 0.0258 0.1557 0.146 0.1291 0.1108 0.0955 0.0749 0.0505 0.0412 0.2044 0.1882 0.1635 0.1407 0.1269 0.1085 0.0776 0.0594 0.2033 0.1837 0.1649 0.1545 0.1514 0.139 0.1042 0.0784 0.0774
-1.000 7.000 35 0.0955 0.1605 0.1504 0.1393 0.1262 0.1091 0.0864 0.0568 0.0437 0.1545 0.1435 0.1309 0.1157 0.0973 0.0705 0.0412 0.0301 0.1481 0.1369 0.1238 0.1076 0.087 0.0566 0.0261 0.0152 0.1437 0.1333 0.121 0.1056 0.0848 0.0507 0.0181 0.0 0.1459 0.1364 0.1242 0.109 0.0891 0.0569 0.0258 0.0148 0.1842 0.1726 0.1527 0.1301 0.1071 0.0736 0.0417 0.0293 0.2326 0.2116 0.182 0.1544 0.1295 0.0962 0.0605 0.0439 0.2201 0.1963 0.1746 0.1596 0.1472 0.1174 0.0797 0.0585 0.0981
1.000 -7.000 35 0.049 0.0436 0.0488 0.0571 0.0693 0.0863 0.1078 0.1377 0.1581 0.0317 0.0365 0.0452 0.0579 0.0755 0.0984 0.1312 0.1535 0.0199 0.0246 0.0338 0.0472 0.0655 0.0897 0.1246 0.148 0.0094 0.0149 0.0259 0.0405 0.0594 0.085 0.1217 0.1459 0.0 0.0118 0.0271 0.0453 0.0666 0.0934 0.1313 0.1559 0.0139 0.0251 0.048 0.0747 0.1 0.1269 0.1612 0.181 0.0369 0.0523 0.0784 0.1055 0.1299 0.1568 0.1912 0.2104 0.0495 0.0625 0.0823 0.1028 0.1279 0.159 0.1993 0.224 0.0518
1.000 -5.000 25 0.0393 0.0489 0.0513 0.0567 0.0669 0.0826 0.1034 0.1333 0.1523 0.0366 0.0376 0.0427 0.0532 0.0696 0.0919 0.1248 0.1461 0.0246 0.0238 0.029 0.0402 0.0576 0.0817 0.1167 0.1394 0.015 0.0115 0.0179 0.0314 0.0502 0.076 0.1127 0.1364 0.0118 0.0 0.0152 0.0333 0.0546 0.0817 0.1197 0.1439 0.0244 0.0209 0.0339 0.0569 0.081 0.1081 0.1428 0.1626 0.0507 0.0571 0.0694 0.0901 0.11 0.1351 0.1686 0.1869 0.0651 0.0744 0.0827 0.0976 0.1151 0.1443 0.1813 0.2027 0.0409
1.000 -3.000 15 0.0278 0.0574 0.0569 0.0595 0.0673 0.0809 0.1005 0.1299 0.1466 0.0452 0.0428 0.0438 0.051 0.0649 0.0864 0.1187 0.138 0.034 0.0291 0.028 0.0349 0.0497 0.0731 0.1078 0.1291 0.0264 0.018 0.0137 0.0218 0.0392 0.065 0.1014 0.1242 0.0271 0.0152 0.0 0.0181 0.0395 0.0669 0.1052 0.1287 0.0455 0.0336 0.0257 0.0375 0.0592 0.0866 0.1218 0.1416 0.0763 0.0694 0.0677 0.0723 0.0877 0.111 0.1439 0.1612 0.0883 0.085 0.0862 0.0875 0.1001 0.125 0.16 0.178 0.027
1.000 -1.000 5 0.0167 0.0698 0.0672 0.0674 0.0727 0.0825 0.1006 0.129 0.1411 0.0581 0.0533 0.0511 0.0539 0.0633 0.0827 0.113 0.129 0.0476 0.0402 0.0349 0.0348 0.0441 0.0652 0.0984 0.1168 0.0412 0.0315 0.0217 0.0171 0.0277 0.0523 0.0879 0.109 0.0453 0.0333 0.0181 0.0 0.0216 0.0498 0.0881 0.1105 0.0718 0.0573 0.038 0.027 0.0385 0.0651 0.1 0.1191 0.106 0.0927 0.074 0.0652 0.0682 0.0899 0.1209 0.1361 0.1113 0.1004 0.0874 0.0832 0.0869 0.11 0.1399 0.1543 0.011
1.000 1.000 5 0.019 0.0877 0.0838 0.0822 0.0839 0.0897 0.108 0.1317 0.1344 0.0761 0.0702 0.0656 0.0641 0.0679 0.0856 0.1103 0.1164 0.066 0.0577 0.0499 0.0444 0.045 0.0616 0.089 0.1009 0.06 0.05 0.039 0.0277 0.0225 0.0397 0.0713 0.0891 0.0666 0.0546 0.0395 0.0216 0.0 0.0295 0.0671 0.0877 0.1013 0.0852 0.0619 0.0391 0.0287 0.0463 0.0776 0.0941 0.1373 0.1179 0.092 0.0695 0.0632 0.0773 0.1018 0.1111 0.1342 0.1144 0.0964 0.0838 0.0862 0.1054 0.127 0.1305 0.0123
1.000 3.000 15 0.0428 0.1138 0.1093 0.1064 0.1065 0.1116 0.1277 0.1289 0.1118 0.1019 0.0953 0.0901 0.086 0.0873 0.099 0.1014 0.0915 0.0917 0.0833 0.0748 0.0665 0.0622 0.0672 0.0725 0.072 0.0855 0.0758 0.0649 0.0525 0.0397 0.0341 0.0463 0.0569 0.0934 0.0817 0.0669 0.0498 0.0295 0.0 0.0337 0.0512 0.1354 0.1182 0.0932 0.0674 0.0467 0.0375 0.0487 0.0588 0.1712 0.1476 0.1175 0.0917 0.0778 0.0777 0.0782 0.0763 0.1559 0.1343 0.1137 0.1022 0.1028 0.1131 0.1092 0.0981 0.04
1.000 5.000 25 0.0781 0.1502 0.1447 0.14 0.136 0.1325 0.1261 0.0979 0.0751 0.1391 0.1318 0.1246 0.1168 0.1103 0.1 0.0748 0.0585 0.1285 0.1199 0.1104 0.0998 0.0886 0.072 0.0499 0.0413 0.1218 0.1121 0.101 0.0876 0.0709 0.0462 0.0249 0.0258 0.1313 0.1197 0.1052 0.0881 0.0671 0.0337 0.0 0.0181 0.1782 0.1597 0.1329 0.105 0.0793 0.0489 0.0258 0.0264 0.2118 0.185 0.1525 0.1241 0.1032 0.0783 0.053 0.0429 0.185 0.1623 0.1428 0.1292 0.1231 0.1073 0.0794 0.0613 0.0768
1.000 7.000 35 0.0982 0.1702 0.1623 0.1539 0.1437 0.1308 0.1082 0.0748 0.0589 0.1612 0.1523 0.1424 0.1303 0.1142 0.0901 0.0585 0.0451 0.1514 0.1418 0.1306 0.1169 0.0995 0.0715 0.0413 0.03 0.1448 0.1346 0.1227 0.1078 0.0881 0.0566 0.0258 0.0148 0.1559 0.1439 0.1287 0.1105 0.0877 0.0512 0.0181 0.0 0.2057 0.1855 0.1567 0.1265 0.097 0.0594 0.0265 0.0146 0.2351 0.2055 0.1706 0.1395 0.1124 0.0763 0.0433 0.0293 0.1974 0.174 0.1542 0.14 0.1238 0.0949 0.0615 0.0438 0.0979
3.000 -7.000 35 0.072 0.0542 0.0612 0.0701 0.0829 0.1013 0.1245 0.1566 0.1786 0.0425 0.0491 0.0583 0.0715 0.0908 0.116 0.1517 0.1756 0.0312 0.0376 0.0474 0.0624 0.0824 0.1099 0.1491 0.1759 0.0216 0.0286 0.041 0.0591 0.0827 0.1135 0.1557 0.1842 0.0139 0.0244 0.0455 0.0718 0.1013 0.1354 0.1782 0.2057 0.0 0.0251 0.0602 0.0987 0.1337 0.1671 0.2072 0.2317 0.0209 0.0367 0.067 0.1003 0.1315 0.1654 0.2067 0.2331 0.0305 0.0404 0.0581 0.0789 0.1039 0.1384 0.1833 0.2148 0.0801
3.000 -5.000 25 0.0637 0.0633 0.0664 0.0739 0.0851 0.1017 0.1247 0.1573 0.1774 0.0513 0.0531 0.0605 0.0717 0.0889 0.1139 0.1497 0.1721 0.0398 0.0402 0.0476 0.0595 0.079 0.1051 0.1441 0.1692 0.0305 0.0296 0.0378 0.0524 0.0747 0.1048 0.146 0.1726 0.0251 0.0209 0.0336 0.0573 0.0852 0.1182 0.1597 0.1855 0.0251 0.0 0.0344 0.0717 0.1056 0.1387 0.1784 0.2023 0.0372 0.0319 0.0486 0.0773 0.1063 0.1392 0.1794 0.2044 0.0435 0.0444 0.0528 0.0691 0.091 0.1235 0.1661 0.1948 0.0673
3.000 -3.000 15 0.051 0.0742 0.0753 0.0782 0.0884 0.103 0.1239 0.156 0.1726 0.0623 0.0618 0.0632 0.0727 0.0872 0.1096 0.1445 0.1634 0.0517 0.0489 0.0484 0.0574 0.0723 0.0979 0.1339 0.1558 0.0451 0.0388 0.0362 0.0451 0.062 0.0899 0.1291 0.1527 0.048 0.0339 0.0257 0.038 0.0619 0.0932 0.1329 0.1567 0.0602 0.0344 0.0 0.0361 0.0693 0.1025 0.1423 0.1655 0.0689 0.049 0.0365 0.0492 0.0739 0.1055 0.1445 0.1681 0.0643 0.0542 0.0496 0.0551 0.0713 0.1011 0.1409 0.1662 0.0488
3.000 -1.000 15 0.0413 0.087 0.0859 0.0879 0.0941 0.1064 0.1265 0.1568 0.1669 0.0755 0.0723 0.0719 0.0758 0.0875 0.1086 0.1403 0.153 0.0673 0.06 0.0565 0.0576 0.0686 0.0904 0.1239 0.1399 0.0641 0.0527 0.0442 0.0416 0.0518 0.075 0.1108 0.1301 0.0747 0.0569 0.0375 0.027 0.0391 0.0674 0.105 0.1265 0.0987 0.0717 0.0361 0.0 0.0331 0.0672 0.1072 0.1298 0.1039 0.0782 0.0492 0.0335 0.0446 0.0737 0.1111 0.1328 0.0855 0.0686 0.0534 0.0475 0.0557 0.0811 0.117 0.1379 0.0344
3.000 1.000 15 0.044 0.1041 0.1014 0.1021 0.1069 0.1153 0.1388 0.164 0.1612 0.0927 0.0874 0.0852 0.0871 0.0937 0.1164 0.1412 0.1421 0.0839 0.0761 0.0695 0.0674 0.0713 0.0921 0.1172 0.1226 0.0834 0.0707 0.0587 0.0504 0.0498 0.068 0.0955 0.1071 0.1 0.081 0.0592 0.0385 0.0287 0.0467 0.0793 0.097 0.1337 0.1056 0.0693 0.0331 0.0 0.0358 0.0754 0.0963 0.1345 0.1059 0.0727 0.0441 0.0317 0.0498 0.0822 0.1006 0.1025 0.0826 0.0644 0.0524 0.0527 0.0719 0.0987 0.1119 0.0355
3.000 3.000 15 0.0645 0.1297 0.1273 0.1276 0.132 0.1424 0.1642 0.1628 0.1369 0.1173 0.1123 0.1093 0.1104 0.1176 0.1355 0.1345 0.1152 0.1074 0.0993 0.0934 0.0892 0.0917 0.1038 0.1044 0.0933 0.1068 0.0945 0.0826 0.0722 0.067 0.0711 0.0749 0.0736 0.1269 0.1081 0.0866 0.0651 0.0463 0.0375 0.0489 0.0594 0.1671 0.1387 0.1025 0.0672 0.0358 0.0 0.0359 0.0542 0.1639 0.1344 0.1009 0.0714 0.0494 0.039 0.0502 0.0614 0.1208 0.1015 0.0846 0.0735 0.0698 0.0734 0.0764 0.0769 0.0575
3.000 5.000 25 0.0945 0.165 0.162 0.1606 0.1607 0.1618 0.1578 0.1234 0.0938 0.1522 0.147 0.1429 0.1399 0.138 0.1314 0.1002 0.0769 0.1417 0.1339 0.1267 0.1194 0.1138 0.1026 0.0754 0.059 0.1396 0.1279 0.1162 0.1044 0.0925 0.074 0.0505 0.0417 0.1612 0.1428 0.1218 0.1 0.0776 0.0487 0.0258 0.0265 0.2072 0.1784 0.1423 0.1072 0.0754 0.0359 0.0 0.019 0.1992 0.1694 0.1361 0.1067 0.081 0.0499 0.0269 0.0276 0.1484 0.1306 0.1156 0.1048 0.095 0.075 0.0529 0.0438 0.0909
3.000 7.000 35 0.1104 0.183 0.1774 0.1708 0.1636 0.1533 0.1312 0.0929 0.0735 0.1711 0.1641 0.1565 0.1475 0.1357 0.112 0.0762 0.0596 0.1613 0.1526 0.1433 0.1322 0.1168 0.0914 0.0584 0.0445 0.1586 0.1468 0.1343 0.12 0.1023 0.0724 0.0412 0.0293 0.181 0.1626 0.1416 0.1191 0.0941 0.0588 0.0264 0.0146 0.2317 0.2023 0.1655 0.1298 0.0963 0.0542 0.019 0.0 0.2193 0.1891 0.1558 0.1261 0.098 0.0607 0.0277 0.0147 0.1629 0.1463 0.132 0.12 0.1046 0.0742 0.0436 0.0292 0.108
5.000 -7.000 35 0.1116 0.0754 0.0851 0.0971 0.1132 0.1349 0.162 0.1992 0.224 0.0641 0.0737 0.0863 0.1034 0.1266 0.1565 0.1971 0.2244 0.0533 0.0631 0.0771 0.0963 0.1215 0.1541 0.1978 0.2263 0.0444 0.0553 0.0728 0.0957 0.1248 0.1595 0.2044 0.2326 0.0369 0.0507 0.0763 0.106 0.1373 0.1712 0.2118 0.2351 0.0209 0.0372 0.0689 0.1039 0.1345 0.1639 0.1992 0.2193 0.0 0.0193 0.0443 0.0699 0.0936 0.1215 0.1601 0.1856 0.0088 0.0148 0.026 0.0395 0.057 0.0846 0.1237 0.1518 0.1176
5.000 -5.000 25 0.1043 0.0941 0.1001 0.1098 0.1237 0.1432 0.1689 0.2045 0.2256 0.082 0.0874 0.097 0.1111 0.1313 0.159 0.1974 0.2202 0.0704 0.0753 0.085 0.1 0.1214 0.1509 0.1912 0.2147 0.0606 0.0657 0.076 0.0934 0.1166 0.1475 0.1882 0.2116 0.0523 0.0571 0.0694 0.0927 0.1179 0.1476 0.185 0.2055 0.0367 0.0319 0.049 0.0782 0.1059 0.1344 0.1694 0.1891 0.0193 0.0 0.0243 0.0491 0.0724 0.1004 0.1391 0.1642 0.0153 0.0116 0.018 0.0302 0.0471 0.0747 0.1133 0.1404 0.1044
5.000 -3.000 25 0.0897 0.1113 0.1136 0.1181 0.129 0.1447 0.1673 0.201 0.2161 0.0996 0.1003 0.1036 0.1134 0.1288 0.1528 0.1882 0.2041 0.089 0.0877 0.0897 0.0982 0.1136 0.1385 0.175 0.1924 0.0816 0.0776 0.0785 0.0855 0.1013 0.1271 0.1635 0.182 0.0784 0.0694 0.0677 0.074 0.092 0.1175 0.1525 0.1706 0.067 0.0486 0.0365 0.0492 0.0727 0.1009 0.1361 0.1558 0.0443 0.0243 0.0 0.0242 0.0474 0.0762 0.1151 0.1398 0.0275 0.0181 0.0128 0.0194 0.0348 0.0621 0.0998 0.1254 0.0853
5.000 -1.000 25 0.0787 0.1236 0.1222 0.1241 0.1313 0.1436 0.1655 0.1974 0.2035 0.1132 0.1092 0.1086 0.1134 0.1245 0.1471 0.1793 0.1869 0.105 0.0978 0.0937 0.0958 0.1052 0.1277 0.1599 0.1699 0.1015 0.0908 0.0818 0.0804 0.0872 0.1091 0.1407 0.1544 0.1055 0.0901 0.0723 0.0652 0.0695 0.0917 0.1241 0.1395 0.1003 0.0773 0.0492 0.0335 0.0441 0.0714 0.1067 0.1261 0.0699 0.0491 0.0242 0.0 0.0238 0.0538 0.0931 0.1169 0.0407 0.0295 0.019 0.0142 0.0242 0.0504 0.0865 0.11 0.0698
5.000 1.000 25 0.0779 0.1345 0.1318 0.1328 0.1388 0.1496 0.177 0.2032 0.1941 0.1246 0.1187 0.1163 0.1191 0.1281 0.1543 0.179 0.1727 0.1179 0.1081 0.1012 0.0997 0.106 0.1294 0.1528 0.151 0.1191 0.1037 0.0909 0.0828 0.0848 0.1039 0.1269 0.1295 0.1299 0.11 0.0877 0.0682 0.0632 0.0778 0.1032 0.1124 0.1315 0.1063 0.0739 0.0446 0.0317 0.0494 0.081 0.098 0.0936 0.0724 0.0474 0.0238 0.0 0.0317 0.07 0.092 0.0546 0.0435 0.0327 0.0237 0.0211 0.0399 0.0713 0.0909 0.0683
5.000 3.000 25 0.0952 0.1546 0.1534 0.1556 0.1631 0.1777 0.2046 0.1994 0.1646 0.1438 0.1388 0.1372 0.141 0.1526 0.1759 0.1704 0.1419 0.1367 0.1271 0.1207 0.1195 0.1265 0.1443 0.1394 0.1185 0.1393 0.124 0.1105 0.1017 0.1013 0.1116 0.1085 0.0962 0.1568 0.1351 0.111 0.0899 0.0773 0.0777 0.0783 0.0763 0.1654 0.1392 0.1055 0.0737 0.0498 0.039 0.0499 0.0607 0.1215 0.1004 0.0762 0.0538 0.0317 0.0 0.0345 0.0537 0.0764 0.0664 0.057 0.0487 0.0397 0.0342 0.0459 0.0584 0.0866
5.000 5.000 25 0.1208 0.1861 0.1847 0.1856 0.1892 0.194 0.1916 0.1504 0.1141 0.1739 0.1691 0.1669 0.1672 0.1695 0.1651 0.1271 0.0969 0.1657 0.1568 0.1501 0.1462 0.1442 0.1361 0.1024 0.0787 0.1689 0.1538 0.1405 0.1288 0.1209 0.1068 0.0776 0.0605 0.1912 0.1686 0.1439 0.1209 0.1018 0.0782 0.053 0.0433 0.2067 0.1794 0.1445 0.1111 0.0822 0.0502 0.0269 0.0277 0.1601 0.1391 0.1151 0.0931 0.07 0.0345 0.0 0.0195 0.1099 0.1008 0.0921 0.0836 0.0705 0.0457 0.0258 0.0273 0.1134
5.000 7.000 35 0.1286 0.1997 0.1957 0.1922 0.1866 0.1783 0.1557 0.1117 0.0881 0.1884 0.1822 0.1756 0.1689 0.1596 0.1361 0.0949 0.0742 0.18 0.1703 0.1613 0.152 0.1404 0.1148 0.0769 0.0591 0.184 0.1686 0.1541 0.1399 0.1223 0.0942 0.0594 0.0439 0.2104 0.1869 0.1612 0.1361 0.1111 0.0763 0.0429 0.0293 0.2331 0.2044 0.1681 0.1328 0.1006 0.0614 0.0276 0.0147 0.1856 0.1642 0.1398 0.1169 0.092 0.0537 0.0195 0.0 0.1317 0.1228 0.114 0.1045 0.0884 0.0573 0.0272 0.0144 0.1245
7.000 -7.000 35 0.125 0.0903 0.1023 0.1171 0.1359 0.1592 0.1882 0.2261 0.25 0.0788 0.0909 0.1064 0.1261 0.1502 0.1807 0.2205 0.2431 0.0677 0.0802 0.0971 0.1181 0.1427 0.1733 0.2137 0.2347 0.0583 0.072 0.0915 0.1147 0.1388 0.1674 0.2033 0.2201 0.0495 0.0651 0.0883 0.1113 0.1342 0.1559 0.185 0.1974 0.0305 0.0435 0.0643 0.0855 0.1025 0.1208 0.1484 0.1629 0.0088 0.0153 0.0275 0.0407 0.0546 0.0764 0.1099 0.1317 0.0 0.0057 0.0122 0.0198 0.0311 0.0526 0.0873 0.1121 0.1251
7.000 -5.000 35 0.1169 0.1112 0.1216 0.1322 0.1475 0.1675 0.192 0.2271 0.2432 0.0983 0.1086 0.119 0.1341 0.1538 0.1792 0.2153 0.231 0.0857 0.096 0.1062 0.1212 0.1406 0.1656 0.2 0.216 0.0741 0.0854 0.0958 0.111 0.1293 0.1519 0.1837 0.1963 0.0625 0.0744 0.085 0.1004 0.1144 0.1343 0.1623 0.174 0.0404 0.0444 0.0542 0.0686 0.0826 0.1015 0.1306 0.1463 0.0148 0.0116 0.0181 0.0295 0.0435 0.0664 0.1008 0.1228 0.0057 0.0 0.0065 0.0142 0.0258 0.048 0.083 0.1076 0.1106
7.000 -3.000 35 0.1042 0.13 0.1345 0.1417 0.1514 0.1667 0.1889 0.2208 0.2313 0.1171 0.1206 0.1268 0.135 0.1492 0.1719 0.2042 0.2147 0.1045 0.107 0.1123 0.1185 0.1314 0.1537 0.1851 0.1944 0.0934 0.0951 0.0999 0.1036 0.1146 0.1353 0.1649 0.1746 0.0823 0.0827 0.0862 0.0874 0.0964 0.1137 0.1428 0.1542 0.0581 0.0528 0.0496 0.0534 0.0644 0.0846 0.1156 0.132 0.026 0.018 0.0128 0.019 0.0327 0.057 0.0921 0.114 0.0122 0.0065 0.0 0.0079 0.0201 0.0432 0.0785 0.1027 0.0968
7.000 -1.000 35 0.0976 0.1428 0.1425 0.145 0.1536 0.1649 0.1882 0.221 0.2218 0.1311 0.129 0.1291 0.1353 0.1451 0.1687 0.2006 0.2019 0.1205 0.1163 0.1137 0.1172 0.1247 0.1473 0.1778 0.1806 0.1125 0.1065 0.1006 0.1009 0.1049 0.1255 0.1545 0.1596 0.1028 0.0976 0.0875 0.0832 0.0838 0.1022 0.1292 0.14 0.0789 0.0691 0.0551 0.0475 0.0524 0.0735 0.1048 0.12 0.0395 0.0302 0.0194 0.0142 0.0237 0.0487 0.0836 0.1045 0.0198 0.0142 0.0079 0.0 0.0129 0.0372 0.0726 0.0957 0.0871
7.000 1.000 35 0.1006 0.1537 0.1522 0.154 0.1615 0.1752 0.2066 0.2338 0.2181 0.1431 0.1387 0.1373 0.1416 0.1535 0.1836 0.2081 0.1948 0.1346 0.1272 0.1217 0.1218 0.1311 0.158 0.18 0.1706 0.1302 0.1204 0.1097 0.1041 0.1093 0.1312 0.1514 0.1472 0.1279 0.1151 0.1001 0.0869 0.0862 0.1028 0.1231 0.1238 0.1039 0.091 0.0713 0.0557 0.0527 0.0698 0.095 0.1046 0.057 0.0471 0.0348 0.0242 0.0211 0.0397 0.0705 0.0884 0.0311 0.0258 0.0201 0.0129 0.0 0.0255 0.0596 0.0807 0.09
7.000 3.000 35 0.1219 0.1761 0.1757 0.18 0.1905 0.2093 0.2414 0.2321 0.1888 0.165 0.1609 0.1612 0.1679 0.1839 0.2125 0.2024 0.1654 0.1573 0.1487 0.1441 0.1457 0.1574 0.1807 0.1709 0.1412 0.1559 0.1431 0.1322 0.1265 0.1315 0.1477 0.139 0.1174 0.159 0.1443 0.125 0.11 0.1054 0.1131 0.1073 0.0949 0.1384 0.1235 0.1011 0.0811 0.0719 0.0734 0.075 0.0742 0.0846 0.0747 0.0621 0.0504 0.0399 0.0342 0.0457 0.0573 0.0526 0.048 0.0432 0.0372 0.0255 0.0 0.0304 0.0488 0.1118
7.000 5.000 35 0.1466 0.2075 0.2074 0.2105 0.2174 0.2258 0.225 0.1771 0.1341 0.1957 0.1918 0.191 0.1946 0.2008 0.1983 0.1538 0.1168 0.1884 0.179 0.1735 0.1725 0.1748 0.1691 0.129 0.0982 0.1894 0.1748 0.1623 0.1543 0.15 0.1393 0.1042 0.0797 0.1993 0.1813 0.16 0.1399 0.127 0.1092 0.0794 0.0615 0.1833 0.1661 0.1409 0.117 0.0987 0.0764 0.0529 0.0436 0.1237 0.1133 0.0998 0.0865 0.0713 0.0459 0.0258 0.0272 0.0873 0.083 0.0785 0.0726 0.0596 0.0304 0.0 0.0184 0.137
7.000 7.000 35 0.1501 0.2201 0.2165 0.2148 0.2115 0.2049 0.1812 0.1309 0.1027 0.2086 0.2026 0.1982 0.1928 0.1855 0.1615 0.1141 0.0888 0.2025 0.192 0.1824 0.1747 0.1653 0.1398 0.0961 0.0736 0.2065 0.1897 0.1744 0.161 0.1471 0.1184 0.0784 0.0585 0.224 0.2027 0.178 0.1543 0.1305 0.0981 0.0613 0.0438 0.2148 0.1948 0.1662 0.1379 0.1119 0.0769 0.0438 0.0292 0.1518 0.1404 0.1254 0.11 0.0909 0.0584 0.0273 0.0144 0.1121 0.1076 0.1027 0.0957 0.0807 0.0488 0.0184 0.0 0.1455
0.500 0.000 0 0.0097 0.0757 0.0718 0.0703 0.073 0.0801 0.097 0.1234 0.1321 0.0645 0.0583 0.0539 0.0536 0.0594 0.0773 0.1059 0.1185 0.0544 0.0462 0.0383 0.0339 0.0382 0.0575 0.0885 0.1067 0.0481 0.0381 0.027 0.0164 0.0187 0.042 0.0774 0.0981 0.0518 0.0409 0.027 0.011 0.0123 0.04 0.0768 0.0979 0.0801 0.0673 0.0488 0.0344 0.0355 0.0575 0.0909 0.108 0.1176 0.1044 0.0853 0.0698 0.0683 0.0866 0.1134 0.1245 0.1251 0.1106 0.0968 0.0871 0.09 0.1118 0.137 0.1455 0.0