n 66
m 3
tmax 21.7
Vcpm 1.6
R 1.2
dmax 34.72
-0.500 0.000 0 0.0 0.1153 0.109 0.1039 0.1005 0.1019 0.1095 0.1219 0.14 0.1079 0.0968 0.0857 0.0779 0.0803 0.0949 0.1167 0.1424 0.1 0.0832 0.0638 0.0469 0.0485 0.0709 0.1006 0.1311 0.0942 0.0736 0.0481 0.0186 0.0189 0.0508 0.0815 0.1091 0.0929 0.0726 0.0493 0.0272 0.0271 0.0485 0.0709 0.0908 0.0951 0.0782 0.0613 0.0488 0.0475 0.0567 0.0693 0.0817 0.0989 0.0858 0.0739 0.0656 0.0632 0.0663 0.0721 0.0791 0.1026 0.0924 0.0837 0.0773 0.0741 0.0741 0.076 0.0794 0.0156
-7.000 -7.000 35 0.1153 0.0 0.0108 0.0246 0.0415 0.0597 0.0757 0.0881 0.0982 0.0115 0.0185 0.0335 0.054 0.077 0.0987 0.1174 0.1342 0.0271 0.0345 0.05 0.0731 0.1009 0.1292 0.1561 0.1811 0.0459 0.0546 0.0712 0.0955 0.1253 0.1563 0.1861 0.2135 0.0658 0.0758 0.0926 0.1162 0.1435 0.1709 0.1961 0.219 0.0846 0.0953 0.1114 0.1326 0.1554 0.177 0.1972 0.2143 0.1006 0.1112 0.1259 0.1442 0.1628 0.1811 0.1955 0.2081 0.113 0.1231 0.1361 0.1516 0.167 0.1819 0.1935 0.2045 0.1249
-7.000 -5.000 35 0.109 0.0108 0.0 0.0138 0.0307 0.0487 0.0644 0.0765 0.0864 0.0184 0.0148 0.0238 0.0423 0.0641 0.0847 0.1027 0.1188 0.0341 0.0348 0.0445 0.0636 0.0884 0.1144 0.1394 0.1629 0.054 0.0584 0.0699 0.0902 0.116 0.1442 0.1713 0.1965 0.0754 0.0825 0.0953 0.1152 0.1395 0.1634 0.1857 0.2063 0.0957 0.1046 0.1173 0.1354 0.1557 0.1738 0.1898 0.206 0.1129 0.1226 0.1344 0.1501 0.1666 0.1803 0.193 0.2032 0.1266 0.1361 0.1466 0.1599 0.1735 0.1843 0.194 0.2012 0.1213
-7.000 -3.000 35 0.1039 0.0246 0.0138 0.0 0.0167 0.0343 0.0495 0.0613 0.071 0.033 0.0237 0.0188 0.0291 0.0479 0.067 0.0839 0.0994 0.0488 0.0439 0.0446 0.055 0.074 0.096 0.1184 0.1402 0.0695 0.069 0.0745 0.0868 0.1062 0.1284 0.1522 0.1747 0.092 0.095 0.1038 0.1167 0.1343 0.1536 0.1714 0.1888 0.1134 0.1188 0.1288 0.1407 0.1549 0.1687 0.1802 0.1916 0.1317 0.1381 0.1482 0.1583 0.1694 0.1789 0.1857 0.1938 0.1461 0.1526 0.162 0.1705 0.1791 0.1858 0.1898 0.1946 0.1182
-7.000 -1.000 35 0.1005 0.0415 0.0307 0.0167 0.0 0.0171 0.0319 0.0434 0.053 0.0524 0.0415 0.029 0.0216 0.0306 0.0466 0.0622 0.077 0.0697 0.0618 0.0542 0.0522 0.06 0.0754 0.0942 0.1139 0.0913 0.0875 0.0854 0.0884 0.0966 0.1113 0.1291 0.1489 0.1151 0.1144 0.1161 0.122 0.1291 0.1401 0.1537 0.1671 0.1371 0.1388 0.1424 0.1486 0.153 0.1591 0.1665 0.1739 0.1557 0.1586 0.1625 0.168 0.17 0.1722 0.1748 0.1778 0.1701 0.1732 0.1769 0.1812 0.1815 0.1814 0.1811 0.1811 0.1177
-7.000 1.000 35 0.1019 0.0597 0.0487 0.0343 0.0171 0.0 0.0145 0.026 0.0356 0.0737 0.0623 0.0473 0.0305 0.0208 0.0277 0.0409 0.055 0.0936 0.0839 0.0717 0.0591 0.053 0.0577 0.0709 0.088 0.1172 0.1099 0.1024 0.0948 0.0924 0.0961 0.1077 0.1225 0.141 0.1374 0.1326 0.1282 0.1272 0.1277 0.1346 0.1451 0.1628 0.1611 0.1581 0.1544 0.1522 0.1487 0.1502 0.1551 0.1805 0.1797 0.1771 0.1732 0.1693 0.1629 0.1603 0.1611 0.1937 0.193 0.1902 0.1857 0.1807 0.1727 0.1677 0.1656 0.1197
-7.000 3.000 35 0.1095 0.0757 0.0644 0.0495 0.0319 0.0145 0.0 0.0116 0.0214 0.0934 0.0815 0.0655 0.0461 0.0276 0.018 0.024 0.0364 0.1166 0.1057 0.091 0.0732 0.0569 0.0494 0.0537 0.0662 0.1423 0.1336 0.1211 0.1074 0.0946 0.0895 0.0917 0.1016 0.1665 0.1597 0.1508 0.1387 0.1275 0.1225 0.1205 0.1256 0.1874 0.1816 0.1738 0.1623 0.1505 0.1432 0.1374 0.138 0.2044 0.1976 0.1899 0.1784 0.1658 0.1565 0.148 0.1455 0.215 0.2081 0.2 0.1884 0.1755 0.1651 0.1553 0.1507 0.1252
-7.000 5.000 35 0.1219 0.0881 0.0765 0.0613 0.0434 0.026 0.0116 0.0 0.01 0.11 0.0979 0.0813 0.061 0.0405 0.0239 0.0159 0.0219 0.1371 0.1257 0.1098 0.0896 0.0691 0.0532 0.0466 0.0508 0.1655 0.1556 0.1417 0.1232 0.1054 0.0913 0.0861 0.0866 0.1906 0.1816 0.1689 0.1531 0.1354 0.1216 0.1159 0.112 0.2118 0.2014 0.1887 0.1729 0.1549 0.14 0.1322 0.1257 0.2252 0.2154 0.2009 0.1849 0.1668 0.1512 0.1417 0.1338 0.2325 0.2218 0.207 0.1912 0.1735 0.158 0.1478 0.1391 0.1372
-7.000 7.000 35 0.14 0.0982 0.0864 0.071 0.053 0.0356 0.0214 0.01 0.0 0.1245 0.1124 0.0956 0.0751 0.0542 0.0361 0.0219 0.0149 0.1563 0.1448 0.1285 0.1075 0.0854 0.0657 0.051 0.0442 0.1883 0.1778 0.1627 0.1431 0.1211 0.1024 0.0877 0.0806 0.215 0.2043 0.1891 0.1696 0.1489 0.1292 0.1142 0.1061 0.2352 0.2232 0.2054 0.185 0.1636 0.1434 0.128 0.119 0.2456 0.2319 0.2143 0.1922 0.1709 0.1509 0.1355 0.1259 0.25 0.2338 0.2156 0.194 0.1737 0.1547 0.1399 0.1302 0.1527
-5.000 -7.000 35 0.1079 0.0115 0.0184 0.033 0.0524 0.0737 0.0934 0.11 0.1245 0.0 0.0153 0.035 0.0598 0.0877 0.115 0.1398 0.163 0.0156 0.0248 0.0448 0.0722 0.1048 0.1386 0.1717 0.2034 0.0341 0.0427 0.0612 0.0882 0.1211 0.1559 0.1897 0.2215 0.0537 0.0628 0.0799 0.1041 0.1335 0.1629 0.1902 0.2152 0.0722 0.0816 0.0972 0.1183 0.1416 0.1641 0.1842 0.2021 0.0879 0.0971 0.1108 0.1283 0.1468 0.1643 0.1804 0.1936 0.1001 0.1087 0.1205 0.1349 0.1497 0.1645 0.1765 0.1868 0.1151
-5.000 -5.000 25 0.0968 0.0185 0.0148 0.0237 0.0415 0.0623 0.0815 0.0979 0.1124 0.0153 0.0 0.0198 0.0446 0.0723 0.0993 0.1238 0.1468 0.0248 0.0199 0.032 0.057 0.0883 0.1211 0.1533 0.1843 0.0427 0.0431 0.0544 0.0773 0.1076 0.1405 0.173 0.2037 0.063 0.0669 0.0783 0.0986 0.1242 0.1521 0.1777 0.2016 0.0826 0.0885 0.0994 0.1168 0.1377 0.1575 0.1756 0.1922 0.0992 0.1061 0.116 0.1304 0.1467 0.1613 0.1741 0.1867 0.1123 0.1193 0.1279 0.1397 0.1526 0.1637 0.1741 0.1824 0.1067
-5.000 -3.000 25 0.0857 0.0335 0.0238 0.0188 0.029 0.0473 0.0655 0.0813 0.0956 0.035 0.0198 0.0 0.0246 0.0519 0.0784 0.1025 0.1253 0.0444 0.0319 0.0255 0.0399 0.0676 0.0985 0.1295 0.1595 0.061 0.0543 0.0549 0.0677 0.092 0.121 0.1511 0.1802 0.0809 0.0789 0.0835 0.0954 0.1151 0.1372 0.161 0.1829 0.1005 0.1016 0.1079 0.1183 0.133 0.1491 0.1636 0.178 0.1173 0.1201 0.1268 0.1353 0.1461 0.1568 0.1658 0.1748 0.1306 0.1339 0.1401 0.147 0.1551 0.1624 0.168 0.1743 0.0984
-5.000 -1.000 25 0.0779 0.054 0.0423 0.0291 0.0216 0.0305 0.0461 0.061 0.0751 0.0598 0.0446 0.0246 0.0 0.0268 0.0527 0.0765 0.0991 0.0711 0.0565 0.0398 0.0304 0.0447 0.0714 0.1005 0.1295 0.0876 0.077 0.0675 0.0658 0.0766 0.0986 0.1246 0.1516 0.1067 0.1004 0.0963 0.0984 0.1063 0.1214 0.139 0.1593 0.1258 0.1223 0.1211 0.1241 0.1287 0.1372 0.1479 0.1591 0.1417 0.1401 0.1402 0.1428 0.1448 0.1486 0.1536 0.1594 0.154 0.1533 0.1537 0.1555 0.1559 0.1568 0.1583 0.1606 0.0943
-5.000 1.000 25 0.0803 0.077 0.0641 0.0479 0.0306 0.0208 0.0276 0.0405 0.0542 0.0877 0.0723 0.0519 0.0268 0.0 0.0256 0.0493 0.0719 0.102 0.0865 0.0667 0.0445 0.0321 0.045 0.0703 0.0979 0.1195 0.1064 0.0912 0.0762 0.0705 0.0783 0.0981 0.1215 0.1383 0.1276 0.117 0.1071 0.1039 0.1068 0.1185 0.1332 0.1552 0.1476 0.1392 0.1316 0.1277 0.126 0.1305 0.1391 0.1688 0.1628 0.1559 0.1491 0.144 0.1392 0.1388 0.1421 0.1787 0.1735 0.1673 0.1608 0.1548 0.1484 0.1452 0.145 0.0972
-5.000 3.000 25 0.0949 0.0987 0.0847 0.067 0.0466 0.0277 0.018 0.0239 0.0361 0.115 0.0993 0.0784 0.0527 0.0256 0.0 0.0238 0.0465 0.1331 0.1173 0.0962 0.0705 0.0448 0.0315 0.0438 0.068 0.1525 0.1379 0.1193 0.0978 0.0781 0.0703 0.0766 0.0946 0.1708 0.1578 0.141 0.1237 0.108 0.1014 0.1021 0.1119 0.1852 0.1734 0.1595 0.1434 0.1289 0.1208 0.1171 0.1207 0.1953 0.1842 0.1715 0.1568 0.1429 0.1331 0.1267 0.1262 0.2019 0.1907 0.1788 0.1651 0.1517 0.1412 0.1334 0.1304 0.1086
-5.000 5.000 25 0.1167 0.1174 0.1027 0.0839 0.0622 0.0409 0.024 0.0159 0.0219 0.1398 0.1238 0.1025 0.0765 0.0493 0.0238 0.0 0.0228 0.1629 0.1469 0.1253 0.0985 0.0697 0.0437 0.0308 0.0424 0.1849 0.1693 0.1489 0.1239 0.0981 0.0769 0.0686 0.073 0.2028 0.1875 0.168 0.1441 0.1217 0.1036 0.0962 0.0951 0.2143 0.1988 0.1799 0.1585 0.1367 0.1197 0.1111 0.1069 0.2208 0.2044 0.1861 0.166 0.1458 0.1295 0.1197 0.1139 0.2216 0.2062 0.1881 0.1694 0.1509 0.1355 0.1252 0.1186 0.1281
-5.000 7.000 35 0.1424 0.1342 0.1188 0.0994 0.077 0.055 0.0364 0.0219 0.0149 0.163 0.1468 0.1253 0.0991 0.0719 0.0465 0.0228 0.0 0.192 0.1759 0.1542 0.1269 0.0971 0.0681 0.0425 0.0292 0.2171 0.2009 0.1793 0.1523 0.1231 0.0959 0.0737 0.0637 0.2346 0.2173 0.195 0.1682 0.1395 0.1152 0.0963 0.0871 0.2426 0.2238 0.2007 0.1743 0.148 0.1248 0.1078 0.0986 0.2435 0.2239 0.2002 0.1751 0.1508 0.1297 0.1141 0.1047 0.2385 0.2187 0.1967 0.173 0.151 0.1321 0.1178 0.1085 0.1505
-3.000 -7.000 35 0.1 0.0271 0.0341 0.0488 0.0697 0.0936 0.1166 0.1371 0.1563 0.0156 0.0248 0.0444 0.0711 0.102 0.1331 0.1629 0.192 0.0 0.0193 0.0436 0.0743 0.1103 0.148 0.1852 0.2212 0.0183 0.0288 0.0511 0.0811 0.1162 0.1527 0.188 0.2208 0.0376 0.0463 0.0648 0.0906 0.1205 0.1504 0.1777 0.2021 0.0557 0.0641 0.0795 0.1003 0.1247 0.1476 0.1676 0.1849 0.0711 0.0789 0.0918 0.1089 0.1273 0.1449 0.16 0.1729 0.083 0.0902 0.1008 0.1143 0.1286 0.1424 0.1551 0.1653 0.1037
-3.000 -5.000 25 0.0832 0.0345 0.0348 0.0439 0.0618 0.0839 0.1057 0.1257 0.1448 0.0248 0.0199 0.0319 0.0565 0.0865 0.1173 0.1469 0.1759 0.0193 0.0 0.0246 0.0554 0.0913 0.1287 0.1657 0.2015 0.0288 0.0228 0.0362 0.0637 0.0979 0.1339 0.1688 0.2015 0.0465 0.0461 0.0568 0.0787 0.1064 0.1351 0.1617 0.1859 0.0648 0.0674 0.0767 0.0937 0.1145 0.1362 0.1549 0.1716 0.0807 0.0846 0.0927 0.106 0.1221 0.1372 0.1505 0.1622 0.0932 0.0974 0.1043 0.1146 0.1268 0.138 0.1478 0.1571 0.0888
-3.000 -3.000 15 0.0638 0.05 0.0445 0.0446 0.0542 0.0717 0.091 0.1098 0.1285 0.0448 0.032 0.0255 0.0398 0.0667 0.0962 0.1253 0.1542 0.0436 0.0246 0.0 0.0308 0.0663 0.1034 0.1399 0.1754 0.0513 0.0362 0.0287 0.0446 0.0753 0.1099 0.144 0.1762 0.0658 0.0574 0.0566 0.0681 0.0905 0.1161 0.1412 0.1646 0.0822 0.0783 0.0804 0.0894 0.1047 0.1215 0.1387 0.1541 0.0969 0.0957 0.0988 0.1057 0.1162 0.1277 0.138 0.1479 0.1087 0.1087 0.1118 0.1171 0.1244 0.132 0.1386 0.145 0.0734
-3.000 -1.000 15 0.0469 0.0731 0.0636 0.055 0.0522 0.0591 0.0732 0.0896 0.1075 0.0722 0.057 0.0399 0.0304 0.0445 0.0705 0.0985 0.1269 0.0743 0.0554 0.0308 0.0 0.0351 0.0716 0.1078 0.1429 0.0818 0.0641 0.0447 0.0342 0.0505 0.0809 0.1135 0.145 0.0937 0.0804 0.0689 0.0656 0.0749 0.0943 0.1162 0.1382 0.1072 0.0982 0.0916 0.0905 0.0955 0.1059 0.1183 0.1322 0.1194 0.1133 0.1093 0.1087 0.1108 0.1156 0.1221 0.1294 0.129 0.1246 0.1219 0.1211 0.1214 0.123 0.1256 0.1292 0.0619
-3.000 1.000 15 0.0485 0.1009 0.0884 0.074 0.06 0.053 0.0569 0.0691 0.0854 0.1048 0.0883 0.0676 0.0447 0.0321 0.0448 0.0697 0.0971 0.1103 0.0913 0.0663 0.0351 0.0 0.0362 0.0721 0.1071 0.1178 0.0989 0.0758 0.0506 0.0368 0.0518 0.0805 0.1108 0.1274 0.1109 0.0927 0.0759 0.0684 0.0743 0.0907 0.11 0.1374 0.1236 0.1098 0.0977 0.0912 0.0915 0.0983 0.1086 0.1455 0.1344 0.1234 0.1137 0.1069 0.1039 0.105 0.1095 0.1513 0.142 0.1328 0.1245 0.1174 0.1126 0.1106 0.1114 0.0636
-3.000 3.000 15 0.0709 0.1292 0.1144 0.096 0.0754 0.0577 0.0494 0.0532 0.0657 0.1386 0.1211 0.0985 0.0714 0.045 0.0315 0.0437 0.0681 0.148 0.1287 0.1034 0.0716 0.0362 0.0 0.0359 0.0707 0.1557 0.136 0.111 0.0814 0.0519 0.0366 0.0505 0.0771 0.1629 0.1439 0.1213 0.0968 0.0753 0.0655 0.0697 0.084 0.1683 0.1509 0.1309 0.1106 0.0934 0.0837 0.0825 0.0883 0.1711 0.1553 0.1382 0.1209 0.1059 0.0955 0.0913 0.0922 0.1718 0.1575 0.1424 0.1274 0.1139 0.1033 0.0976 0.0957 0.0804
-3.000 5.000 25 0.1006 0.1561 0.1394 0.1184 0.0942 0.0709 0.0537 0.0466 0.051 0.1717 0.1533 0.1295 0.1005 0.0703 0.0438 0.0308 0.0425 0.1852 0.1657 0.1399 0.1078 0.0721 0.0359 0.0 0.0346 0.1932 0.1728 0.1467 0.1151 0.0813 0.0507 0.0351 0.0473 0.1974 0.1764 0.1508 0.1217 0.0931 0.0705 0.0604 0.0633 0.1975 0.1767 0.1526 0.1265 0.1021 0.0838 0.0741 0.0729 0.194 0.1742 0.1522 0.1293 0.1084 0.0923 0.0823 0.079 0.1886 0.17 0.1503 0.1302 0.1121 0.0977 0.0876 0.0833 0.1048
-3.000 7.000 35 0.1311 0.1811 0.1629 0.1402 0.1139 0.088 0.0662 0.0508 0.0442 0.2034 0.1843 0.1595 0.1295 0.0979 0.068 0.0424 0.0292 0.2212 0.2015 0.1754 0.1429 0.1071 0.0707 0.0346 0.0 0.2293 0.2082 0.1812 0.1484 0.1127 0.0778 0.0475 0.0318 0.2297 0.207 0.1791 0.147 0.1142 0.0853 0.0634 0.053 0.2236 0.2 0.1726 0.1426 0.1137 0.0896 0.0727 0.0635 0.213 0.1899 0.1644 0.1377 0.1126 0.0923 0.0781 0.0694 0.201 0.1792 0.1561 0.1328 0.1113 0.094 0.0816 0.0731 0.1309
-1.000 -7.000 35 0.0942 0.0459 0.054 0.0695 0.0913 0.1172 0.1423 0.1655 0.1883 0.0341 0.0427 0.061 0.0876 0.1195 0.1525 0.1849 0.2171 0.0183 0.0288 0.0513 0.0818 0.1178 0.1557 0.1932 0.2293 0.0 0.0209 0.0466 0.0776 0.1129 0.1487 0.1823 0.2128 0.019 0.0295 0.051 0.0784 0.1084 0.1373 0.1626 0.1843 0.0368 0.0447 0.0611 0.0828 0.1068 0.1292 0.1482 0.1638 0.0519 0.0587 0.0712 0.0877 0.1066 0.124 0.1388 0.1509 0.0636 0.0695 0.0793 0.0922 0.1061 0.1195 0.1312 0.1411 0.0935
-1.000 -5.000 25 0.0736 0.0546 0.0584 0.069 0.0875 0.1099 0.1336 0.1556 0.1778 0.0427 0.0431 0.0543 0.077 0.1064 0.1379 0.1693 0.2009 0.0288 0.0228 0.0362 0.0641 0.0989 0.136 0.1728 0.2082 0.0209 0.0 0.0258 0.0569 0.092 0.1276 0.1609 0.191 0.0295 0.0229 0.0354 0.0604 0.0896 0.1181 0.1432 0.1647 0.0451 0.0437 0.0524 0.0703 0.0922 0.1134 0.1316 0.1469 0.0597 0.0606 0.0674 0.0803 0.0959 0.112 0.1253 0.1365 0.0714 0.0732 0.0787 0.0881 0.0997 0.111 0.121 0.1296 0.0741
-1.000 -3.000 15 0.0481 0.0712 0.0699 0.0745 0.0854 0.1024 0.1211 0.1417 0.1627 0.0612 0.0544 0.0549 0.0675 0.0912 0.1193 0.1489 0.1793 0.0511 0.0362 0.0287 0.0447 0.0758 0.111 0.1467 0.1812 0.0466 0.0258 0.0 0.0311 0.0659 0.1009 0.1338 0.1636 0.0515 0.0355 0.0273 0.0412 0.0673 0.0946 0.1191 0.1405 0.0624 0.0531 0.0507 0.0592 0.0762 0.0946 0.1114 0.1259 0.0741 0.0689 0.0687 0.0746 0.0854 0.0973 0.1087 0.1186 0.084 0.0811 0.0816 0.0858 0.0927 0.1006 0.1079 0.1146 0.0511
-1.000 -1.000 5 0.0186 0.0955 0.0902 0.0868 0.0884 0.0948 0.1074 0.1232 0.1431 0.0882 0.0773 0.0677 0.0658 0.0762 0.0978 0.1239 0.1523 0.0811 0.0637 0.0446 0.0342 0.0506 0.0814 0.1151 0.1484 0.0776 0.0569 0.0311 0.0 0.0343 0.0689 0.1013 0.1307 0.0801 0.0612 0.0414 0.0307 0.0438 0.0676 0.091 0.1119 0.0866 0.0723 0.0601 0.0551 0.061 0.0739 0.088 0.1013 0.0941 0.0839 0.0761 0.073 0.0754 0.0816 0.0893 0.0972 0.1006 0.0933 0.0879 0.0853 0.0858 0.0883 0.0918 0.0963 0.0287
-1.000 1.000 5 0.0189 0.1253 0.116 0.1062 0.0966 0.0924 0.0946 0.1054 0.1211 0.1211 0.1076 0.092 0.0766 0.0705 0.0781 0.0981 0.1231 0.1162 0.0979 0.0753 0.0505 0.0368 0.0519 0.0813 0.1127 0.1129 0.092 0.0659 0.0343 0.0 0.0341 0.0662 0.0954 0.1124 0.092 0.0683 0.0441 0.0307 0.0416 0.0619 0.0819 0.1143 0.0966 0.0781 0.0617 0.0531 0.0557 0.0649 0.0763 0.1167 0.1023 0.0881 0.0762 0.0688 0.0674 0.0703 0.0758 0.1188 0.1069 0.0959 0.0865 0.0794 0.0761 0.0755 0.077 0.0288
-1.000 3.000 15 0.0508 0.1563 0.1442 0.1284 0.1113 0.0961 0.0895 0.0913 0.1024 0.1559 0.1405 0.121 0.0986 0.0783 0.0703 0.0769 0.0959 0.1527 0.1339 0.1099 0.0809 0.0518 0.0366 0.0507 0.0778 0.1487 0.1276 0.1009 0.0689 0.0341 0.0 0.032 0.061 0.1444 0.1228 0.0971 0.0685 0.0418 0.0279 0.0369 0.0544 0.1411 0.1209 0.0984 0.0753 0.0561 0.046 0.0472 0.0546 0.1378 0.1199 0.101 0.0826 0.0676 0.058 0.0557 0.0577 0.1344 0.1189 0.103 0.088 0.0754 0.0662 0.0621 0.0612 0.0525
-1.000 5.000 25 0.0815 0.1861 0.1713 0.1522 0.1291 0.1077 0.0917 0.0861 0.0877 0.1897 0.173 0.1511 0.1246 0.0981 0.0766 0.0686 0.0737 0.188 0.1688 0.144 0.1135 0.0805 0.0505 0.0351 0.0475 0.1823 0.1609 0.1338 0.1013 0.0662 0.032 0.0 0.0288 0.1735 0.1508 0.1237 0.0932 0.0627 0.037 0.0243 0.0319 0.1643 0.1422 0.1171 0.0904 0.0656 0.0473 0.0382 0.0393 0.1548 0.1344 0.1123 0.0901 0.07 0.0554 0.0469 0.0454 0.1458 0.1275 0.1085 0.0897 0.0734 0.061 0.0527 0.0499 0.0784
-1.000 7.000 35 0.1091 0.2135 0.1965 0.1747 0.1489 0.1225 0.1016 0.0866 0.0806 0.2215 0.2037 0.1802 0.1516 0.1215 0.0946 0.073 0.0637 0.2208 0.2015 0.1762 0.145 0.1108 0.0771 0.0473 0.0318 0.2128 0.191 0.1636 0.1307 0.0954 0.061 0.0288 0.0 0.1986 0.1751 0.1469 0.1152 0.0832 0.0546 0.0318 0.0206 0.1832 0.1596 0.1328 0.1042 0.077 0.0545 0.0391 0.0314 0.1676 0.1454 0.1214 0.0969 0.0746 0.0566 0.0446 0.0379 0.1531 0.133 0.1122 0.0916 0.073 0.0586 0.0486 0.0422 0.102
1.000 -7.000 35 0.0929 0.0658 0.0754 0.092 0.1151 0.141 0.1665 0.1906 0.215 0.0537 0.063 0.0809 0.1067 0.1383 0.1708 0.2028 0.2346 0.0376 0.0465 0.0658 0.0937 0.1274 0.1629 0.1974 0.2297 0.019 0.0295 0.0515 0.0801 0.1124 0.1444 0.1735 0.1986 0.0 0.0203 0.044 0.0711 0.0997 0.1262 0.1483 0.1661 0.0176 0.0269 0.0455 0.0679 0.0913 0.1124 0.1295 0.143 0.0324 0.0387 0.0518 0.0687 0.0868 0.1035 0.1173 0.1283 0.044 0.049 0.0583 0.0706 0.0844 0.0973 0.1084 0.1175 0.0875
1.000 -5.000 25 0.0726 0.0758 0.0825 0.095 0.1144 0.1374 0.1597 0.1816 0.2043 0.0628 0.0669 0.0789 0.1004 0.1276 0.1578 0.1875 0.2173 0.0463 0.0461 0.0574 0.0804 0.1109 0.1439 0.1764 0.207 0.0295 0.0229 0.0355 0.0612 0.092 0.1228 0.1508 0.1751 0.0203 0.0 0.0238 0.0508 0.0792 0.1053 0.1271 0.1445 0.027 0.0205 0.0308 0.0511 0.0736 0.0942 0.111 0.1242 0.0391 0.0371 0.0435 0.057 0.0733 0.0888 0.1018 0.1122 0.0499 0.0496 0.0542 0.0632 0.0745 0.0861 0.096 0.1042 0.0669
1.000 -3.000 15 0.0493 0.0926 0.0953 0.1038 0.1161 0.1326 0.1508 0.1689 0.1891 0.0799 0.0783 0.0835 0.0963 0.117 0.141 0.168 0.195 0.0648 0.0568 0.0566 0.0689 0.0927 0.1213 0.1508 0.1791 0.051 0.0354 0.0273 0.0414 0.0683 0.0971 0.1237 0.1469 0.044 0.0238 0.0 0.0269 0.0548 0.0805 0.1018 0.119 0.046 0.031 0.0231 0.0339 0.0536 0.0731 0.0892 0.102 0.053 0.044 0.041 0.0468 0.0589 0.0721 0.0836 0.0932 0.0606 0.0552 0.0538 0.0574 0.0647 0.0732 0.0812 0.0881 0.0425
1.000 -1.000 5 0.0272 0.1162 0.1152 0.1167 0.122 0.1282 0.1387 0.1531 0.1696 0.1041 0.0986 0.0954 0.0984 0.1071 0.1237 0.1441 0.1682 0.0906 0.0787 0.0681 0.0656 0.0759 0.0968 0.1217 0.147 0.0784 0.0604 0.0412 0.0307 0.0441 0.0685 0.0932 0.1152 0.0711 0.0508 0.0269 0.0 0.0275 0.0526 0.0736 0.0905 0.0694 0.0517 0.034 0.0243 0.0337 0.0502 0.0651 0.0774 0.0715 0.0582 0.0472 0.0423 0.0459 0.0544 0.0637 0.0719 0.075 0.0654 0.0581 0.0546 0.0558 0.0597 0.0649 0.0698 0.0159
1.000 1.000 5 0.0271 0.1435 0.1395 0.1343 0.1291 0.1272 0.1275 0.1354 0.1489 0.1335 0.1242 0.1151 0.1063 0.1039 0.108 0.1217 0.1395 0.1205 0.1064 0.0905 0.0749 0.0684 0.0753 0.0931 0.1142 0.1084 0.0896 0.0673 0.0438 0.0307 0.0418 0.0627 0.0832 0.0997 0.0792 0.0548 0.0275 0.0 0.0248 0.0455 0.0623 0.094 0.075 0.0541 0.0337 0.0226 0.0294 0.042 0.0535 0.0913 0.0754 0.0595 0.0459 0.0386 0.0395 0.0449 0.0515 0.0901 0.0774 0.0654 0.0556 0.0494 0.0479 0.0492 0.0524 0.0157
1.000 3.000 15 0.0485 0.1709 0.1634 0.1536 0.1401 0.1277 0.1225 0.1216 0.1292 0.1629 0.1521 0.1372 0.1214 0.1068 0.1014 0.1036 0.1152 0.1504 0.1351 0.1161 0.0943 0.0743 0.0655 0.0705 0.0853 0.1373 0.1181 0.0946 0.0676 0.0416 0.0279 0.037 0.0546 0.1262 0.1053 0.0805 0.0526 0.0248 0.0 0.0207 0.0376 0.1162 0.0962 0.0738 0.0503 0.0294 0.0187 0.0236 0.0334 0.1087 0.091 0.0723 0.0541 0.0392 0.0313 0.0311 0.035 0.1029 0.0879 0.0726 0.0584 0.047 0.0398 0.0375 0.0381 0.0406
1.000 5.000 25 0.0709 0.1961 0.1857 0.1714 0.1537 0.1346 0.1205 0.1159 0.1142 0.1902 0.1777 0.161 0.139 0.1185 0.1021 0.0962 0.0963 0.1777 0.1617 0.1412 0.1162 0.0907 0.0697 0.0604 0.0634 0.1626 0.1432 0.1191 0.091 0.0619 0.0369 0.0243 0.0318 0.1483 0.1271 0.1018 0.0736 0.0455 0.0207 0.0 0.017 0.1339 0.1131 0.0898 0.0651 0.0419 0.0235 0.0147 0.0187 0.1218 0.1029 0.0827 0.0623 0.0441 0.0308 0.0241 0.0242 0.1116 0.0951 0.078 0.0615 0.0471 0.0367 0.0305 0.0289 0.0624
1.000 7.000 35 0.0908 0.219 0.2063 0.1888 0.1671 0.1451 0.1256 0.112 0.1061 0.2152 0.2016 0.1829 0.1593 0.1332 0.1119 0.0951 0.0871 0.2021 0.1859 0.1646 0.1382 0.11 0.084 0.0633 0.053 0.1843 0.1647 0.1405 0.1119 0.0819 0.0544 0.0319 0.0206 0.1661 0.1445 0.119 0.0905 0.0623 0.0376 0.017 0.0 0.1472 0.126 0.1022 0.077 0.0531 0.0332 0.0186 0.0117 0.1309 0.1113 0.0904 0.0691 0.0497 0.0343 0.0239 0.0189 0.1169 0.0996 0.0817 0.0642 0.0487 0.0364 0.0283 0.0237 0.0804
3.000 -7.000 35 0.0951 0.0846 0.0957 0.1134 0.1371 0.1628 0.1874 0.2118 0.2352 0.0722 0.0826 0.1005 0.1258 0.1552 0.1852 0.2143 0.2426 0.0557 0.0648 0.0822 0.1072 0.1374 0.1683 0.1975 0.2236 0.0368 0.0451 0.0624 0.0866 0.1143 0.1411 0.1643 0.1832 0.0176 0.027 0.046 0.0694 0.094 0.1162 0.1339 0.1472 0.0 0.0175 0.0371 0.0585 0.0799 0.0986 0.1132 0.124 0.0147 0.0221 0.0367 0.0536 0.0707 0.086 0.0981 0.1074 0.0263 0.0309 0.0405 0.0528 0.0658 0.0777 0.0876 0.0956 0.0859
3.000 -5.000 25 0.0782 0.0953 0.1046 0.1188 0.1388 0.1611 0.1816 0.2014 0.2232 0.0816 0.0885 0.1016 0.1223 0.1476 0.1734 0.1988 0.2238 0.0641 0.0674 0.0783 0.0982 0.1236 0.1509 0.1767 0.2 0.0447 0.0437 0.0531 0.0723 0.0966 0.1209 0.1422 0.1596 0.0269 0.0205 0.031 0.0517 0.075 0.0962 0.1131 0.126 0.0175 0.0 0.0196 0.0408 0.062 0.0805 0.0948 0.1053 0.0222 0.0165 0.0244 0.0395 0.0559 0.0707 0.0825 0.0915 0.0312 0.029 0.0334 0.0429 0.0545 0.0655 0.0748 0.0823 0.0678
3.000 -3.000 15 0.0613 0.1114 0.1173 0.1288 0.1424 0.1581 0.1738 0.1887 0.2054 0.0972 0.0994 0.1079 0.1211 0.1392 0.1595 0.1799 0.2007 0.0795 0.0767 0.0804 0.0916 0.1098 0.1309 0.1526 0.1726 0.0611 0.0524 0.0507 0.0601 0.0781 0.0984 0.1171 0.1328 0.0455 0.0308 0.0231 0.034 0.0541 0.0738 0.0898 0.1022 0.0371 0.0196 0.0 0.021 0.0419 0.06 0.074 0.0843 0.0371 0.0244 0.0178 0.0256 0.0399 0.0537 0.065 0.0736 0.0413 0.0337 0.0307 0.0345 0.0429 0.0522 0.0604 0.0671 0.0489
3.000 -1.000 15 0.0488 0.1326 0.1354 0.1407 0.1486 0.1544 0.1623 0.1729 0.185 0.1183 0.1168 0.1183 0.1241 0.1316 0.1434 0.1585 0.1743 0.1003 0.0937 0.0894 0.0905 0.0977 0.1106 0.1265 0.1426 0.0828 0.0703 0.0592 0.0551 0.0617 0.0753 0.0904 0.1042 0.0679 0.0511 0.0339 0.0243 0.0337 0.0503 0.0651 0.077 0.0585 0.0408 0.021 0.0 0.0205 0.0382 0.0519 0.0621 0.0546 0.0399 0.0256 0.018 0.0246 0.0362 0.0465 0.0547 0.0545 0.0436 0.0347 0.0306 0.0329 0.0388 0.0453 0.051 0.0338
3.000 1.000 15 0.0475 0.1554 0.1557 0.1549 0.153 0.1522 0.1505 0.1549 0.1636 0.1416 0.1377 0.133 0.1287 0.1277 0.1289 0.1367 0.148 0.1247 0.1145 0.1047 0.0955 0.0912 0.0934 0.1021 0.1137 0.1068 0.0922 0.0762 0.061 0.0531 0.0561 0.0656 0.077 0.0913 0.0736 0.0536 0.0337 0.0226 0.0294 0.0419 0.0531 0.0799 0.062 0.0419 0.0205 0.0 0.0175 0.031 0.0412 0.0723 0.0565 0.04 0.0245 0.0162 0.0208 0.0293 0.0369 0.0682 0.0554 0.043 0.0327 0.0273 0.0278 0.0315 0.0359 0.0326
3.000 3.000 15 0.0567 0.177 0.1738 0.1687 0.1591 0.1487 0.1432 0.14 0.1434 0.1641 0.1575 0.1491 0.1372 0.126 0.1208 0.1197 0.1248 0.1476 0.1362 0.1215 0.1059 0.0915 0.0837 0.0838 0.0896 0.1292 0.1134 0.0946 0.0739 0.0557 0.046 0.0473 0.0545 0.1124 0.0942 0.0731 0.0502 0.0294 0.0187 0.0235 0.0332 0.0986 0.0805 0.06 0.0382 0.0175 0.0 0.0136 0.0239 0.0874 0.071 0.0535 0.0359 0.0207 0.013 0.0161 0.0224 0.0796 0.0657 0.0514 0.0381 0.0275 0.0218 0.0215 0.024 0.0442
3.000 5.000 25 0.0693 0.1972 0.1898 0.1802 0.1665 0.1502 0.1374 0.1322 0.128 0.1842 0.1756 0.1636 0.1479 0.1305 0.1171 0.1111 0.1078 0.1676 0.1549 0.1387 0.1183 0.0983 0.0825 0.0741 0.0727 0.1482 0.1316 0.1114 0.088 0.0649 0.0472 0.0382 0.0391 0.1295 0.111 0.0892 0.0651 0.042 0.0236 0.0147 0.0186 0.1132 0.0948 0.074 0.0519 0.031 0.0136 0.0 0.0105 0.0987 0.0819 0.0639 0.0456 0.0289 0.016 0.0099 0.0123 0.0876 0.073 0.0579 0.0433 0.0305 0.0212 0.0165 0.0164 0.0578
3.000 7.000 35 0.0817 0.2143 0.206 0.1916 0.1739 0.1551 0.138 0.1257 0.119 0.2021 0.1922 0.178 0.1591 0.1391 0.1207 0.1069 0.0986 0.1849 0.1716 0.1541 0.1322 0.1086 0.0883 0.0729 0.0635 0.1638 0.1469 0.1259 0.1013 0.0763 0.0546 0.0393 0.0314 0.143 0.1242 0.102 0.0774 0.0535 0.0334 0.0187 0.0117 0.124 0.1053 0.0843 0.0621 0.0412 0.0239 0.0105 0.0 0.1067 0.0897 0.0714 0.0529 0.0359 0.0221 0.0122 0.0076 0.0928 0.0779 0.0625 0.0474 0.0339 0.0233 0.0161 0.0127 0.07
5.000 -7.000 35 0.0989 0.1006 0.1129 0.1317 0.1557 0.1805 0.2044 0.2252 0.2456 0.0879 0.0992 0.1173 0.1417 0.1688 0.1953 0.2208 0.2435 0.0711 0.0807 0.0969 0.1194 0.1455 0.1711 0.194 0.213 0.0519 0.0597 0.0741 0.0941 0.1167 0.1378 0.1548 0.1676 0.0324 0.0391 0.053 0.0715 0.0913 0.1087 0.1218 0.1309 0.0147 0.0222 0.0371 0.0546 0.0723 0.0874 0.0987 0.1067 0.0 0.0139 0.0289 0.0446 0.0597 0.0728 0.0829 0.0902 0.0115 0.0171 0.0278 0.0399 0.0519 0.0625 0.071 0.0775 0.0869
5.000 -5.000 25 0.0858 0.1112 0.1226 0.1381 0.1586 0.1797 0.1976 0.2154 0.2319 0.0971 0.1061 0.1201 0.1401 0.1628 0.1842 0.2044 0.2239 0.0789 0.0846 0.0957 0.1133 0.1344 0.1553 0.1742 0.1899 0.0587 0.0606 0.0689 0.0839 0.1023 0.1199 0.1344 0.1454 0.0387 0.0371 0.044 0.0582 0.0754 0.091 0.1029 0.1113 0.0221 0.0165 0.0244 0.0399 0.0565 0.071 0.0819 0.0897 0.0139 0.0 0.015 0.0305 0.0455 0.0584 0.0683 0.0755 0.0171 0.0125 0.0181 0.0289 0.0403 0.0505 0.0588 0.0651 0.0727
5.000 -3.000 25 0.0739 0.1259 0.1344 0.1482 0.1625 0.1771 0.1899 0.2009 0.2143 0.1108 0.116 0.1268 0.1402 0.1559 0.1715 0.1861 0.2002 0.0918 0.0927 0.0988 0.1093 0.1234 0.1382 0.1522 0.1644 0.0712 0.0674 0.0687 0.0761 0.0881 0.101 0.1123 0.1214 0.0518 0.0435 0.041 0.0472 0.0595 0.0723 0.0827 0.0904 0.0367 0.0244 0.0178 0.0256 0.04 0.0535 0.0639 0.0714 0.0289 0.015 0.0 0.0154 0.0302 0.0429 0.0526 0.0596 0.028 0.0182 0.013 0.0184 0.0283 0.0379 0.0457 0.0517 0.0594
5.000 -1.000 25 0.0656 0.1442 0.1501 0.1583 0.168 0.1732 0.1784 0.1849 0.1922 0.1283 0.1304 0.1353 0.1428 0.1491 0.1568 0.166 0.1751 0.1089 0.106 0.1057 0.1087 0.1137 0.1209 0.1293 0.1377 0.0877 0.0803 0.0746 0.073 0.0762 0.0826 0.0901 0.0969 0.0687 0.057 0.0468 0.0423 0.0459 0.0541 0.0623 0.0691 0.0536 0.0395 0.0256 0.018 0.0245 0.0359 0.0456 0.0529 0.0446 0.0305 0.0154 0.0 0.0146 0.027 0.0365 0.0435 0.0405 0.0291 0.0184 0.0127 0.0172 0.0252 0.0324 0.0381 0.0502
5.000 1.000 25 0.0632 0.1628 0.1666 0.1694 0.17 0.1693 0.1658 0.1668 0.1709 0.1468 0.1467 0.1461 0.1448 0.144 0.1429 0.1458 0.1508 0.1273 0.1221 0.1162 0.1108 0.1069 0.1059 0.1084 0.1126 0.1066 0.0959 0.0854 0.0754 0.0688 0.0676 0.07 0.0746 0.0868 0.0733 0.0589 0.0459 0.0386 0.0392 0.0441 0.0497 0.0707 0.0559 0.0399 0.0246 0.0162 0.0207 0.0289 0.0359 0.0597 0.0455 0.0302 0.0146 0.0 0.0123 0.0217 0.0287 0.0526 0.0405 0.0283 0.0172 0.0113 0.0145 0.0204 0.0256 0.0481
5.000 3.000 25 0.0663 0.1811 0.1803 0.1789 0.1722 0.1629 0.1565 0.1512 0.1509 0.1643 0.1613 0.1568 0.1486 0.1392 0.1331 0.1295 0.1297 0.1449 0.1372 0.1277 0.1156 0.1039 0.0955 0.0923 0.0923 0.124 0.112 0.0973 0.0816 0.0674 0.058 0.0554 0.0566 0.1035 0.0888 0.0721 0.0544 0.0395 0.0313 0.0308 0.0343 0.086 0.0707 0.0537 0.0362 0.0208 0.013 0.016 0.0221 0.0728 0.0584 0.0429 0.027 0.0123 0.0 0.0095 0.0165 0.0629 0.0504 0.0375 0.025 0.0144 0.009 0.0112 0.0156 0.0524
5.000 5.000 25 0.0721 0.1955 0.193 0.1857 0.1748 0.1603 0.148 0.1417 0.1355 0.1804 0.1741 0.1658 0.1536 0.1388 0.1267 0.1197 0.1141 0.16 0.1505 0.138 0.1221 0.105 0.0913 0.0823 0.0781 0.1388 0.1253 0.1087 0.0893 0.0703 0.0557 0.0469 0.0446 0.1173 0.1018 0.0836 0.0637 0.0449 0.0311 0.0241 0.0239 0.0981 0.0825 0.065 0.0465 0.0293 0.0161 0.0099 0.0122 0.0829 0.0683 0.0526 0.0365 0.0217 0.0095 0.0 0.0072 0.0705 0.0578 0.0446 0.0316 0.02 0.0111 0.0068 0.0085 0.0594
5.000 7.000 35 0.0791 0.2081 0.2032 0.1938 0.1778 0.1611 0.1455 0.1338 0.1259 0.1936 0.1867 0.1748 0.1594 0.1421 0.1262 0.1139 0.1047 0.1729 0.1622 0.1479 0.1294 0.1095 0.0922 0.079 0.0694 0.1509 0.1365 0.1186 0.0972 0.0758 0.0577 0.0454 0.0379 0.1283 0.1122 0.0932 0.0719 0.0515 0.035 0.0242 0.0189 0.1074 0.0915 0.0736 0.0547 0.0369 0.0224 0.0123 0.0076 0.0902 0.0755 0.0596 0.0435 0.0287 0.0165 0.0072 0.0 0.0758 0.0629 0.0497 0.0366 0.0249 0.0153 0.0084 0.0052 0.0668
7.000 -7.000 35 0.1026 0.113 0.1266 0.1461 0.1701 0.1937 0.215 0.2325 0.25 0.1001 0.1123 0.1306 0.154 0.1787 0.2019 0.2216 0.2385 0.083 0.0932 0.1087 0.129 0.1513 0.1718 0.1886 0.201 0.0636 0.0714 0.084 0.1006 0.1188 0.1344 0.1458 0.1531 0.044 0.0499 0.0606 0.075 0.0901 0.1029 0.1116 0.1169 0.0263 0.0312 0.0413 0.0545 0.0682 0.0796 0.0876 0.0928 0.0115 0.0171 0.028 0.0405 0.0526 0.0629 0.0705 0.0758 0.0 0.0104 0.0213 0.0323 0.0426 0.0515 0.0583 0.0633 0.0889
7.000 -5.000 35 0.0924 0.1231 0.1361 0.1526 0.1732 0.193 0.2081 0.2218 0.2338 0.1087 0.1193 0.1339 0.1533 0.1735 0.1907 0.2062 0.2187 0.0902 0.0974 0.1087 0.1246 0.142 0.1575 0.17 0.1792 0.0695 0.0732 0.0811 0.0933 0.1069 0.1189 0.1275 0.133 0.049 0.0496 0.0552 0.0654 0.0774 0.0879 0.0951 0.0996 0.0309 0.029 0.0337 0.0436 0.0554 0.0657 0.073 0.0779 0.0171 0.0125 0.0182 0.0291 0.0405 0.0504 0.0578 0.0629 0.0104 0.0 0.0108 0.0217 0.032 0.0407 0.0474 0.0523 0.078
7.000 -3.000 35 0.0837 0.1361 0.1466 0.162 0.1769 0.1902 0.2 0.207 0.2156 0.1205 0.1279 0.1401 0.1537 0.1673 0.1788 0.1881 0.1967 0.1008 0.1043 0.1118 0.1219 0.1328 0.1424 0.1503 0.1561 0.0793 0.0787 0.0816 0.0879 0.0959 0.103 0.1085 0.1122 0.0583 0.0542 0.0538 0.0581 0.0654 0.0726 0.078 0.0817 0.0405 0.0334 0.0307 0.0347 0.043 0.0514 0.0579 0.0625 0.0278 0.0181 0.013 0.0184 0.0283 0.0375 0.0446 0.0497 0.0213 0.0108 0.0 0.0108 0.0209 0.0295 0.0361 0.041 0.0684
7.000 -1.000 35 0.0773 0.1516 0.1599 0.1705 0.1812 0.1857 0.1884 0.1912 0.194 0.1349 0.1397 0.147 0.1555 0.1608 0.1651 0.1694 0.173 0.1143 0.1146 0.1171 0.1211 0.1245 0.1274 0.1302 0.1328 0.0922 0.0881 0.0858 0.0853 0.0865 0.088 0.0897 0.0916 0.0706 0.0632 0.0574 0.0546 0.0556 0.0584 0.0615 0.0642 0.0528 0.0429 0.0345 0.0306 0.0327 0.0381 0.0433 0.0474 0.0399 0.0289 0.0184 0.0127 0.0172 0.025 0.0316 0.0366 0.0323 0.0217 0.0108 0.0 0.01 0.0185 0.025 0.0298 0.0618
7.000 1.000 35 0.0741 0.167 0.1735 0.1791 0.1815 0.1807 0.1755 0.1735 0.1737 0.1497 0.1526 0.1551 0.1559 0.1548 0.1517 0.1509 0.151 0.1286 0.1268 0.1244 0.1214 0.1174 0.1139 0.1121 0.1113 0.1061 0.0997 0.0927 0.0858 0.0794 0.0754 0.0734 0.073 0.0844 0.0745 0.0647 0.0558 0.0494 0.047 0.0471 0.0487 0.0658 0.0545 0.0429 0.0329 0.0273 0.0275 0.0305 0.0339 0.0519 0.0403 0.0283 0.0172 0.0113 0.0144 0.02 0.0249 0.0426 0.032 0.0209 0.01 0.0 0.0084 0.0149 0.0197 0.0591
7.000 3.000 35 0.0741 0.1819 0.1843 0.1858 0.1814 0.1727 0.1651 0.158 0.1547 0.1645 0.1637 0.1624 0.1568 0.1484 0.1412 0.1355 0.1321 0.1424 0.138 0.132 0.123 0.1126 0.1033 0.0977 0.094 0.1195 0.111 0.1006 0.0883 0.0761 0.0662 0.061 0.0586 0.0973 0.0861 0.0732 0.0597 0.0479 0.0398 0.0367 0.0364 0.0777 0.0655 0.0522 0.0388 0.0278 0.0218 0.0212 0.0233 0.0625 0.0505 0.0379 0.0252 0.0145 0.009 0.0111 0.0153 0.0515 0.0407 0.0295 0.0185 0.0084 0.0 0.0065 0.0113 0.0597
7.000 5.000 35 0.076 0.1935 0.194 0.1898 0.1811 0.1677 0.1553 0.1478 0.1399 0.1765 0.1741 0.168 0.1583 0.1452 0.1334 0.1252 0.1178 0.1551 0.1478 0.1386 0.1256 0.1106 0.0976 0.0876 0.0816 0.1312 0.121 0.1079 0.0918 0.0755 0.0621 0.0527 0.0486 0.1084 0.096 0.0812 0.0649 0.0492 0.0375 0.0305 0.0283 0.0876 0.0748 0.0604 0.0453 0.0315 0.0215 0.0165 0.0161 0.071 0.0588 0.0457 0.0324 0.0204 0.0112 0.0068 0.0084 0.0583 0.0474 0.0361 0.025 0.0149 0.0065 0.0 0.0049 0.0627
7.000 7.000 35 0.0794 0.2045 0.2012 0.1946 0.1811 0.1656 0.1507 0.1391 0.1302 0.1868 0.1824 0.1743 0.1606 0.145 0.1304 0.1186 0.1085 0.1653 0.1571 0.145 0.1292 0.1114 0.0957 0.0833 0.0731 0.1411 0.1296 0.1146 0.0963 0.077 0.0612 0.0499 0.0422 0.1175 0.1042 0.0881 0.0698 0.0524 0.0381 0.0289 0.0237 0.0956 0.0823 0.0671 0.051 0.0359 0.024 0.0164 0.0127 0.0775 0.0651 0.0517 0.0381 0.0256 0.0156 0.0085 0.0052 0.0633 0.0523 0.041 0.0298 0.0197 0.0113 0.0049 0.0 0.0663
0.500 0.000 0 0.0156 0.1249 0.1213 0.1182 0.1177 0.1197 0.1252 0.1372 0.1527 0.1151 0.1067 0.0984 0.0943 0.0972 0.1086 0.1281 0.1505 0.1037 0.0888 0.0734 0.0619 0.0636 0.0804 0.1048 0.1309 0.0935 0.0741 0.0511 0.0287 0.0288 0.0525 0.0784 0.102 0.0875 0.0669 0.0425 0.0159 0.0157 0.0406 0.0624 0.0804 0.0859 0.0678 0.0489 0.0338 0.0326 0.0442 0.0578 0.07 0.0869 0.0727 0.0594 0.0502 0.0481 0.0524 0.0594 0.0668 0.0889 0.078 0.0684 0.0618 0.0591 0.0597 0.0627 0.0663 0.0