n 66
m 3
tmax 18.3
Vcpm 1.4
R 1
dmax 29.28
-0.500 0.000 0 0.0 0.0663 0.063 0.0616 0.0641 0.0725 0.0872 0.1053 0.1232 0.0614 0.0548 0.0496 0.0485 0.0556 0.0733 0.0973 0.1209 0.0576 0.0478 0.0378 0.0302 0.0352 0.0586 0.0913 0.1234 0.0567 0.0447 0.0304 0.013 0.0153 0.0486 0.0897 0.1299 0.0596 0.0475 0.0341 0.0211 0.0248 0.0542 0.096 0.14 0.0664 0.0564 0.0469 0.0418 0.0483 0.0711 0.1072 0.149 0.0763 0.0688 0.0631 0.0622 0.0701 0.089 0.1186 0.1529 0.0876 0.0827 0.0799 0.0813 0.0894 0.1052 0.1284 0.1549 0.0127
-7.000 -7.000 35 0.0663 0.0 0.0078 0.0171 0.0288 0.0437 0.0618 0.0814 0.0989 0.0078 0.0121 0.0211 0.0336 0.0501 0.0708 0.0934 0.1134 0.0172 0.021 0.0293 0.0421 0.0602 0.0841 0.111 0.1345 0.028 0.0323 0.0406 0.0539 0.0737 0.1017 0.1347 0.1642 0.0401 0.0452 0.0538 0.0675 0.0888 0.1204 0.1599 0.1973 0.0531 0.0591 0.0682 0.0818 0.1029 0.1346 0.1764 0.2202 0.0664 0.0733 0.0829 0.0962 0.1155 0.144 0.1821 0.225 0.0794 0.0872 0.0972 0.1102 0.1276 0.152 0.1835 0.2204 0.0735
-7.000 -5.000 35 0.063 0.0078 0.0 0.0094 0.0213 0.0363 0.0545 0.0741 0.0914 0.0121 0.0094 0.0147 0.0262 0.0424 0.0629 0.0852 0.1048 0.0209 0.0205 0.0254 0.0364 0.0535 0.0767 0.1026 0.1252 0.0321 0.0333 0.0389 0.0504 0.0693 0.0959 0.1273 0.1548 0.0448 0.0476 0.0541 0.0664 0.0869 0.1177 0.1554 0.1898 0.0586 0.0627 0.0701 0.0828 0.1038 0.1356 0.1767 0.2178 0.0727 0.0782 0.0862 0.0988 0.1186 0.1479 0.187 0.2287 0.0866 0.0933 0.1019 0.1142 0.1321 0.1575 0.191 0.2278 0.0713
-7.000 -3.000 35 0.0616 0.0171 0.0094 0.0 0.0119 0.0271 0.0453 0.0648 0.0819 0.0211 0.0147 0.0116 0.0186 0.0335 0.0533 0.075 0.0941 0.0291 0.0253 0.0253 0.0322 0.0468 0.0683 0.0927 0.1139 0.0401 0.0387 0.041 0.0495 0.0659 0.0905 0.1189 0.1435 0.0531 0.0537 0.0581 0.0685 0.0875 0.1162 0.1507 0.1806 0.0675 0.0699 0.0759 0.0874 0.1079 0.1391 0.1778 0.2137 0.0824 0.0864 0.0935 0.1055 0.1255 0.1557 0.1936 0.2326 0.0971 0.1025 0.1106 0.1224 0.1411 0.1681 0.2017 0.2379 0.0717
-7.000 -1.000 35 0.0641 0.0288 0.0213 0.0119 0.0 0.0152 0.0334 0.0526 0.0693 0.0333 0.0261 0.0185 0.0148 0.0237 0.0416 0.0622 0.0803 0.0413 0.0358 0.0319 0.0326 0.0417 0.0591 0.0807 0.0996 0.0524 0.0493 0.0487 0.0532 0.0653 0.0852 0.1091 0.1295 0.0659 0.065 0.0674 0.0755 0.0916 0.1163 0.1451 0.1687 0.0809 0.0822 0.0867 0.0975 0.1164 0.1451 0.179 0.2073 0.0966 0.0998 0.106 0.1181 0.1377 0.1669 0.2021 0.2333 0.1123 0.117 0.1245 0.1371 0.156 0.1833 0.2159 0.2461 0.0763
-7.000 1.000 35 0.0725 0.0437 0.0363 0.0271 0.0152 0.0 0.018 0.0368 0.0531 0.0492 0.0418 0.0331 0.0236 0.0186 0.0285 0.0462 0.0629 0.0578 0.0517 0.0458 0.0411 0.0415 0.0508 0.0665 0.082 0.0696 0.0656 0.0631 0.0635 0.0693 0.0816 0.0978 0.1118 0.0839 0.0823 0.0831 0.0885 0.1004 0.1182 0.1381 0.1529 0.0998 0.1006 0.1043 0.1133 0.1302 0.153 0.1782 0.1962 0.1166 0.1195 0.1253 0.1365 0.1557 0.1805 0.2083 0.2296 0.1333 0.1381 0.1455 0.1579 0.1773 0.2015 0.2282 0.25 0.0866
-7.000 3.000 35 0.0872 0.0618 0.0545 0.0453 0.0334 0.018 0.0 0.0183 0.0341 0.0687 0.0613 0.0523 0.0412 0.0284 0.0209 0.0293 0.043 0.0785 0.0722 0.0653 0.0576 0.0502 0.0474 0.0528 0.0622 0.0915 0.0871 0.0832 0.0806 0.0795 0.0813 0.0867 0.0922 0.107 0.105 0.1049 0.1074 0.1134 0.122 0.1299 0.1334 0.1243 0.1247 0.1277 0.1346 0.1464 0.1621 0.1743 0.1788 0.1426 0.1451 0.1506 0.1603 0.1751 0.1945 0.2096 0.2165 0.1607 0.1651 0.1726 0.1838 0.1996 0.2193 0.2344 0.2423 0.1022
-7.000 5.000 35 0.1053 0.0814 0.0741 0.0648 0.0526 0.0368 0.0183 0.0 0.0154 0.0898 0.0824 0.0732 0.0613 0.046 0.0293 0.0195 0.0247 0.1013 0.0948 0.0872 0.0777 0.0656 0.0527 0.0448 0.0447 0.1158 0.1112 0.1066 0.101 0.0943 0.086 0.0784 0.0739 0.1328 0.1304 0.1292 0.1294 0.1291 0.1271 0.1218 0.1134 0.1519 0.1515 0.1534 0.158 0.1637 0.1681 0.1678 0.1578 0.1714 0.1738 0.1775 0.1849 0.1938 0.2019 0.2053 0.196 0.1908 0.1951 0.2006 0.2095 0.2194 0.2281 0.2321 0.2233 0.1212
-7.000 7.000 35 0.1232 0.0989 0.0914 0.0819 0.0693 0.0531 0.0341 0.0154 0.0 0.1088 0.1013 0.0919 0.0794 0.0628 0.0432 0.0248 0.0151 0.1221 0.1155 0.1074 0.0966 0.0815 0.0628 0.0453 0.0345 0.1385 0.1336 0.1281 0.1209 0.1091 0.0931 0.0754 0.0607 0.157 0.1541 0.1517 0.1491 0.1439 0.1323 0.1155 0.0962 0.1777 0.1771 0.1766 0.1778 0.178 0.172 0.1582 0.1371 0.1984 0.1997 0.2021 0.2044 0.2072 0.2044 0.1931 0.1729 0.2193 0.2214 0.225 0.2282 0.2314 0.2288 0.2178 0.1983 0.1384
-5.000 -7.000 35 0.0614 0.0078 0.0121 0.0211 0.0333 0.0492 0.0687 0.0898 0.1088 0.0 0.0094 0.0206 0.0346 0.0525 0.075 0.1 0.1228 0.0094 0.0144 0.0251 0.0398 0.0598 0.0858 0.1154 0.1422 0.0202 0.0246 0.0341 0.0488 0.0702 0.1 0.1359 0.1695 0.0323 0.037 0.0462 0.0606 0.0822 0.1142 0.1555 0.1971 0.0452 0.0506 0.0598 0.0736 0.0944 0.1252 0.1667 0.2118 0.0584 0.0647 0.074 0.0872 0.106 0.1329 0.1692 0.2109 0.0713 0.0785 0.0881 0.1007 0.1175 0.1405 0.1697 0.2033 0.0673
-5.000 -5.000 25 0.0548 0.0121 0.0094 0.0147 0.0261 0.0418 0.0613 0.0824 0.1013 0.0094 0.0 0.0113 0.0254 0.0436 0.0662 0.0912 0.1138 0.0144 0.0111 0.0174 0.031 0.0507 0.0765 0.1057 0.1319 0.0245 0.0239 0.0295 0.0422 0.0626 0.0918 0.1268 0.1589 0.0369 0.0381 0.0441 0.0566 0.0776 0.1089 0.1491 0.1886 0.0504 0.0532 0.0598 0.0721 0.0923 0.1233 0.1645 0.2081 0.0644 0.0686 0.0758 0.0876 0.1062 0.1337 0.1706 0.2127 0.0782 0.0837 0.0913 0.1027 0.1194 0.1428 0.1737 0.2084 0.062
-5.000 -3.000 25 0.0496 0.0211 0.0147 0.0116 0.0185 0.0331 0.0523 0.0732 0.0919 0.0206 0.0113 0.0 0.0143 0.0326 0.0554 0.0802 0.1026 0.025 0.0174 0.0137 0.022 0.0402 0.0653 0.0938 0.1193 0.0339 0.0294 0.0294 0.0375 0.0553 0.0828 0.1159 0.146 0.0459 0.0441 0.0464 0.0557 0.0745 0.1043 0.142 0.1782 0.0596 0.0599 0.0641 0.0741 0.0933 0.1237 0.1633 0.2036 0.0741 0.0762 0.0816 0.0919 0.1101 0.1382 0.1749 0.2144 0.0885 0.0922 0.0986 0.1088 0.1254 0.1499 0.1811 0.2163 0.059
-5.000 -1.000 25 0.0485 0.0336 0.0262 0.0186 0.0148 0.0236 0.0412 0.0613 0.0794 0.0346 0.0254 0.0143 0.0 0.0185 0.0412 0.0658 0.0877 0.0395 0.0308 0.022 0.0178 0.0288 0.0516 0.0786 0.1028 0.0482 0.0417 0.0372 0.0384 0.05 0.0729 0.1024 0.1294 0.06 0.0562 0.0553 0.0606 0.075 0.1006 0.1334 0.1644 0.0739 0.0725 0.0743 0.0823 0.0989 0.1266 0.1623 0.1964 0.0889 0.0896 0.0933 0.1027 0.1197 0.1466 0.1814 0.2158 0.1039 0.1063 0.1115 0.1216 0.1378 0.1622 0.1929 0.2239 0.0605
-5.000 1.000 25 0.0556 0.0501 0.0424 0.0335 0.0237 0.0186 0.0284 0.046 0.0628 0.0525 0.0436 0.0326 0.0185 0.0 0.0225 0.0466 0.0679 0.0585 0.0498 0.0397 0.0287 0.023 0.0358 0.0592 0.0814 0.0678 0.0607 0.054 0.0492 0.0509 0.0639 0.086 0.108 0.0802 0.0754 0.0725 0.0735 0.0818 0.0989 0.1228 0.145 0.0947 0.0924 0.0927 0.0978 0.1112 0.1323 0.1594 0.1842 0.1103 0.1103 0.113 0.1207 0.1363 0.1586 0.1866 0.2125 0.1261 0.1281 0.1326 0.1417 0.1577 0.1789 0.2047 0.2289 0.0697
-5.000 3.000 25 0.0733 0.0708 0.0629 0.0533 0.0416 0.0285 0.0209 0.0293 0.0432 0.075 0.0662 0.0554 0.0412 0.0225 0.0 0.0235 0.0441 0.0826 0.074 0.0636 0.0508 0.0356 0.0267 0.038 0.0563 0.0933 0.0861 0.0784 0.0704 0.0628 0.061 0.0695 0.083 0.1069 0.1018 0.0975 0.0954 0.096 0.1016 0.1115 0.1221 0.1225 0.1198 0.119 0.1214 0.1285 0.1412 0.1544 0.1651 0.1392 0.1387 0.1406 0.1461 0.1566 0.1729 0.1882 0.1999 0.1561 0.1575 0.1614 0.1688 0.1806 0.1972 0.2119 0.2232 0.0877
-5.000 5.000 25 0.0973 0.0934 0.0852 0.075 0.0622 0.0462 0.0293 0.0195 0.0248 0.1 0.0912 0.0802 0.0658 0.0466 0.0235 0.0 0.02 0.1095 0.1009 0.0904 0.0768 0.0586 0.0379 0.0256 0.0325 0.1222 0.115 0.1068 0.0968 0.0838 0.069 0.0597 0.0601 0.1376 0.1324 0.1274 0.1219 0.1164 0.1092 0.1033 0.0992 0.1546 0.1514 0.1494 0.1492 0.1494 0.1496 0.1489 0.143 0.1727 0.1712 0.1715 0.1743 0.1783 0.1826 0.1857 0.1801 0.1903 0.1912 0.1928 0.1972 0.2028 0.2082 0.2119 0.2063 0.1121
-5.000 7.000 35 0.1209 0.1134 0.1048 0.0941 0.0803 0.0629 0.043 0.0247 0.0151 0.1228 0.1138 0.1026 0.0877 0.0679 0.0441 0.02 0.0 0.1344 0.1257 0.115 0.1007 0.081 0.0565 0.0326 0.0197 0.1494 0.142 0.1333 0.1219 0.1054 0.0832 0.0608 0.0464 0.1669 0.1614 0.1554 0.1483 0.1364 0.1201 0.0999 0.0822 0.1852 0.1814 0.1777 0.174 0.1689 0.1579 0.1418 0.123 0.2044 0.2023 0.1994 0.1978 0.1956 0.1885 0.1758 0.1583 0.2222 0.2213 0.2207 0.2191 0.2177 0.2116 0.1999 0.1832 0.1354
-3.000 -7.000 35 0.0576 0.0172 0.0209 0.0291 0.0413 0.0578 0.0785 0.1013 0.1221 0.0094 0.0144 0.025 0.0395 0.0585 0.0826 0.1095 0.1344 0.0 0.011 0.0241 0.0403 0.0617 0.0897 0.1223 0.1529 0.0108 0.0166 0.0287 0.0454 0.0683 0.0999 0.1385 0.1759 0.0228 0.0277 0.0382 0.0539 0.0765 0.1091 0.1516 0.1959 0.0357 0.0408 0.0505 0.065 0.0858 0.1159 0.1565 0.2021 0.0488 0.0546 0.064 0.0774 0.096 0.1218 0.1558 0.1952 0.0617 0.0682 0.0775 0.0901 0.1066 0.1284 0.1558 0.1867 0.0617
-3.000 -5.000 25 0.0478 0.021 0.0205 0.0253 0.0358 0.0517 0.0722 0.0948 0.1155 0.0144 0.0111 0.0174 0.0308 0.0498 0.074 0.1009 0.1257 0.011 0.0 0.0132 0.0296 0.0513 0.0796 0.1122 0.1427 0.0166 0.0128 0.0198 0.0353 0.058 0.0896 0.1279 0.1647 0.0277 0.0269 0.0329 0.0464 0.0683 0.1008 0.143 0.1863 0.0407 0.0419 0.048 0.0602 0.0803 0.1106 0.1514 0.1965 0.0545 0.0573 0.0636 0.075 0.0928 0.1189 0.1537 0.1936 0.0681 0.0722 0.0789 0.0897 0.1054 0.1272 0.1551 0.1876 0.0533
-3.000 -3.000 15 0.0378 0.0293 0.0254 0.0253 0.0319 0.0458 0.0653 0.0872 0.1074 0.0251 0.0174 0.0137 0.022 0.0397 0.0636 0.0904 0.115 0.0241 0.0132 0.0 0.0167 0.0387 0.0672 0.0998 0.1299 0.0287 0.0198 0.0156 0.0251 0.0464 0.0775 0.1151 0.1509 0.0382 0.0329 0.0325 0.0411 0.0607 0.0921 0.1331 0.1746 0.0506 0.0482 0.0501 0.0588 0.077 0.1066 0.1468 0.1903 0.0643 0.0641 0.0675 0.0762 0.0928 0.1189 0.1539 0.1932 0.0781 0.0798 0.0843 0.0929 0.1077 0.1298 0.1583 0.1904 0.0454
-3.000 -1.000 15 0.0302 0.0421 0.0364 0.0322 0.0326 0.0411 0.0576 0.0777 0.0966 0.0398 0.031 0.022 0.0178 0.0287 0.0508 0.0768 0.1007 0.0403 0.0296 0.0167 0.0 0.0222 0.0508 0.0832 0.1128 0.0452 0.0352 0.0251 0.0205 0.0339 0.0625 0.0984 0.1326 0.054 0.0465 0.0412 0.0424 0.0557 0.0832 0.1209 0.159 0.0659 0.0612 0.0594 0.0639 0.0781 0.1049 0.1417 0.1817 0.0794 0.0771 0.0778 0.0841 0.0982 0.1227 0.1564 0.1927 0.0933 0.0932 0.0956 0.1028 0.1161 0.1374 0.1657 0.1961 0.0415
-3.000 1.000 15 0.0352 0.0602 0.0535 0.0468 0.0417 0.0415 0.0502 0.0656 0.0815 0.0598 0.0507 0.0402 0.0288 0.023 0.0356 0.0586 0.081 0.0617 0.0513 0.0387 0.0222 0.0 0.0284 0.0602 0.089 0.0676 0.0575 0.046 0.0338 0.0278 0.0446 0.0761 0.1074 0.0766 0.0682 0.0605 0.0554 0.0583 0.0752 0.1051 0.1369 0.0883 0.0825 0.0784 0.0785 0.0871 0.1061 0.1356 0.1665 0.1019 0.0984 0.0972 0.1006 0.1117 0.131 0.1587 0.1886 0.1161 0.1148 0.1158 0.121 0.1327 0.1506 0.1746 0.2002 0.0486
-3.000 3.000 15 0.0586 0.0841 0.0767 0.0683 0.0591 0.0508 0.0474 0.0527 0.0628 0.0858 0.0765 0.0653 0.0516 0.0358 0.0267 0.0379 0.0565 0.0897 0.0796 0.0672 0.0508 0.0284 0.0 0.0309 0.0587 0.0972 0.0873 0.0756 0.0614 0.0443 0.0344 0.0501 0.0758 0.1073 0.0987 0.0899 0.0814 0.0741 0.0746 0.0877 0.1086 0.1196 0.1132 0.1075 0.1043 0.105 0.1133 0.1276 0.1459 0.1336 0.1294 0.1266 0.1269 0.1321 0.1441 0.1592 0.176 0.1481 0.1459 0.1454 0.1481 0.1552 0.1678 0.1816 0.1959 0.0707
-3.000 5.000 25 0.0913 0.111 0.1026 0.0927 0.0807 0.0665 0.0528 0.0448 0.0453 0.1154 0.1057 0.0938 0.0786 0.0592 0.038 0.0256 0.0326 0.1223 0.1122 0.0998 0.0832 0.0602 0.0309 0.0 0.0269 0.1319 0.1221 0.1105 0.0954 0.0748 0.0499 0.0345 0.0444 0.1438 0.1352 0.1258 0.1151 0.1018 0.0864 0.078 0.0805 0.1574 0.1505 0.1438 0.1367 0.1309 0.1249 0.1227 0.1221 0.1718 0.1666 0.1621 0.1591 0.1571 0.1566 0.1586 0.1572 0.1863 0.1828 0.1802 0.1793 0.1797 0.1812 0.1838 0.1818 0.1022
-3.000 7.000 35 0.1234 0.1345 0.1252 0.1139 0.0996 0.082 0.0622 0.0447 0.0345 0.1422 0.1319 0.1193 0.1028 0.0814 0.0563 0.0325 0.0197 0.1529 0.1427 0.1299 0.1128 0.089 0.0587 0.0269 0.0 0.1651 0.1553 0.1434 0.1277 0.1053 0.0755 0.0445 0.0271 0.1792 0.1705 0.1605 0.148 0.1306 0.1066 0.0803 0.0631 0.1942 0.1867 0.1785 0.1694 0.156 0.14 0.1202 0.1035 0.2085 0.2022 0.1953 0.1881 0.1799 0.1676 0.1528 0.138 0.2227 0.2176 0.2111 0.2052 0.1986 0.1887 0.176 0.162 0.1348
-1.000 -7.000 35 0.0567 0.028 0.0321 0.0401 0.0524 0.0696 0.0915 0.1158 0.1385 0.0202 0.0245 0.0339 0.0482 0.0678 0.0933 0.1222 0.1494 0.0108 0.0166 0.0287 0.0452 0.0676 0.0972 0.1319 0.1651 0.0 0.0124 0.027 0.045 0.0687 0.1014 0.1423 0.1833 0.012 0.0184 0.0315 0.0491 0.0726 0.1055 0.1484 0.1941 0.0248 0.03 0.0411 0.0569 0.0783 0.1079 0.1471 0.1915 0.0378 0.0432 0.0531 0.0672 0.0862 0.1113 0.1435 0.1804 0.0506 0.0565 0.0658 0.0787 0.0954 0.1167 0.1424 0.1706 0.0586
-1.000 -5.000 25 0.0447 0.0323 0.0333 0.0387 0.0493 0.0656 0.0871 0.1112 0.1336 0.0246 0.0239 0.0294 0.0417 0.0607 0.0861 0.115 0.142 0.0166 0.0128 0.0198 0.0352 0.0575 0.0873 0.1221 0.1553 0.0124 0.0 0.0147 0.0329 0.057 0.0901 0.1311 0.1721 0.0184 0.0141 0.0216 0.0379 0.0613 0.0945 0.1376 0.1831 0.03 0.029 0.035 0.0484 0.0691 0.0988 0.1385 0.183 0.0432 0.0443 0.0501 0.0616 0.0793 0.1044 0.1372 0.1748 0.0564 0.0591 0.0651 0.0755 0.0909 0.1117 0.1376 0.1666 0.0469
-1.000 -3.000 15 0.0304 0.0406 0.0389 0.041 0.0487 0.0631 0.0832 0.1066 0.1281 0.0341 0.0295 0.0294 0.0372 0.054 0.0784 0.1068 0.1333 0.0287 0.0198 0.0156 0.0251 0.046 0.0756 0.1105 0.1434 0.027 0.0147 0.0 0.0185 0.043 0.0765 0.1177 0.1584 0.0316 0.0217 0.0168 0.0267 0.0489 0.082 0.125 0.17 0.0411 0.0352 0.0342 0.0422 0.0606 0.0899 0.1295 0.1737 0.0533 0.0504 0.0516 0.059 0.0746 0.0989 0.1321 0.1699 0.0663 0.0656 0.0683 0.0755 0.0889 0.1091 0.1351 0.1645 0.0338
-1.000 -1.000 5 0.013 0.0539 0.0504 0.0495 0.0532 0.0635 0.0806 0.101 0.1209 0.0488 0.0422 0.0375 0.0384 0.0492 0.0704 0.0968 0.1219 0.0454 0.0353 0.0251 0.0205 0.0338 0.0614 0.0954 0.1277 0.045 0.0329 0.0185 0.0 0.025 0.0589 0.1 0.1402 0.0493 0.0381 0.0267 0.0217 0.0359 0.067 0.109 0.1527 0.0576 0.049 0.0426 0.0429 0.0552 0.0816 0.1196 0.1619 0.0688 0.0631 0.0601 0.0629 0.0743 0.0965 0.1279 0.165 0.081 0.0779 0.0773 0.0814 0.0919 0.1103 0.1358 0.1644 0.0211
-1.000 1.000 5 0.0153 0.0737 0.0693 0.0659 0.0653 0.0693 0.0795 0.0943 0.1091 0.0702 0.0626 0.0553 0.05 0.0509 0.0628 0.0838 0.1054 0.0683 0.058 0.0464 0.0339 0.0278 0.0443 0.0748 0.1053 0.0687 0.057 0.043 0.025 0.0 0.0339 0.0745 0.1137 0.0734 0.0619 0.0491 0.0359 0.0299 0.0492 0.0869 0.1277 0.0811 0.0713 0.062 0.0558 0.058 0.0751 0.1071 0.1445 0.0912 0.0842 0.0782 0.0764 0.0821 0.0981 0.1248 0.1559 0.1029 0.098 0.095 0.0959 0.1028 0.1172 0.1386 0.1639 0.0248
-1.000 3.000 15 0.0486 0.1017 0.0959 0.0905 0.0852 0.0816 0.0813 0.086 0.0931 0.1 0.0918 0.0828 0.0729 0.0639 0.061 0.069 0.0832 0.0999 0.0896 0.0775 0.0625 0.0446 0.0344 0.0499 0.0755 0.1014 0.0901 0.0765 0.0589 0.0339 0.0 0.0397 0.0774 0.1067 0.0953 0.0822 0.0669 0.0491 0.0393 0.0595 0.0936 0.1141 0.1039 0.0932 0.083 0.0753 0.0768 0.0928 0.1198 0.1235 0.1152 0.1077 0.1018 0.1003 0.1066 0.1212 0.1423 0.1345 0.1283 0.123 0.1206 0.1222 0.1297 0.1421 0.1581 0.0541
-1.000 5.000 25 0.0897 0.1347 0.1273 0.1189 0.1091 0.0978 0.0867 0.0784 0.0754 0.1359 0.1268 0.1159 0.1024 0.086 0.0695 0.0597 0.0608 0.1385 0.1279 0.1151 0.0984 0.0761 0.0501 0.0345 0.0445 0.1423 0.1311 0.1177 0.1 0.0745 0.0397 0.0 0.0364 0.1483 0.137 0.1238 0.1076 0.0859 0.0592 0.0427 0.0569 0.1558 0.1452 0.1335 0.1207 0.1066 0.092 0.086 0.0924 0.1646 0.1554 0.1457 0.1361 0.1277 0.1212 0.1204 0.1239 0.1744 0.1668 0.1591 0.1524 0.1472 0.1443 0.1447 0.1462 0.0946
-1.000 7.000 35 0.1299 0.1642 0.1548 0.1435 0.1295 0.1118 0.0922 0.0739 0.0607 0.1695 0.1589 0.146 0.1294 0.108 0.083 0.0601 0.0464 0.1759 0.1647 0.1509 0.1326 0.1074 0.0758 0.0444 0.0271 0.1833 0.1721 0.1584 0.1402 0.1137 0.0774 0.0364 0.0 0.1905 0.1791 0.1656 0.1485 0.1248 0.0924 0.0567 0.0358 0.1984 0.1872 0.1744 0.1594 0.1406 0.1169 0.0912 0.0751 0.2064 0.1959 0.1842 0.1713 0.1555 0.1389 0.1212 0.1083 0.214 0.2044 0.1938 0.1826 0.1706 0.1568 0.1429 0.1313 0.1353
1.000 -7.000 35 0.0596 0.0401 0.0448 0.0531 0.0659 0.0839 0.107 0.1328 0.157 0.0323 0.0369 0.0459 0.06 0.0802 0.1069 0.1376 0.1669 0.0228 0.0277 0.0382 0.054 0.0766 0.1073 0.1438 0.1792 0.012 0.0184 0.0316 0.0493 0.0734 0.1067 0.1483 0.1905 0.0 0.0135 0.0291 0.0477 0.0714 0.1038 0.1462 0.1924 0.0127 0.0195 0.0332 0.0509 0.073 0.102 0.1395 0.1817 0.0257 0.0311 0.0424 0.0579 0.0776 0.1024 0.1329 0.1669 0.0383 0.0438 0.0536 0.0672 0.0845 0.1057 0.1305 0.1569 0.0589
1.000 -5.000 25 0.0475 0.0452 0.0476 0.0537 0.065 0.0823 0.105 0.1304 0.1541 0.037 0.0381 0.0441 0.0562 0.0754 0.1018 0.1324 0.1614 0.0277 0.0269 0.0329 0.0465 0.0682 0.0987 0.1352 0.1705 0.0184 0.0141 0.0217 0.0381 0.0619 0.0953 0.137 0.1791 0.0135 0.0 0.0157 0.0345 0.0585 0.0913 0.1339 0.1802 0.0195 0.0149 0.0226 0.0388 0.0607 0.09 0.1279 0.1704 0.0311 0.03 0.0359 0.0487 0.0673 0.0919 0.1228 0.1574 0.0438 0.0448 0.0503 0.0611 0.0767 0.0973 0.122 0.1487 0.0459
1.000 -3.000 15 0.0341 0.0538 0.0541 0.0581 0.0674 0.0831 0.1049 0.1292 0.1517 0.0462 0.0441 0.0464 0.0553 0.0725 0.0975 0.1274 0.1554 0.0382 0.0329 0.0325 0.0412 0.0605 0.0899 0.1258 0.1605 0.0315 0.0216 0.0168 0.0267 0.0491 0.0822 0.1238 0.1656 0.0291 0.0157 0.0 0.019 0.0434 0.0767 0.1197 0.1658 0.0333 0.0226 0.0173 0.0267 0.0473 0.0767 0.1149 0.1576 0.0425 0.036 0.0346 0.0416 0.0576 0.0814 0.1124 0.1474 0.0538 0.0506 0.0512 0.0574 0.0704 0.0895 0.1141 0.1409 0.0309
1.000 -1.000 5 0.0211 0.0675 0.0664 0.0685 0.0755 0.0885 0.1074 0.1294 0.1491 0.0606 0.0566 0.0557 0.0606 0.0735 0.0954 0.1219 0.1483 0.0539 0.0464 0.0411 0.0424 0.0554 0.0814 0.1151 0.148 0.0491 0.0379 0.0267 0.0217 0.0359 0.0669 0.1076 0.1485 0.0477 0.0345 0.019 0.0 0.0249 0.0587 0.1019 0.1477 0.0512 0.039 0.0268 0.0211 0.0338 0.0617 0.0997 0.142 0.0587 0.0493 0.042 0.0409 0.0506 0.0718 0.1019 0.1364 0.0685 0.0622 0.0583 0.0594 0.0678 0.0843 0.1071 0.1338 0.013
1.000 1.000 5 0.0248 0.0888 0.0869 0.0875 0.0916 0.1004 0.1134 0.1291 0.1439 0.0822 0.0776 0.0745 0.075 0.0818 0.096 0.1164 0.1364 0.0765 0.0683 0.0607 0.0557 0.0583 0.0741 0.1018 0.1306 0.0726 0.0613 0.0489 0.0359 0.0299 0.0491 0.0859 0.1248 0.0714 0.0585 0.0434 0.0249 0.0 0.0341 0.0771 0.1222 0.0745 0.0619 0.048 0.034 0.0276 0.0451 0.0801 0.1208 0.0805 0.0698 0.0592 0.0516 0.0515 0.0647 0.0906 0.1226 0.0887 0.0808 0.0735 0.0698 0.0721 0.0831 0.1021 0.1254 0.0152
1.000 3.000 15 0.0542 0.1204 0.1177 0.1162 0.1163 0.1182 0.122 0.1271 0.1323 0.1142 0.1089 0.1043 0.1006 0.0989 0.1016 0.1092 0.1201 0.1091 0.1008 0.0921 0.0832 0.0752 0.0746 0.0864 0.1066 0.1055 0.0945 0.082 0.067 0.0492 0.0393 0.0592 0.0924 0.1038 0.0913 0.0767 0.0587 0.0341 0.0 0.0424 0.0861 0.1062 0.0934 0.079 0.0627 0.0453 0.0364 0.0562 0.0914 0.1107 0.0991 0.0867 0.0748 0.066 0.0655 0.0792 0.1038 0.1171 0.1074 0.0983 0.0902 0.0862 0.0883 0.0987 0.1152 0.0486
1.000 5.000 25 0.096 0.1599 0.1554 0.1507 0.1451 0.1381 0.1299 0.1218 0.1155 0.1555 0.1491 0.142 0.1334 0.1228 0.1115 0.1033 0.0999 0.1516 0.143 0.1331 0.1209 0.1051 0.0877 0.078 0.0803 0.1484 0.1376 0.125 0.109 0.0869 0.0595 0.0427 0.0567 0.1462 0.1339 0.1197 0.1019 0.0771 0.0424 0.0 0.0422 0.1471 0.1342 0.1193 0.102 0.0808 0.0562 0.0417 0.0579 0.1497 0.1373 0.1236 0.1088 0.0935 0.0799 0.0748 0.0828 0.1538 0.1428 0.131 0.1197 0.1089 0.1011 0.0985 0.1026 0.0917
1.000 7.000 35 0.14 0.1973 0.1898 0.1806 0.1687 0.1529 0.1334 0.1134 0.0962 0.1971 0.1886 0.1782 0.1644 0.145 0.1221 0.0992 0.0822 0.1959 0.1863 0.1746 0.159 0.1369 0.1086 0.0805 0.0631 0.1941 0.1831 0.17 0.1527 0.1277 0.0936 0.0569 0.0358 0.1924 0.1802 0.1658 0.1477 0.1222 0.0861 0.0422 0.0 0.1913 0.178 0.1626 0.1442 0.1208 0.0908 0.0576 0.0379 0.1915 0.1782 0.163 0.1458 0.126 0.1038 0.082 0.0696 0.1928 0.1802 0.1661 0.1508 0.1342 0.1173 0.1019 0.0918 0.1369
3.000 -7.000 35 0.0664 0.0531 0.0586 0.0675 0.0809 0.0998 0.1243 0.1519 0.1777 0.0452 0.0504 0.0596 0.0739 0.0947 0.1225 0.1546 0.1852 0.0357 0.0407 0.0506 0.0659 0.0883 0.1196 0.1574 0.1942 0.0248 0.03 0.0411 0.0576 0.0811 0.1141 0.1558 0.1984 0.0127 0.0195 0.0333 0.0512 0.0745 0.1062 0.1471 0.1913 0.0 0.014 0.0301 0.0486 0.0707 0.0987 0.1341 0.1739 0.0129 0.0198 0.0336 0.0508 0.0712 0.0957 0.1247 0.1562 0.0254 0.0308 0.0418 0.0567 0.0748 0.0961 0.1201 0.1449 0.0632
3.000 -5.000 25 0.0564 0.0591 0.0627 0.0699 0.0822 0.1006 0.1247 0.1515 0.1771 0.0506 0.0532 0.0599 0.0725 0.0924 0.1198 0.1514 0.1814 0.0408 0.0419 0.0482 0.0612 0.0825 0.1132 0.1505 0.1867 0.03 0.029 0.0352 0.049 0.0713 0.1039 0.1452 0.1872 0.0195 0.0149 0.0226 0.039 0.0619 0.0934 0.1342 0.178 0.014 0.0 0.0161 0.0347 0.057 0.0852 0.1209 0.1606 0.0198 0.0151 0.0227 0.0384 0.0584 0.0829 0.1121 0.1438 0.0308 0.0297 0.0353 0.0474 0.0642 0.085 0.1089 0.1338 0.0514
3.000 -3.000 15 0.0469 0.0682 0.0701 0.0759 0.0867 0.1043 0.1277 0.1534 0.1766 0.0598 0.0598 0.0641 0.0743 0.0927 0.119 0.1494 0.1777 0.0505 0.048 0.0501 0.0594 0.0784 0.1075 0.1438 0.1785 0.0411 0.035 0.0342 0.0426 0.062 0.0932 0.1335 0.1744 0.0332 0.0226 0.0173 0.0268 0.048 0.079 0.1193 0.1626 0.0301 0.0161 0.0 0.0187 0.0412 0.0697 0.1056 0.1455 0.0336 0.0228 0.0172 0.026 0.0444 0.0686 0.098 0.13 0.042 0.0354 0.0337 0.0399 0.0538 0.0734 0.0969 0.1217 0.0393
3.000 -1.000 15 0.0418 0.0818 0.0828 0.0874 0.0975 0.1133 0.1346 0.158 0.1778 0.0736 0.0721 0.0741 0.0823 0.0978 0.1214 0.1492 0.174 0.065 0.0602 0.0588 0.0639 0.0785 0.1043 0.1367 0.1694 0.0569 0.0484 0.0422 0.0429 0.0558 0.083 0.1207 0.1594 0.0509 0.0388 0.0267 0.0211 0.034 0.0627 0.102 0.1442 0.0486 0.0347 0.0187 0.0 0.0228 0.0517 0.0878 0.1275 0.0511 0.0386 0.026 0.0198 0.0306 0.0532 0.0824 0.1143 0.0573 0.0479 0.0402 0.0382 0.0458 0.0623 0.0846 0.1088 0.0305
3.000 1.000 15 0.0483 0.1029 0.1038 0.1079 0.1164 0.1302 0.1464 0.1637 0.178 0.0944 0.0923 0.0933 0.0989 0.1112 0.1285 0.1494 0.1689 0.0858 0.0803 0.077 0.0781 0.0871 0.105 0.1309 0.156 0.0783 0.0691 0.0606 0.0552 0.058 0.0753 0.1066 0.1406 0.073 0.0607 0.0473 0.0338 0.0276 0.0453 0.0808 0.1208 0.0707 0.057 0.0412 0.0228 0.0 0.0292 0.0653 0.1047 0.0724 0.0593 0.0449 0.0307 0.0239 0.0373 0.0642 0.0954 0.0769 0.0658 0.0548 0.0464 0.0446 0.0538 0.0722 0.0946 0.035
3.000 3.000 15 0.0711 0.1346 0.1356 0.1391 0.1451 0.153 0.1621 0.1681 0.172 0.1252 0.1233 0.1237 0.1266 0.1323 0.1412 0.1496 0.1579 0.1159 0.1106 0.1066 0.1049 0.1061 0.1133 0.1249 0.14 0.1079 0.0988 0.0899 0.0816 0.0751 0.0768 0.092 0.1169 0.102 0.09 0.0767 0.0617 0.0451 0.0364 0.0562 0.0908 0.0987 0.0852 0.0697 0.0517 0.0292 0.0 0.0358 0.0743 0.0991 0.0857 0.0707 0.0543 0.0376 0.0291 0.0442 0.0718 0.1017 0.0897 0.0769 0.0644 0.0548 0.0522 0.0611 0.0782 0.0589
3.000 5.000 25 0.1072 0.1764 0.1767 0.1778 0.179 0.1782 0.1743 0.1678 0.1582 0.1667 0.1645 0.1633 0.1623 0.1594 0.1544 0.1489 0.1418 0.1565 0.1514 0.1468 0.1417 0.1356 0.1276 0.1227 0.1202 0.1471 0.1385 0.1295 0.1196 0.1071 0.0928 0.086 0.0912 0.1395 0.1279 0.1149 0.0997 0.0801 0.0562 0.0417 0.0576 0.1341 0.1209 0.1056 0.0878 0.0653 0.0358 0.0 0.0375 0.1323 0.1186 0.103 0.0855 0.0656 0.0444 0.0326 0.0459 0.1324 0.1195 0.1053 0.0902 0.0749 0.0621 0.0564 0.0622 0.0959
3.000 7.000 35 0.149 0.2202 0.2178 0.2137 0.2073 0.1962 0.1788 0.1578 0.1371 0.2118 0.2081 0.2036 0.1964 0.1842 0.1651 0.143 0.123 0.2021 0.1965 0.1903 0.1817 0.1665 0.1459 0.1221 0.1035 0.1915 0.183 0.1737 0.1619 0.1445 0.1198 0.0924 0.0751 0.1817 0.1704 0.1576 0.142 0.1208 0.0914 0.0579 0.0379 0.1739 0.1606 0.1455 0.1275 0.1047 0.0743 0.0375 0.0 0.1686 0.1545 0.1382 0.1197 0.0978 0.0723 0.0459 0.0308 0.1654 0.1516 0.1359 0.1187 0.0998 0.0799 0.0623 0.0527 0.1379
5.000 -7.000 35 0.0763 0.0664 0.0727 0.0824 0.0966 0.1166 0.1426 0.1714 0.1984 0.0584 0.0644 0.0741 0.0889 0.1103 0.1392 0.1727 0.2044 0.0488 0.0545 0.0643 0.0794 0.1019 0.1336 0.1718 0.2085 0.0378 0.0432 0.0533 0.0688 0.0912 0.1235 0.1646 0.2064 0.0257 0.0311 0.0425 0.0587 0.0805 0.1107 0.1497 0.1915 0.0129 0.0198 0.0336 0.0511 0.0724 0.0991 0.1323 0.1686 0.0 0.0138 0.0298 0.0477 0.068 0.0917 0.1191 0.1482 0.0125 0.0191 0.0324 0.0488 0.0674 0.0886 0.1118 0.135 0.0712
5.000 -5.000 25 0.0688 0.0733 0.0782 0.0864 0.0998 0.1195 0.1451 0.1738 0.1997 0.0647 0.0686 0.0762 0.0896 0.1103 0.1387 0.1712 0.2023 0.0546 0.0573 0.0641 0.0771 0.0984 0.1294 0.1666 0.2022 0.0432 0.0443 0.0504 0.0631 0.0842 0.1152 0.1554 0.1959 0.0311 0.03 0.036 0.0493 0.0698 0.0991 0.1373 0.1782 0.0198 0.0151 0.0228 0.0386 0.0593 0.0857 0.1186 0.1545 0.0138 0.0 0.0159 0.0338 0.0541 0.0779 0.1054 0.1346 0.0191 0.0145 0.0219 0.0366 0.0548 0.0758 0.099 0.1223 0.0619
5.000 -3.000 25 0.0631 0.0829 0.0862 0.0935 0.106 0.1253 0.1506 0.1775 0.2021 0.074 0.0758 0.0816 0.0933 0.113 0.1406 0.1715 0.1994 0.064 0.0636 0.0675 0.0778 0.0972 0.1266 0.1621 0.1953 0.0531 0.0501 0.0516 0.0601 0.0782 0.1077 0.1457 0.1842 0.0424 0.0359 0.0346 0.042 0.0592 0.0867 0.1236 0.163 0.0336 0.0227 0.0172 0.026 0.0449 0.0707 0.103 0.1382 0.0298 0.0159 0.0 0.0179 0.0384 0.0623 0.0899 0.119 0.0325 0.0219 0.0164 0.0245 0.041 0.0616 0.0847 0.1079 0.0538
5.000 -1.000 25 0.0622 0.0962 0.0988 0.1055 0.1181 0.1365 0.1603 0.1849 0.2044 0.0872 0.0876 0.0919 0.1027 0.1207 0.1461 0.1743 0.1978 0.0774 0.075 0.0762 0.0841 0.1006 0.1269 0.1591 0.1881 0.0672 0.0616 0.059 0.0629 0.0764 0.1018 0.1361 0.1713 0.0579 0.0487 0.0416 0.0409 0.0516 0.0748 0.1088 0.1458 0.0508 0.0384 0.026 0.0198 0.0307 0.0543 0.0855 0.1197 0.0477 0.0338 0.0179 0.0 0.0206 0.0446 0.0723 0.1012 0.049 0.0368 0.0246 0.0184 0.0276 0.0464 0.0689 0.0919 0.0504
5.000 1.000 25 0.0701 0.1155 0.1186 0.1255 0.1377 0.1557 0.1751 0.1938 0.2072 0.106 0.1062 0.1101 0.1197 0.1363 0.1566 0.1783 0.1956 0.096 0.0928 0.0928 0.0982 0.1117 0.1321 0.1571 0.1799 0.0862 0.0793 0.0746 0.0743 0.0821 0.1003 0.1277 0.1555 0.0776 0.0673 0.0576 0.0506 0.0515 0.066 0.0935 0.126 0.0712 0.0584 0.0444 0.0306 0.0239 0.0376 0.0656 0.0978 0.068 0.0541 0.0384 0.0206 0.0 0.0241 0.0517 0.0804 0.0682 0.0553 0.0413 0.0277 0.0208 0.0313 0.0516 0.0739 0.0563
5.000 3.000 25 0.089 0.144 0.1479 0.1557 0.1669 0.1805 0.1945 0.2019 0.2044 0.1329 0.1337 0.1382 0.1466 0.1586 0.1729 0.1826 0.1885 0.1218 0.1189 0.1189 0.1227 0.131 0.1441 0.1566 0.1676 0.1113 0.1044 0.0989 0.0965 0.0981 0.1066 0.1212 0.1389 0.1024 0.0919 0.0814 0.0718 0.0647 0.0655 0.0799 0.1038 0.0957 0.0829 0.0686 0.0532 0.0373 0.0291 0.0444 0.0723 0.0917 0.0779 0.0623 0.0446 0.0241 0.0 0.0273 0.0556 0.0906 0.0774 0.0627 0.0469 0.0315 0.0234 0.0341 0.0535 0.0746
5.000 5.000 25 0.1186 0.1821 0.187 0.1936 0.2021 0.2083 0.2096 0.2053 0.1931 0.1692 0.1706 0.1749 0.1814 0.1866 0.1882 0.1857 0.1758 0.1558 0.1537 0.1539 0.1564 0.1587 0.1592 0.1586 0.1528 0.1435 0.1372 0.1321 0.1279 0.1248 0.1212 0.1204 0.1212 0.1329 0.1228 0.1124 0.1019 0.0906 0.0792 0.0748 0.082 0.1247 0.1121 0.098 0.0824 0.0642 0.0442 0.0326 0.0459 0.1191 0.1054 0.0899 0.0723 0.0517 0.0273 0.0 0.0277 0.1161 0.1026 0.0874 0.0706 0.0524 0.0342 0.0243 0.0334 0.1032
5.000 7.000 35 0.1529 0.225 0.2287 0.2326 0.2333 0.2296 0.2165 0.196 0.1729 0.2109 0.2127 0.2144 0.2158 0.2125 0.1999 0.1801 0.1583 0.1952 0.1936 0.1932 0.1927 0.1886 0.176 0.1572 0.138 0.1804 0.1748 0.1699 0.165 0.1559 0.1423 0.1239 0.1083 0.1669 0.1574 0.1474 0.1364 0.1226 0.1038 0.0828 0.0696 0.1562 0.1438 0.13 0.1143 0.0954 0.0718 0.0459 0.0308 0.1482 0.1346 0.119 0.1012 0.0804 0.0556 0.0277 0.0 0.1424 0.1286 0.1128 0.0953 0.0756 0.0541 0.0334 0.0222 0.1371
7.000 -7.000 35 0.0876 0.0794 0.0866 0.0971 0.1123 0.1333 0.1607 0.1908 0.2193 0.0713 0.0782 0.0885 0.1039 0.1261 0.1561 0.1903 0.2222 0.0617 0.0681 0.0781 0.0933 0.1161 0.1481 0.1863 0.2227 0.0506 0.0564 0.0663 0.081 0.1029 0.1345 0.1744 0.214 0.0383 0.0438 0.0538 0.0685 0.0887 0.1171 0.1538 0.1928 0.0254 0.0308 0.042 0.0573 0.0769 0.1017 0.1324 0.1654 0.0125 0.0191 0.0325 0.049 0.0682 0.0906 0.1161 0.1424 0.0 0.0131 0.0281 0.0447 0.0631 0.0835 0.1056 0.1273 0.081
7.000 -5.000 35 0.0827 0.0872 0.0933 0.1025 0.117 0.1381 0.1651 0.1951 0.2214 0.0785 0.0837 0.0922 0.1063 0.1281 0.1575 0.1912 0.2213 0.0682 0.0722 0.0798 0.0932 0.1148 0.1459 0.1828 0.2176 0.0565 0.0591 0.0656 0.0779 0.098 0.1283 0.1668 0.2044 0.0438 0.0448 0.0506 0.0622 0.0808 0.1074 0.1428 0.1802 0.0308 0.0297 0.0354 0.0479 0.0658 0.0897 0.1195 0.1516 0.0191 0.0145 0.0219 0.0368 0.0553 0.0774 0.1026 0.1286 0.0131 0.0 0.0149 0.0316 0.0499 0.0704 0.0924 0.1141 0.0745
7.000 -3.000 35 0.0799 0.0972 0.1019 0.1106 0.1245 0.1455 0.1726 0.2006 0.225 0.0881 0.0913 0.0986 0.1115 0.1326 0.1614 0.1928 0.2207 0.0775 0.0789 0.0843 0.0956 0.1158 0.1454 0.1802 0.2111 0.0658 0.0651 0.0683 0.0773 0.095 0.123 0.1591 0.1938 0.0536 0.0503 0.0512 0.0583 0.0735 0.0983 0.131 0.1661 0.0418 0.0353 0.0337 0.0402 0.0548 0.0769 0.1053 0.1359 0.0324 0.0219 0.0164 0.0246 0.0413 0.0627 0.0874 0.1128 0.0281 0.0149 0.0 0.0166 0.035 0.0555 0.0775 0.0991 0.0697
7.000 -1.000 35 0.0813 0.1102 0.1142 0.1224 0.1371 0.1579 0.1838 0.2095 0.2282 0.1007 0.1027 0.1088 0.1216 0.1417 0.1688 0.1972 0.2191 0.0901 0.0897 0.0929 0.1028 0.121 0.1481 0.1793 0.2052 0.0787 0.0755 0.0755 0.0814 0.0959 0.1206 0.1524 0.1826 0.0672 0.0611 0.0574 0.0594 0.0698 0.0902 0.1197 0.1508 0.0567 0.0474 0.0399 0.0382 0.0464 0.0644 0.0902 0.1187 0.0488 0.0366 0.0245 0.0184 0.0277 0.0469 0.0706 0.0953 0.0447 0.0316 0.0166 0.0 0.0184 0.0389 0.0609 0.0823 0.0692
7.000 1.000 35 0.0894 0.1276 0.1321 0.1411 0.156 0.1773 0.1996 0.2194 0.2314 0.1175 0.1194 0.1254 0.1378 0.1577 0.1806 0.2028 0.2177 0.1066 0.1054 0.1077 0.1161 0.1327 0.1552 0.1797 0.1986 0.0954 0.0909 0.0889 0.0919 0.1028 0.1222 0.1472 0.1706 0.0845 0.0767 0.0704 0.0678 0.0721 0.0862 0.1089 0.1342 0.0748 0.0642 0.0538 0.0458 0.0446 0.0548 0.0749 0.0998 0.0674 0.0548 0.041 0.0276 0.0208 0.0315 0.0524 0.0756 0.0631 0.0499 0.035 0.0184 0.0 0.0205 0.0423 0.0635 0.0756
7.000 3.000 35 0.1052 0.152 0.1575 0.1681 0.1833 0.2015 0.2193 0.2281 0.2288 0.1405 0.1428 0.1499 0.1622 0.1789 0.1972 0.2082 0.2116 0.1284 0.1272 0.1298 0.1374 0.1506 0.1678 0.1812 0.1887 0.1167 0.1117 0.1091 0.1103 0.1172 0.1297 0.1443 0.1568 0.1057 0.0973 0.0895 0.0843 0.0831 0.0883 0.1011 0.1173 0.0961 0.085 0.0734 0.0623 0.0538 0.0522 0.0621 0.0799 0.0886 0.0758 0.0616 0.0464 0.0313 0.0234 0.0342 0.0541 0.0835 0.0704 0.0555 0.0389 0.0205 0.0 0.0216 0.0424 0.0903
7.000 5.000 35 0.1284 0.1835 0.191 0.2017 0.2159 0.2282 0.2344 0.2321 0.2178 0.1697 0.1737 0.1811 0.1929 0.2047 0.2119 0.2119 0.1999 0.1558 0.1551 0.1583 0.1657 0.1746 0.1816 0.1838 0.176 0.1424 0.1376 0.1351 0.1358 0.1386 0.1421 0.1447 0.1429 0.1305 0.122 0.1141 0.1071 0.1021 0.0987 0.0985 0.1019 0.1201 0.1089 0.0969 0.0846 0.0722 0.0611 0.0564 0.0623 0.1118 0.099 0.0847 0.0689 0.0516 0.0341 0.0243 0.0334 0.1056 0.0924 0.0775 0.0609 0.0423 0.0216 0.0 0.0205 0.112
7.000 7.000 35 0.1549 0.2204 0.2278 0.2379 0.2461 0.25 0.2423 0.2233 0.1983 0.2033 0.2084 0.2163 0.2239 0.2289 0.2232 0.2063 0.1832 0.1867 0.1876 0.1904 0.1961 0.2002 0.1959 0.1818 0.162 0.1706 0.1666 0.1645 0.1644 0.1639 0.1581 0.1462 0.1313 0.1569 0.1487 0.1409 0.1338 0.1254 0.1152 0.1026 0.0918 0.1449 0.1338 0.1217 0.1088 0.0946 0.0782 0.0622 0.0527 0.135 0.1223 0.1079 0.0919 0.0739 0.0535 0.0334 0.0222 0.1273 0.1141 0.0991 0.0823 0.0635 0.0424 0.0205 0.0 0.1381
0.500 0.000 0 0.0127 0.0735 0.0713 0.0717 0.0763 0.0866 0.1022 0.1212 0.1384 0.0673 0.062 0.059 0.0605 0.0697 0.0877 0.1121 0.1354 0.0617 0.0533 0.0454 0.0415 0.0486 0.0707 0.1022 0.1348 0.0586 0.0469 0.0338 0.0211 0.0248 0.0541 0.0946 0.1353 0.0589 0.0459 0.0309 0.013 0.0152 0.0486 0.0917 0.1369 0.0632 0.0514 0.0393 0.0305 0.035 0.0589 0.0959 0.1379 0.0712 0.0619 0.0538 0.0504 0.0563 0.0746 0.1032 0.1371 0.081 0.0745 0.0697 0.0692 0.0756 0.0903 0.112 0.1381 0.0