n 66
m 3
tmax 26.7
Vcpm 1.4
R 1
dmax 32.04
-0.500 0.000 0 0.0 0.0788 0.0775 0.0771 0.0812 0.0884 0.0978 0.1104 0.1233 0.0753 0.0695 0.0658 0.0684 0.0768 0.089 0.1043 0.1212 0.0707 0.061 0.0521 0.0483 0.0581 0.0805 0.0997 0.119 0.0673 0.0555 0.0422 0.0225 0.0296 0.0769 0.1017 0.121 0.0656 0.0551 0.0445 0.0358 0.05 0.093 0.1133 0.1274 0.0678 0.0619 0.0569 0.0626 0.0878 0.1168 0.1287 0.137 0.0738 0.0696 0.0701 0.0791 0.1034 0.1278 0.1394 0.1448 0.0785 0.0768 0.0795 0.088 0.1068 0.1277 0.141 0.1478 0.0244
-7.000 -7.000 35 0.0788 0.0 0.0069 0.0156 0.0262 0.0385 0.0521 0.0663 0.0803 0.0071 0.0115 0.0206 0.0328 0.0479 0.0642 0.0807 0.0969 0.0166 0.0211 0.0302 0.0439 0.064 0.0843 0.1002 0.1162 0.0288 0.0343 0.0439 0.0599 0.0913 0.1231 0.1325 0.1421 0.0416 0.0479 0.058 0.0756 0.1217 0.1746 0.1801 0.1775 0.0524 0.0596 0.0701 0.0868 0.131 0.1987 0.2237 0.219 0.0618 0.0698 0.0803 0.0943 0.1235 0.182 0.2304 0.2456 0.0689 0.0769 0.0869 0.0988 0.1164 0.1537 0.2047 0.2442 0.0899
-7.000 -5.000 35 0.0775 0.0069 0.0 0.0087 0.0193 0.0316 0.0451 0.0593 0.0733 0.0114 0.0091 0.0145 0.0256 0.0401 0.056 0.0722 0.0882 0.0209 0.0211 0.0265 0.038 0.0564 0.0748 0.09 0.1059 0.0339 0.0362 0.0425 0.0568 0.0874 0.1121 0.1191 0.1289 0.0475 0.0517 0.059 0.0768 0.1242 0.1674 0.1633 0.1593 0.0593 0.0651 0.0732 0.0908 0.1431 0.2061 0.2113 0.1981 0.0697 0.0768 0.0851 0.0995 0.1385 0.2034 0.2384 0.233 0.0778 0.0853 0.0933 0.1048 0.1297 0.1798 0.2318 0.25 0.0906
-7.000 -3.000 35 0.0771 0.0156 0.0087 0.0 0.0106 0.0228 0.0363 0.0504 0.0643 0.0203 0.0144 0.0113 0.0177 0.0307 0.0458 0.0617 0.0774 0.0297 0.0263 0.0263 0.0334 0.0479 0.0636 0.078 0.0936 0.0431 0.0421 0.0447 0.0567 0.0819 0.0985 0.1036 0.1141 0.0572 0.0584 0.0637 0.0828 0.13 0.1552 0.1421 0.1392 0.0696 0.0729 0.0801 0.1015 0.1622 0.208 0.1892 0.17 0.0808 0.0856 0.0937 0.1124 0.1659 0.2266 0.2277 0.2047 0.0894 0.095 0.1032 0.1184 0.1585 0.2184 0.2446 0.2326 0.0958
-7.000 -1.000 35 0.0812 0.0262 0.0193 0.0106 0.0 0.0122 0.0256 0.0396 0.0533 0.0321 0.0252 0.0176 0.0136 0.0207 0.0341 0.0493 0.0646 0.0421 0.0368 0.0325 0.0328 0.0406 0.0515 0.0647 0.0797 0.056 0.0529 0.0525 0.0614 0.078 0.0835 0.0871 0.0987 0.0707 0.0701 0.0742 0.097 0.1352 0.1359 0.1189 0.1199 0.0835 0.0856 0.0936 0.1256 0.1832 0.1928 0.1577 0.1429 0.0953 0.0996 0.1102 0.1429 0.2019 0.2279 0.1952 0.1669 0.1047 0.1104 0.1223 0.1527 0.2043 0.2401 0.2226 0.1898 0.1049
-7.000 1.000 35 0.0884 0.0385 0.0316 0.0228 0.0122 0.0 0.0133 0.0272 0.0408 0.0461 0.039 0.0302 0.0207 0.0153 0.0223 0.0358 0.0504 0.0575 0.0514 0.0451 0.04 0.0372 0.0412 0.0516 0.0651 0.0728 0.0686 0.0674 0.0729 0.0746 0.0704 0.0732 0.0837 0.0882 0.0878 0.0937 0.1171 0.1353 0.1144 0.0993 0.1043 0.1023 0.1062 0.1194 0.156 0.1934 0.1634 0.1277 0.1233 0.116 0.124 0.1427 0.1823 0.2229 0.1979 0.1542 0.1397 0.1276 0.139 0.1609 0.1986 0.2335 0.216 0.1746 0.1529 0.1164
-7.000 3.000 35 0.0978 0.0521 0.0451 0.0363 0.0256 0.0133 0.0 0.0138 0.0272 0.0617 0.0545 0.0453 0.0342 0.0223 0.0161 0.0229 0.0357 0.0751 0.0687 0.0615 0.0529 0.0422 0.0369 0.041 0.051 0.0924 0.0884 0.0868 0.0884 0.0777 0.0639 0.0637 0.0709 0.1099 0.1108 0.1197 0.1385 0.1336 0.0999 0.0881 0.0921 0.1271 0.1342 0.1526 0.1828 0.1851 0.1382 0.1114 0.1111 0.1458 0.1581 0.1821 0.2107 0.2094 0.1637 0.1304 0.1257 0.1624 0.1788 0.2041 0.2251 0.216 0.1754 0.1431 0.1354 0.1271
-7.000 5.000 35 0.1104 0.0663 0.0593 0.0504 0.0396 0.0272 0.0138 0.0 0.0133 0.0781 0.0708 0.0614 0.0496 0.0359 0.0229 0.0161 0.0221 0.0938 0.0873 0.0796 0.069 0.0532 0.0412 0.0364 0.0394 0.1137 0.1101 0.109 0.106 0.0847 0.0656 0.0598 0.0609 0.1345 0.1368 0.146 0.1579 0.1337 0.0956 0.0839 0.0831 0.1569 0.1655 0.1825 0.1998 0.1757 0.1247 0.1056 0.1028 0.18 0.1948 0.2113 0.2192 0.19 0.1425 0.1223 0.1176 0.2006 0.2165 0.2275 0.2224 0.1883 0.1494 0.1326 0.1272 0.1376
-7.000 7.000 35 0.1233 0.0803 0.0733 0.0643 0.0533 0.0408 0.0272 0.0133 0.0 0.0943 0.087 0.0774 0.0652 0.0506 0.0357 0.0221 0.0149 0.1125 0.1059 0.0978 0.0858 0.0672 0.0513 0.0396 0.0338 0.1354 0.1321 0.1305 0.1238 0.0962 0.0725 0.0611 0.0555 0.1599 0.1629 0.1706 0.1742 0.1372 0.0978 0.0834 0.0777 0.1866 0.196 0.2063 0.2083 0.1705 0.1214 0.1033 0.0972 0.2126 0.2234 0.2293 0.2158 0.1768 0.1353 0.1183 0.1118 0.2335 0.2385 0.2332 0.2075 0.1702 0.1404 0.1273 0.1209 0.1493
-5.000 -7.000 35 0.0753 0.0071 0.0114 0.0203 0.0321 0.0461 0.0617 0.0781 0.0943 0.0 0.0093 0.0211 0.0355 0.0532 0.0725 0.0916 0.1103 0.0096 0.0153 0.0271 0.0435 0.0675 0.0925 0.1118 0.1301 0.0219 0.0272 0.0383 0.0558 0.0913 0.131 0.1469 0.1594 0.0344 0.0401 0.0507 0.0685 0.1123 0.1733 0.1924 0.1972 0.0449 0.0513 0.0617 0.0776 0.1164 0.1819 0.2181 0.2287 0.0541 0.0611 0.0711 0.0845 0.1091 0.1569 0.2068 0.236 0.0611 0.0681 0.0773 0.0885 0.1036 0.132 0.1733 0.2134 0.0827
-5.000 -5.000 25 0.0695 0.0115 0.0091 0.0144 0.0252 0.039 0.0545 0.0708 0.087 0.0093 0.0 0.0118 0.0263 0.044 0.0632 0.0822 0.1008 0.0152 0.0121 0.019 0.0342 0.0574 0.0813 0.0999 0.1181 0.0271 0.0271 0.0334 0.049 0.0834 0.1186 0.1317 0.1437 0.04 0.0423 0.0489 0.066 0.1133 0.167 0.1772 0.1783 0.0513 0.0555 0.0626 0.0784 0.1241 0.1899 0.2136 0.2134 0.0615 0.0669 0.0742 0.0868 0.1184 0.1754 0.219 0.2358 0.0692 0.0752 0.0821 0.0922 0.1114 0.15 0.1991 0.2321 0.0798
-5.000 -3.000 25 0.0658 0.0206 0.0145 0.0113 0.0176 0.0302 0.0453 0.0614 0.0774 0.0211 0.0118 0.0 0.0146 0.0323 0.0514 0.0702 0.0886 0.027 0.019 0.015 0.0243 0.0452 0.0671 0.0851 0.1031 0.0381 0.0333 0.0333 0.0451 0.0751 0.1028 0.1127 0.1246 0.0506 0.0488 0.052 0.0689 0.1165 0.1555 0.1554 0.1541 0.0618 0.0628 0.068 0.0862 0.1411 0.1978 0.1992 0.1878 0.0723 0.0751 0.0813 0.0966 0.1413 0.2028 0.2248 0.2178 0.0804 0.0841 0.0906 0.1026 0.134 0.1868 0.2256 0.2363 0.0821
-5.000 -1.000 25 0.0684 0.0328 0.0256 0.0177 0.0136 0.0207 0.0342 0.0496 0.0652 0.0355 0.0263 0.0146 0.0 0.0176 0.0363 0.0549 0.0731 0.0427 0.0335 0.0239 0.0197 0.0315 0.0495 0.0667 0.0847 0.054 0.0471 0.0428 0.0489 0.0679 0.0823 0.0895 0.1022 0.0661 0.0627 0.0641 0.0842 0.1227 0.136 0.1238 0.1252 0.0776 0.0774 0.0835 0.1119 0.1662 0.1896 0.1671 0.1518 0.0885 0.091 0.0999 0.1285 0.1814 0.2175 0.203 0.1792 0.0971 0.1014 0.1116 0.1376 0.1821 0.2228 0.2243 0.2027 0.0915
-5.000 1.000 25 0.0768 0.0479 0.0401 0.0307 0.0207 0.0153 0.0223 0.0359 0.0506 0.0532 0.044 0.0323 0.0176 0.0 0.0184 0.0369 0.055 0.0626 0.0534 0.0429 0.0311 0.0227 0.0307 0.0464 0.0642 0.0759 0.0689 0.0643 0.0641 0.0619 0.06 0.0658 0.0792 0.0898 0.0868 0.091 0.109 0.1235 0.1062 0.0926 0.0975 0.1031 0.1059 0.1172 0.1479 0.1805 0.1561 0.1233 0.1172 0.1168 0.1241 0.1406 0.1734 0.2084 0.1898 0.1517 0.1351 0.1286 0.1392 0.1582 0.1886 0.2178 0.2063 0.1728 0.1503 0.1055
-5.000 3.000 25 0.089 0.0642 0.056 0.0458 0.0341 0.0223 0.0161 0.0229 0.0357 0.0725 0.0632 0.0514 0.0363 0.0184 0.0 0.0185 0.0364 0.0849 0.0758 0.065 0.0506 0.0313 0.0209 0.0289 0.0448 0.1016 0.0952 0.0906 0.0851 0.0649 0.0482 0.0495 0.0608 0.1192 0.1185 0.1227 0.1341 0.1189 0.0845 0.0733 0.0795 0.1368 0.1424 0.1564 0.1753 0.1675 0.1224 0.0967 0.0972 0.1553 0.1657 0.1829 0.1988 0.1892 0.1472 0.1158 0.1111 0.1724 0.1843 0.2005 0.2091 0.1943 0.1582 0.1286 0.1206 0.1172
-5.000 5.000 25 0.1043 0.0807 0.0722 0.0617 0.0493 0.0358 0.0229 0.0161 0.0221 0.0916 0.0822 0.0702 0.0549 0.0369 0.0185 0.0 0.0178 0.107 0.0979 0.0869 0.0711 0.0481 0.029 0.0202 0.0277 0.1275 0.1215 0.1166 0.1063 0.0749 0.0509 0.0433 0.0468 0.1494 0.1495 0.1538 0.1533 0.1191 0.0791 0.0671 0.0679 0.1712 0.1767 0.1852 0.189 0.1557 0.1064 0.0884 0.0868 0.1935 0.1998 0.2056 0.2001 0.1662 0.1229 0.1047 0.1011 0.2093 0.2151 0.2126 0.1971 0.1629 0.1293 0.1147 0.1102 0.1291
-5.000 7.000 35 0.1212 0.0969 0.0882 0.0774 0.0646 0.0504 0.0357 0.0221 0.0149 0.1103 0.1008 0.0886 0.0731 0.055 0.0364 0.0178 0.0 0.1285 0.1193 0.108 0.091 0.0664 0.045 0.0277 0.0187 0.1527 0.1467 0.141 0.1272 0.0902 0.0618 0.0469 0.0402 0.1783 0.178 0.1793 0.1718 0.1265 0.0837 0.068 0.0621 0.2023 0.2051 0.2059 0.1955 0.1519 0.1048 0.0871 0.0812 0.2231 0.2237 0.2151 0.1937 0.1545 0.1173 0.1014 0.0954 0.2323 0.2263 0.2101 0.1805 0.147 0.1218 0.11 0.1042 0.1429
-3.000 -7.000 35 0.0707 0.0166 0.0209 0.0297 0.0421 0.0575 0.0751 0.0938 0.1125 0.0096 0.0152 0.027 0.0427 0.0626 0.0849 0.107 0.1285 0.0 0.0123 0.0273 0.046 0.0738 0.1056 0.1297 0.1515 0.0121 0.0189 0.0329 0.0529 0.0919 0.1397 0.1639 0.1816 0.0242 0.0298 0.0416 0.0599 0.1028 0.1672 0.1974 0.212 0.0344 0.0402 0.0506 0.0663 0.1 0.1601 0.2024 0.2248 0.0434 0.0495 0.059 0.072 0.093 0.1314 0.1738 0.2074 0.0501 0.0561 0.0646 0.0752 0.0886 0.1097 0.1408 0.1745 0.0745
-3.000 -5.000 25 0.061 0.0211 0.0211 0.0263 0.0368 0.0514 0.0687 0.0873 0.1059 0.0153 0.0121 0.019 0.0335 0.0534 0.0758 0.0979 0.1193 0.0123 0.0 0.0151 0.034 0.0624 0.094 0.1178 0.1393 0.0189 0.0148 0.0229 0.0419 0.0813 0.1268 0.1489 0.1659 0.0298 0.0295 0.0361 0.0531 0.0982 0.1602 0.1849 0.1962 0.0402 0.0423 0.0488 0.0632 0.1017 0.165 0.2019 0.2173 0.0499 0.0535 0.0599 0.0711 0.096 0.142 0.186 0.2142 0.0573 0.0616 0.0674 0.0763 0.0912 0.1187 0.1564 0.1928 0.0683
-3.000 -3.000 15 0.0521 0.0302 0.0265 0.0263 0.0325 0.0451 0.0615 0.0796 0.0978 0.0271 0.019 0.015 0.0239 0.0429 0.065 0.0869 0.108 0.0273 0.0151 0.0 0.0196 0.0488 0.0798 0.1029 0.124 0.0329 0.0229 0.0181 0.0313 0.0693 0.1104 0.1298 0.146 0.0416 0.0361 0.0362 0.0508 0.0974 0.1516 0.1671 0.1743 0.0509 0.0491 0.0517 0.0663 0.1128 0.1723 0.1976 0.2019 0.0602 0.0608 0.0647 0.0764 0.1107 0.1657 0.2014 0.215 0.0675 0.0693 0.0737 0.0826 0.1048 0.1454 0.1859 0.2114 0.0643
-3.000 -1.000 15 0.0483 0.0439 0.038 0.0334 0.0328 0.04 0.0529 0.069 0.0858 0.0435 0.0342 0.0243 0.0197 0.0311 0.0506 0.0711 0.091 0.046 0.034 0.0196 0.0 0.0292 0.0584 0.0803 0.1008 0.0523 0.0413 0.0308 0.0293 0.0543 0.0853 0.1012 0.117 0.0598 0.0527 0.0498 0.0636 0.1015 0.1338 0.1358 0.1401 0.0685 0.0655 0.0681 0.0898 0.1377 0.1756 0.1718 0.1675 0.0776 0.078 0.0837 0.1052 0.1489 0.1912 0.1993 0.1907 0.0851 0.0875 0.0947 0.1136 0.1483 0.1883 0.2075 0.2055 0.0697
-3.000 1.000 15 0.0581 0.064 0.0564 0.0479 0.0406 0.0372 0.0422 0.0532 0.0672 0.0675 0.0574 0.0452 0.0315 0.0227 0.0313 0.0481 0.0664 0.0738 0.0624 0.0488 0.0292 0.0 0.0271 0.0486 0.0692 0.0837 0.0736 0.0637 0.0529 0.041 0.0489 0.0622 0.0792 0.0935 0.088 0.0874 0.0951 0.1024 0.0944 0.0883 0.0948 0.1045 0.1043 0.1113 0.1318 0.1568 0.1427 0.1197 0.1139 0.1169 0.1211 0.1322 0.1548 0.1821 0.1731 0.1473 0.1331 0.1274 0.1343 0.1473 0.1679 0.1898 0.1863 0.166 0.1486 0.0866
-3.000 3.000 15 0.0805 0.0843 0.0748 0.0636 0.0515 0.0412 0.0369 0.0412 0.0513 0.0925 0.0813 0.0671 0.0495 0.0307 0.0209 0.029 0.045 0.1056 0.094 0.0798 0.0584 0.0271 0.0 0.0224 0.0435 0.1205 0.1111 0.1013 0.0854 0.0504 0.0278 0.034 0.0511 0.1356 0.1313 0.1301 0.1285 0.0988 0.0643 0.0559 0.0653 0.1513 0.1524 0.1549 0.1613 0.1423 0.1014 0.079 0.0807 0.1661 0.1699 0.176 0.1774 0.1609 0.125 0.098 0.0939 0.1772 0.1816 0.1858 0.1824 0.1644 0.135 0.1106 0.1031 0.1044
-3.000 5.000 25 0.0997 0.1002 0.09 0.078 0.0647 0.0516 0.041 0.0364 0.0396 0.1118 0.0999 0.0851 0.0667 0.0464 0.0289 0.0202 0.0277 0.1297 0.1178 0.1029 0.0803 0.0486 0.0224 0.0 0.0211 0.1497 0.1404 0.1299 0.1104 0.0677 0.0345 0.0229 0.0313 0.1688 0.164 0.1598 0.1481 0.1015 0.0588 0.0462 0.0495 0.186 0.1842 0.1815 0.1684 0.13 0.0835 0.0671 0.0671 0.1983 0.1954 0.1883 0.1718 0.1362 0.0987 0.083 0.0806 0.2042 0.1969 0.1845 0.163 0.1318 0.1047 0.0925 0.0893 0.1195
-3.000 7.000 35 0.119 0.1162 0.1059 0.0936 0.0797 0.0651 0.051 0.0394 0.0338 0.1301 0.1181 0.1031 0.0847 0.0642 0.0448 0.0277 0.0187 0.1515 0.1393 0.124 0.1008 0.0692 0.0435 0.0211 0.0 0.1757 0.1661 0.1548 0.1328 0.0868 0.0518 0.0313 0.0212 0.1971 0.1911 0.1839 0.1657 0.1123 0.0675 0.0495 0.0427 0.2129 0.207 0.1971 0.1765 0.1291 0.0848 0.0673 0.0614 0.2187 0.2085 0.1914 0.1648 0.128 0.0955 0.0808 0.0751 0.214 0.1988 0.1757 0.1482 0.1202 0.0995 0.0889 0.0836 0.1353
-1.000 -7.000 35 0.0673 0.0288 0.0339 0.0431 0.056 0.0728 0.0924 0.1137 0.1354 0.0219 0.0271 0.0381 0.054 0.0759 0.1016 0.1275 0.1527 0.0121 0.0189 0.0329 0.0523 0.0837 0.1205 0.1497 0.1757 0.0 0.0136 0.03 0.0507 0.0907 0.1471 0.1788 0.2012 0.0116 0.0183 0.032 0.0512 0.0919 0.1556 0.1913 0.2124 0.0216 0.0271 0.038 0.0537 0.0831 0.1347 0.1747 0.201 0.0306 0.0359 0.0451 0.0575 0.076 0.1062 0.1398 0.1692 0.0373 0.0423 0.0499 0.0599 0.072 0.0886 0.1103 0.1348 0.0668
-1.000 -5.000 25 0.0555 0.0343 0.0362 0.0421 0.0529 0.0686 0.0884 0.1101 0.1321 0.0272 0.0271 0.0333 0.0471 0.0689 0.0952 0.1215 0.1467 0.0189 0.0148 0.0229 0.0413 0.0736 0.1111 0.1404 0.1661 0.0136 0.0 0.0164 0.0377 0.0795 0.1359 0.1667 0.1886 0.0183 0.0143 0.0222 0.0406 0.0835 0.1471 0.1808 0.2005 0.0272 0.0269 0.033 0.0469 0.0788 0.1335 0.1728 0.1967 0.0363 0.038 0.0435 0.0539 0.0733 0.1083 0.1449 0.1742 0.0432 0.0459 0.0508 0.0586 0.0707 0.0898 0.116 0.1435 0.0562
-1.000 -3.000 15 0.0422 0.0439 0.0425 0.0447 0.0525 0.0674 0.0868 0.109 0.1305 0.0383 0.0334 0.0333 0.0428 0.0643 0.0906 0.1166 0.141 0.0329 0.0229 0.0181 0.0308 0.0637 0.1013 0.1299 0.1548 0.03 0.0164 0.0 0.0226 0.0672 0.1229 0.1521 0.1729 0.032 0.0223 0.0175 0.031 0.0761 0.1377 0.1676 0.1849 0.0382 0.0332 0.0328 0.0438 0.0805 0.1371 0.1715 0.1902 0.0461 0.0442 0.0456 0.0539 0.0779 0.1186 0.157 0.1815 0.0523 0.0522 0.0544 0.0605 0.0749 0.1017 0.1332 0.1608 0.0459
-1.000 -1.000 5 0.0225 0.0599 0.0568 0.0567 0.0614 0.0729 0.0884 0.106 0.1238 0.0558 0.049 0.0451 0.0489 0.0641 0.0851 0.1063 0.1272 0.0529 0.0419 0.0313 0.0293 0.0529 0.0854 0.1104 0.1328 0.0507 0.0377 0.0226 0.0 0.0464 0.0981 0.1237 0.1428 0.0518 0.0411 0.0313 0.0323 0.0684 0.1188 0.1405 0.1546 0.0559 0.049 0.0462 0.0567 0.0936 0.1402 0.1585 0.1676 0.0626 0.0591 0.0599 0.0712 0.1016 0.141 0.1629 0.1749 0.0675 0.0668 0.0694 0.0791 0.1014 0.1325 0.1583 0.1728 0.0367
-1.000 1.000 5 0.0296 0.0913 0.0874 0.0819 0.078 0.0746 0.0777 0.0847 0.0962 0.0913 0.0834 0.0751 0.0679 0.0619 0.0649 0.0749 0.0902 0.0919 0.0813 0.0693 0.0543 0.041 0.0504 0.0677 0.0868 0.0907 0.0795 0.0672 0.0464 0.0 0.0444 0.0673 0.0864 0.0934 0.0843 0.0757 0.0676 0.0587 0.0713 0.0824 0.0953 0.0974 0.092 0.0897 0.0959 0.1081 0.1097 0.1054 0.108 0.1033 0.1027 0.1042 0.114 0.13 0.1327 0.1251 0.1216 0.1094 0.1094 0.1143 0.1238 0.136 0.141 0.1365 0.1308 0.0499
-1.000 3.000 15 0.0769 0.1231 0.1121 0.0985 0.0835 0.0704 0.0639 0.0656 0.0725 0.131 0.1186 0.1028 0.0823 0.06 0.0482 0.0509 0.0618 0.1397 0.1268 0.1104 0.0853 0.0489 0.0278 0.0345 0.0518 0.1471 0.1359 0.1229 0.0981 0.0444 0.0 0.0255 0.0471 0.1508 0.1417 0.1318 0.1151 0.0712 0.036 0.0372 0.0522 0.1557 0.1491 0.1424 0.1339 0.1051 0.0714 0.0577 0.063 0.1606 0.1553 0.1479 0.1394 0.1198 0.0931 0.0753 0.0741 0.1614 0.1563 0.1499 0.1392 0.1224 0.1021 0.0866 0.0822 0.0898
-1.000 5.000 25 0.1017 0.1325 0.1191 0.1036 0.0871 0.0732 0.0637 0.0598 0.0611 0.1469 0.1317 0.1127 0.0895 0.0658 0.0495 0.0433 0.0469 0.1639 0.1489 0.1298 0.1012 0.0622 0.034 0.0229 0.0313 0.1788 0.1667 0.1521 0.1237 0.0673 0.0255 0.0 0.0224 0.184 0.1739 0.1617 0.1394 0.0851 0.0377 0.0229 0.0308 0.1864 0.1765 0.1635 0.143 0.1006 0.058 0.0433 0.0456 0.1845 0.1729 0.1571 0.133 0.1021 0.0715 0.0587 0.058 0.1752 0.1617 0.1442 0.1226 0.0974 0.0773 0.068 0.0662 0.1117
-1.000 7.000 35 0.121 0.1421 0.1289 0.1141 0.0987 0.0837 0.0709 0.0609 0.0555 0.1594 0.1437 0.1246 0.1022 0.0792 0.0608 0.0468 0.0402 0.1816 0.1659 0.146 0.117 0.0792 0.0511 0.0313 0.0212 0.2012 0.1886 0.1729 0.1428 0.0864 0.0471 0.0224 0.0 0.2075 0.1965 0.1827 0.1575 0.1003 0.0531 0.0309 0.021 0.2056 0.1929 0.1759 0.1504 0.105 0.0638 0.0457 0.0392 0.1952 0.1791 0.1581 0.1318 0.099 0.0719 0.0581 0.0526 0.1764 0.1583 0.137 0.1138 0.0919 0.0751 0.0657 0.0608 0.1292
1.000 -7.000 35 0.0656 0.0416 0.0475 0.0572 0.0707 0.0882 0.1099 0.1345 0.1599 0.0344 0.04 0.0506 0.0661 0.0898 0.1192 0.1494 0.1783 0.0242 0.0298 0.0416 0.0598 0.0935 0.1356 0.1688 0.1971 0.0116 0.0183 0.032 0.0518 0.0934 0.1508 0.184 0.2075 0.0 0.0121 0.0268 0.0451 0.0811 0.1429 0.1789 0.1996 0.0101 0.0161 0.0282 0.0441 0.0699 0.1126 0.1461 0.1691 0.0191 0.0238 0.0331 0.0455 0.0618 0.0855 0.1105 0.1328 0.0257 0.0297 0.0368 0.046 0.0574 0.0711 0.0872 0.1044 0.0615
1.000 -5.000 25 0.0551 0.0479 0.0517 0.0584 0.0701 0.0878 0.1108 0.1368 0.1629 0.0401 0.0423 0.0488 0.0627 0.0868 0.1185 0.1495 0.178 0.0298 0.0295 0.0361 0.0527 0.088 0.1313 0.164 0.1911 0.0183 0.0143 0.0223 0.0411 0.0843 0.1417 0.1739 0.1965 0.0121 0.0 0.0148 0.0335 0.0712 0.1336 0.1687 0.1887 0.0161 0.0127 0.0197 0.0344 0.0615 0.106 0.1397 0.1624 0.024 0.0237 0.0287 0.0391 0.0554 0.081 0.1077 0.1308 0.0303 0.0315 0.0354 0.0428 0.053 0.0675 0.0852 0.104 0.0506
1.000 -3.000 15 0.0445 0.058 0.059 0.0637 0.0742 0.0937 0.1197 0.146 0.1706 0.0507 0.0489 0.052 0.0641 0.091 0.1227 0.1538 0.1793 0.0416 0.0361 0.0362 0.0498 0.0874 0.1301 0.1598 0.1839 0.032 0.0222 0.0175 0.0313 0.0757 0.1318 0.1617 0.1827 0.0268 0.0148 0.0 0.0198 0.0606 0.1232 0.1564 0.1753 0.0284 0.0197 0.0153 0.0249 0.0538 0.1002 0.1331 0.1547 0.0337 0.029 0.028 0.0341 0.0512 0.0798 0.1079 0.1307 0.0384 0.0362 0.0367 0.0408 0.0505 0.0666 0.0876 0.1079 0.0382
1.000 -1.000 5 0.0358 0.0756 0.0768 0.0828 0.097 0.1171 0.1385 0.1579 0.1742 0.0685 0.066 0.0689 0.0842 0.109 0.1341 0.1533 0.1718 0.0599 0.0531 0.0508 0.0636 0.0951 0.1285 0.1481 0.1657 0.0512 0.0406 0.031 0.0323 0.0676 0.1151 0.1394 0.1575 0.0451 0.0335 0.0198 0.0 0.0442 0.104 0.1331 0.1499 0.0453 0.0354 0.0255 0.0236 0.0486 0.0922 0.1204 0.1386 0.048 0.041 0.0361 0.038 0.055 0.0842 0.1086 0.1267 0.0505 0.0461 0.044 0.0462 0.0571 0.0758 0.0958 0.1137 0.0209
1.000 1.000 5 0.05 0.1217 0.1242 0.13 0.1352 0.1353 0.1336 0.1337 0.1372 0.1123 0.1133 0.1165 0.1227 0.1235 0.1189 0.1191 0.1265 0.1028 0.0982 0.0974 0.1015 0.1024 0.0988 0.1015 0.1123 0.0919 0.0835 0.0761 0.0684 0.0587 0.0712 0.0851 0.1003 0.0811 0.0712 0.0606 0.0442 0.0 0.0513 0.0753 0.0911 0.0793 0.0699 0.0597 0.0501 0.0452 0.0618 0.0775 0.0907 0.0782 0.0705 0.0634 0.0615 0.0654 0.0748 0.0822 0.0908 0.0764 0.0726 0.0681 0.0683 0.0716 0.0794 0.085 0.0916 0.0298
1.000 3.000 15 0.093 0.1746 0.1674 0.1552 0.1359 0.1144 0.0999 0.0956 0.0978 0.1733 0.167 0.1555 0.136 0.1062 0.0845 0.0791 0.0837 0.1672 0.1602 0.1516 0.1338 0.0944 0.0643 0.0588 0.0675 0.1556 0.1471 0.1377 0.1188 0.0713 0.036 0.0377 0.0531 0.1429 0.1336 0.1232 0.104 0.0513 0.0 0.0258 0.0448 0.1335 0.1227 0.1096 0.0921 0.0603 0.0332 0.0345 0.0469 0.1259 0.1152 0.1026 0.0885 0.0701 0.0533 0.0477 0.0523 0.1173 0.1075 0.0969 0.0851 0.0729 0.0617 0.0566 0.0576 0.0834
1.000 5.000 25 0.1133 0.1801 0.1633 0.1421 0.1189 0.0993 0.0881 0.0839 0.0834 0.1924 0.1772 0.1554 0.1238 0.0926 0.0733 0.0671 0.068 0.1974 0.1849 0.1671 0.1358 0.0883 0.0559 0.0462 0.0495 0.1913 0.1808 0.1676 0.1405 0.0824 0.0372 0.0229 0.0309 0.1789 0.1687 0.1564 0.1331 0.0753 0.0258 0.0 0.0206 0.1623 0.1495 0.1336 0.1113 0.0722 0.0341 0.0201 0.0266 0.1467 0.1325 0.1152 0.0945 0.0688 0.0448 0.0351 0.0366 0.1299 0.1159 0.1 0.0818 0.0646 0.0506 0.0442 0.044 0.1095
1.000 7.000 35 0.1274 0.1775 0.1593 0.1392 0.1199 0.1043 0.0921 0.0831 0.0777 0.1972 0.1783 0.1541 0.1252 0.0975 0.0795 0.0679 0.0621 0.212 0.1962 0.1743 0.1401 0.0948 0.0653 0.0495 0.0427 0.2124 0.2005 0.1849 0.1546 0.0953 0.0522 0.0308 0.021 0.1996 0.1887 0.1753 0.1499 0.0911 0.0448 0.0206 0.0 0.1782 0.1644 0.1471 0.1235 0.0838 0.0465 0.0266 0.0179 0.1555 0.1397 0.1208 0.0988 0.0731 0.05 0.0365 0.031 0.1321 0.1168 0.0999 0.0823 0.0654 0.0521 0.0435 0.0391 0.126
3.000 -7.000 35 0.0678 0.0524 0.0593 0.0696 0.0835 0.1023 0.1271 0.1569 0.1866 0.0449 0.0513 0.0618 0.0776 0.1031 0.1368 0.1712 0.2023 0.0344 0.0402 0.0509 0.0685 0.1045 0.1513 0.186 0.2129 0.0216 0.0272 0.0382 0.0559 0.0974 0.1557 0.1864 0.2056 0.0101 0.0161 0.0284 0.0453 0.0793 0.1335 0.1623 0.1782 0.0 0.0108 0.0238 0.0392 0.061 0.0967 0.1235 0.1407 0.0088 0.0139 0.0239 0.0363 0.051 0.07 0.0888 0.105 0.0152 0.0186 0.0254 0.0343 0.0446 0.0562 0.0688 0.0816 0.061
3.000 -5.000 25 0.0619 0.0596 0.0651 0.0729 0.0856 0.1062 0.1342 0.1655 0.196 0.0513 0.0555 0.0628 0.0774 0.1059 0.1424 0.1767 0.2051 0.0402 0.0423 0.0491 0.0655 0.1043 0.1524 0.1842 0.207 0.0271 0.0269 0.0332 0.049 0.092 0.1491 0.1765 0.1929 0.0161 0.0127 0.0197 0.0354 0.0699 0.1227 0.1495 0.1644 0.0108 0.0 0.013 0.0284 0.0508 0.0869 0.1134 0.1302 0.0139 0.0108 0.0165 0.0277 0.0425 0.0621 0.0813 0.0977 0.0189 0.0184 0.0219 0.0291 0.0386 0.0502 0.0631 0.0762 0.0519
3.000 -3.000 15 0.0569 0.0701 0.0732 0.0801 0.0936 0.1194 0.1526 0.1825 0.2063 0.0617 0.0626 0.068 0.0835 0.1172 0.1564 0.1852 0.2059 0.0506 0.0488 0.0517 0.0681 0.1113 0.1549 0.1815 0.1971 0.038 0.033 0.0328 0.0462 0.0897 0.1424 0.1635 0.1759 0.0282 0.0197 0.0153 0.0255 0.0597 0.1096 0.1336 0.1471 0.0238 0.013 0.0 0.0156 0.0392 0.0757 0.1013 0.1176 0.0242 0.0166 0.0125 0.0189 0.0331 0.0535 0.0732 0.0896 0.0262 0.0221 0.0209 0.0244 0.0324 0.0439 0.0574 0.0709 0.0433
3.000 -1.000 15 0.0626 0.0868 0.0908 0.1015 0.1256 0.156 0.1828 0.1998 0.2083 0.0776 0.0784 0.0862 0.1119 0.1479 0.1753 0.189 0.1955 0.0663 0.0632 0.0663 0.0898 0.1318 0.1613 0.1684 0.1765 0.0537 0.0469 0.0438 0.0567 0.0959 0.1339 0.143 0.1504 0.0441 0.0344 0.0249 0.0236 0.0501 0.0921 0.1113 0.1235 0.0392 0.0284 0.0156 0.0 0.0253 0.0614 0.0852 0.1005 0.0373 0.0283 0.0191 0.0149 0.025 0.0452 0.0642 0.0798 0.0361 0.03 0.025 0.0235 0.0287 0.0396 0.053 0.066 0.0417
3.000 1.000 15 0.0878 0.131 0.1431 0.1622 0.1832 0.1934 0.1851 0.1757 0.1705 0.1164 0.1241 0.1411 0.1662 0.1805 0.1675 0.1557 0.1519 0.1 0.1017 0.1128 0.1377 0.1568 0.1423 0.13 0.1291 0.0831 0.0788 0.0805 0.0936 0.1081 0.1051 0.1006 0.105 0.0699 0.0615 0.0538 0.0486 0.0452 0.0603 0.0722 0.0838 0.061 0.0508 0.0392 0.0253 0.0 0.0328 0.0536 0.0678 0.056 0.0466 0.036 0.0259 0.0213 0.0316 0.0458 0.0585 0.0508 0.0434 0.0359 0.0309 0.0295 0.0351 0.0432 0.0528 0.0585
3.000 3.000 15 0.1168 0.1987 0.2061 0.208 0.1928 0.1634 0.1382 0.1247 0.1214 0.1819 0.1899 0.1978 0.1896 0.1561 0.1224 0.1064 0.1048 0.1601 0.165 0.1723 0.1756 0.1427 0.1014 0.0835 0.0848 0.1347 0.1335 0.1371 0.1402 0.1097 0.0714 0.058 0.0638 0.1126 0.106 0.1002 0.0922 0.0618 0.0332 0.0341 0.0465 0.0967 0.0869 0.0757 0.0614 0.0328 0.0 0.0207 0.0361 0.0841 0.0735 0.0612 0.0473 0.0311 0.0197 0.0238 0.0341 0.0725 0.0633 0.0533 0.0431 0.0343 0.0287 0.0299 0.0351 0.0929
3.000 5.000 25 0.1287 0.2237 0.2113 0.1892 0.1577 0.1277 0.1114 0.1056 0.1033 0.2181 0.2136 0.1992 0.1671 0.1233 0.0967 0.0884 0.0871 0.2024 0.2019 0.1976 0.1718 0.1197 0.079 0.0671 0.0673 0.1747 0.1728 0.1715 0.1585 0.1054 0.0577 0.0433 0.0457 0.1461 0.1397 0.1331 0.1204 0.0775 0.0345 0.0201 0.0266 0.1235 0.1134 0.1013 0.0852 0.0536 0.0207 0.0 0.0165 0.1029 0.0912 0.0773 0.0614 0.042 0.0233 0.0147 0.0195 0.0854 0.0747 0.0629 0.0505 0.0383 0.0283 0.0238 0.0254 0.1125
3.000 7.000 35 0.137 0.219 0.1981 0.17 0.1429 0.1233 0.1111 0.1028 0.0972 0.2287 0.2134 0.1878 0.1518 0.1172 0.0972 0.0868 0.0812 0.2248 0.2173 0.2019 0.1675 0.1139 0.0807 0.0671 0.0614 0.201 0.1967 0.1902 0.1676 0.108 0.063 0.0456 0.0392 0.1691 0.1624 0.1547 0.1386 0.0907 0.0469 0.0266 0.0179 0.1407 0.1302 0.1176 0.1005 0.0678 0.0361 0.0165 0.0 0.1144 0.1022 0.0879 0.0716 0.0522 0.0331 0.0195 0.0129 0.0924 0.0814 0.0693 0.0567 0.0443 0.0332 0.0251 0.0211 0.1256
5.000 -7.000 35 0.0738 0.0618 0.0697 0.0808 0.0953 0.116 0.1458 0.18 0.2126 0.0541 0.0615 0.0723 0.0885 0.1168 0.1553 0.1935 0.2231 0.0434 0.0499 0.0602 0.0776 0.1169 0.1661 0.1983 0.2187 0.0306 0.0363 0.0461 0.0626 0.1033 0.1606 0.1845 0.1952 0.0191 0.024 0.0337 0.048 0.0782 0.1259 0.1467 0.1555 0.0088 0.0139 0.0242 0.0373 0.056 0.0841 0.1029 0.1144 0.0 0.0085 0.0184 0.0295 0.0419 0.0569 0.071 0.0827 0.0062 0.0096 0.0164 0.0245 0.0334 0.043 0.0529 0.0627 0.0645
5.000 -5.000 25 0.0696 0.0698 0.0768 0.0856 0.0996 0.124 0.1581 0.1948 0.2234 0.0611 0.0669 0.0751 0.091 0.1241 0.1657 0.1998 0.2237 0.0495 0.0535 0.0608 0.078 0.1211 0.1699 0.1954 0.2085 0.0359 0.038 0.0442 0.0591 0.1027 0.1553 0.1729 0.1791 0.0238 0.0237 0.029 0.041 0.0705 0.1152 0.1325 0.1397 0.0139 0.0108 0.0166 0.0283 0.0466 0.0735 0.0912 0.1022 0.0085 0.0 0.0099 0.021 0.0333 0.0484 0.0624 0.074 0.0097 0.0074 0.0112 0.0185 0.0271 0.0366 0.0466 0.0564 0.0581
5.000 -3.000 25 0.0701 0.0803 0.0851 0.0937 0.1102 0.1427 0.1821 0.2113 0.2293 0.0711 0.0742 0.0813 0.0999 0.1406 0.1829 0.2056 0.2151 0.059 0.0599 0.0647 0.0837 0.1322 0.176 0.1883 0.1914 0.0451 0.0435 0.0456 0.0599 0.1042 0.1479 0.1571 0.1581 0.0331 0.0287 0.028 0.0361 0.0634 0.1026 0.1152 0.1208 0.0239 0.0165 0.0125 0.0191 0.036 0.0612 0.0773 0.0879 0.0184 0.0099 0.0 0.011 0.0235 0.0386 0.0525 0.0639 0.0166 0.0112 0.0083 0.0122 0.02 0.0293 0.0393 0.049 0.0535
5.000 -1.000 25 0.0791 0.0943 0.0995 0.1124 0.1429 0.1823 0.2107 0.2192 0.2158 0.0845 0.0868 0.0966 0.1285 0.1734 0.1988 0.2001 0.1937 0.072 0.0711 0.0764 0.1052 0.1548 0.1774 0.1718 0.1648 0.0575 0.0539 0.0539 0.0712 0.114 0.1394 0.133 0.1318 0.0455 0.0391 0.0341 0.038 0.0615 0.0885 0.0945 0.0988 0.0363 0.0277 0.0189 0.0149 0.0259 0.0473 0.0614 0.0716 0.0295 0.021 0.011 0.0 0.0127 0.0278 0.0414 0.0526 0.0251 0.0187 0.0123 0.0089 0.0132 0.0218 0.0316 0.0411 0.0572
5.000 1.000 25 0.1034 0.1235 0.1385 0.1659 0.2019 0.2229 0.2094 0.19 0.1768 0.1091 0.1184 0.1413 0.1814 0.2084 0.1892 0.1662 0.1545 0.093 0.096 0.1107 0.1489 0.1821 0.1609 0.1362 0.128 0.076 0.0733 0.0779 0.1016 0.13 0.1198 0.1021 0.099 0.0618 0.0554 0.0512 0.055 0.0654 0.0701 0.0688 0.0731 0.051 0.0425 0.0331 0.025 0.0213 0.0311 0.042 0.0522 0.0419 0.0333 0.0235 0.0127 0.0 0.0147 0.0277 0.0386 0.0346 0.0278 0.0204 0.0134 0.0098 0.0145 0.0229 0.0317 0.0736
5.000 3.000 25 0.1278 0.182 0.2034 0.2266 0.2279 0.1979 0.1637 0.1425 0.1353 0.1569 0.1754 0.2028 0.2175 0.1898 0.1472 0.1229 0.1173 0.1314 0.142 0.1657 0.1912 0.1731 0.125 0.0987 0.0955 0.1062 0.1083 0.1186 0.141 0.1327 0.0931 0.0715 0.0719 0.0855 0.081 0.0798 0.0842 0.0748 0.0533 0.0448 0.05 0.07 0.0621 0.0535 0.0452 0.0316 0.0197 0.0233 0.0331 0.0569 0.0484 0.0386 0.0278 0.0147 0.0 0.0127 0.0236 0.0459 0.0387 0.0307 0.0224 0.0144 0.01 0.0138 0.0212 0.0971
5.000 5.000 25 0.1394 0.2304 0.2384 0.2277 0.1952 0.1542 0.1304 0.1223 0.1183 0.2068 0.219 0.2248 0.203 0.1517 0.1158 0.1047 0.1014 0.1738 0.186 0.2014 0.1993 0.1473 0.098 0.083 0.0808 0.1398 0.1449 0.157 0.1629 0.1251 0.0753 0.0587 0.0581 0.1105 0.1077 0.1079 0.1086 0.0822 0.0477 0.0351 0.0365 0.0888 0.0813 0.0732 0.0642 0.0458 0.0238 0.0147 0.0195 0.071 0.0624 0.0525 0.0414 0.0277 0.0127 0.0 0.0111 0.056 0.0485 0.0402 0.0313 0.0221 0.0137 0.0093 0.0127 0.1131
5.000 7.000 35 0.1448 0.2456 0.233 0.2047 0.1669 0.1397 0.1257 0.1176 0.1118 0.236 0.2358 0.2178 0.1792 0.1351 0.1111 0.1011 0.0954 0.2074 0.2142 0.215 0.1907 0.1331 0.0939 0.0806 0.0751 0.1692 0.1742 0.1815 0.1749 0.1216 0.0741 0.058 0.0526 0.1328 0.1308 0.1307 0.1267 0.0908 0.0523 0.0366 0.031 0.105 0.0977 0.0896 0.0798 0.0585 0.0341 0.0195 0.0129 0.0827 0.074 0.0639 0.0526 0.0386 0.0236 0.0111 0.0 0.0645 0.0569 0.0484 0.0394 0.03 0.0208 0.0127 0.0084 0.1247
7.000 -7.000 35 0.0785 0.0689 0.0778 0.0894 0.1047 0.1276 0.1624 0.2006 0.2335 0.0611 0.0692 0.0804 0.0971 0.1286 0.1724 0.2093 0.2323 0.0501 0.0573 0.0675 0.0851 0.1274 0.1772 0.2042 0.214 0.0373 0.0432 0.0523 0.0675 0.1094 0.1614 0.1752 0.1764 0.0257 0.0303 0.0384 0.0505 0.0764 0.1173 0.1299 0.1321 0.0152 0.0189 0.0262 0.0361 0.0508 0.0725 0.0854 0.0924 0.0062 0.0097 0.0166 0.0251 0.0346 0.0459 0.056 0.0645 0.0 0.0052 0.0114 0.0181 0.0252 0.0327 0.0406 0.0483 0.0659
7.000 -5.000 35 0.0768 0.0769 0.0853 0.095 0.1104 0.139 0.1788 0.2165 0.2385 0.0681 0.0752 0.0841 0.1014 0.1392 0.1843 0.2151 0.2263 0.0561 0.0616 0.0693 0.0875 0.1343 0.1816 0.1969 0.1988 0.0423 0.0459 0.0522 0.0668 0.1094 0.1563 0.1617 0.1583 0.0297 0.0315 0.0362 0.0461 0.0726 0.1075 0.1159 0.1168 0.0186 0.0184 0.0221 0.03 0.0434 0.0633 0.0747 0.0814 0.0096 0.0074 0.0112 0.0187 0.0278 0.0387 0.0485 0.0569 0.0052 0.0 0.0061 0.0128 0.0198 0.0274 0.0352 0.0429 0.0631
7.000 -3.000 35 0.0795 0.0869 0.0933 0.1032 0.1223 0.1609 0.2041 0.2275 0.2332 0.0773 0.0821 0.0906 0.1116 0.1582 0.2005 0.2126 0.2101 0.0646 0.0674 0.0737 0.0947 0.1473 0.1858 0.1845 0.1757 0.0499 0.0508 0.0544 0.0694 0.1143 0.1499 0.1442 0.137 0.0368 0.0354 0.0367 0.044 0.0681 0.0969 0.1 0.0999 0.0254 0.0219 0.0209 0.025 0.0359 0.0533 0.0629 0.0693 0.0164 0.0112 0.0083 0.0123 0.0204 0.0307 0.0402 0.0484 0.0114 0.0061 0.0 0.0066 0.0137 0.0212 0.029 0.0367 0.0612
7.000 -1.000 35 0.088 0.0988 0.1048 0.1184 0.1527 0.1986 0.2251 0.2224 0.2075 0.0885 0.0922 0.1026 0.1376 0.1886 0.2091 0.1971 0.1805 0.0752 0.0763 0.0826 0.1136 0.1679 0.1824 0.163 0.1482 0.0599 0.0586 0.0605 0.0791 0.1238 0.1392 0.1226 0.1138 0.046 0.0428 0.0408 0.0462 0.0683 0.0851 0.0818 0.0823 0.0343 0.0291 0.0244 0.0235 0.0309 0.0431 0.0505 0.0567 0.0245 0.0185 0.0122 0.0089 0.0134 0.0224 0.0313 0.0394 0.0181 0.0128 0.0066 0.0 0.0071 0.0146 0.0223 0.03 0.0657
7.000 1.000 35 0.1068 0.1164 0.1297 0.1585 0.2043 0.2335 0.216 0.1883 0.1702 0.1036 0.1114 0.134 0.1821 0.2178 0.1943 0.1629 0.147 0.0886 0.0912 0.1048 0.1483 0.1898 0.1644 0.1318 0.1202 0.072 0.0707 0.0749 0.1014 0.136 0.1224 0.0974 0.0919 0.0574 0.053 0.0505 0.0571 0.0716 0.0729 0.0646 0.0654 0.0446 0.0386 0.0324 0.0287 0.0295 0.0343 0.0383 0.0443 0.0334 0.0271 0.02 0.0132 0.0098 0.0144 0.0221 0.03 0.0252 0.0198 0.0137 0.0071 0.0 0.0075 0.0152 0.0228 0.0779
7.000 3.000 35 0.1277 0.1537 0.1798 0.2184 0.2401 0.216 0.1754 0.1494 0.1404 0.132 0.15 0.1868 0.2228 0.2063 0.1582 0.1293 0.1218 0.1097 0.1187 0.1454 0.1883 0.1863 0.135 0.1047 0.0995 0.0886 0.0898 0.1017 0.1325 0.141 0.1021 0.0773 0.0751 0.0711 0.0675 0.0666 0.0758 0.0794 0.0617 0.0506 0.0521 0.0562 0.0502 0.0439 0.0396 0.0351 0.0287 0.0283 0.0332 0.043 0.0366 0.0293 0.0218 0.0145 0.01 0.0137 0.0208 0.0327 0.0274 0.0212 0.0146 0.0075 0.0 0.0077 0.0151 0.0951
7.000 5.000 35 0.141 0.2047 0.2318 0.2446 0.2226 0.1746 0.1431 0.1326 0.1273 0.1733 0.1991 0.2256 0.2243 0.1728 0.1286 0.1147 0.11 0.1408 0.1564 0.1859 0.2075 0.166 0.1106 0.0925 0.0889 0.1103 0.116 0.1332 0.1583 0.1365 0.0866 0.068 0.0657 0.0872 0.0852 0.0876 0.0958 0.085 0.0566 0.0442 0.0435 0.0688 0.0631 0.0574 0.053 0.0432 0.0299 0.0238 0.0251 0.0529 0.0466 0.0393 0.0316 0.0229 0.0138 0.0093 0.0127 0.0406 0.0352 0.029 0.0223 0.0152 0.0077 0.0 0.0074 0.1101
7.000 7.000 35 0.1478 0.2442 0.25 0.2326 0.1898 0.1529 0.1354 0.1272 0.1209 0.2134 0.2321 0.2363 0.2027 0.1503 0.1206 0.1102 0.1042 0.1745 0.1928 0.2114 0.2055 0.1486 0.1031 0.0893 0.0836 0.1348 0.1435 0.1608 0.1728 0.1308 0.0822 0.0662 0.0608 0.1044 0.104 0.1079 0.1137 0.0916 0.0576 0.044 0.0391 0.0816 0.0762 0.0709 0.066 0.0528 0.0351 0.0254 0.0211 0.0627 0.0564 0.049 0.0411 0.0317 0.0212 0.0127 0.0084 0.0483 0.0429 0.0367 0.03 0.0228 0.0151 0.0074 0.0 0.1209
0.500 0.000 0 0.0244 0.0899 0.0906 0.0958 0.1049 0.1164 0.1271 0.1376 0.1493 0.0827 0.0798 0.0821 0.0915 0.1055 0.1172 0.1291 0.1429 0.0745 0.0683 0.0643 0.0697 0.0866 0.1044 0.1195 0.1353 0.0668 0.0562 0.0459 0.0367 0.0499 0.0898 0.1117 0.1292 0.0615 0.0506 0.0382 0.0209 0.0298 0.0834 0.1095 0.126 0.061 0.0519 0.0433 0.0417 0.0585 0.0929 0.1125 0.1256 0.0645 0.0581 0.0535 0.0572 0.0736 0.0971 0.1131 0.1247 0.0659 0.0631 0.0612 0.0657 0.0779 0.0951 0.1101 0.1209 0.0