n 66
m 3
tmax 40.0
Vmax 1.6
Vmin 1.4
kappa 1
dmax 56.0
-0.500 0.000 0 0.0 0.1438 0.1321 0.1214 0.1118 0.1067 0.1054 0.1047 0.104 0.1436 0.1294 0.1127 0.096 0.0888 0.0899 0.0918 0.0935 0.1443 0.1247 0.0935 0.0612 0.0536 0.0645 0.0748 0.0822 0.1256 0.0982 0.0598 0.0206 0.0187 0.0446 0.0634 0.0758 0.0989 0.0761 0.0504 0.0273 0.0267 0.0467 0.0645 0.0765 0.0907 0.0762 0.0621 0.0522 0.0531 0.0637 0.0743 0.082 0.0943 0.0865 0.0807 0.0784 0.0803 0.0841 0.0872 0.0893 0.1006 0.0983 0.0988 0.1017 0.1036 0.102 0.0988 0.0962 0.0154
-7.000 -7.000 35 0.1438 0.0 0.0112 0.0251 0.0413 0.0584 0.0741 0.0866 0.0955 0.0109 0.0176 0.0313 0.0491 0.0688 0.0868 0.1002 0.109 0.0241 0.0317 0.0474 0.0723 0.0995 0.1195 0.1298 0.134 0.0424 0.058 0.0849 0.119 0.1477 0.1636 0.1687 0.168 0.0647 0.0849 0.1136 0.1455 0.1728 0.1918 0.1996 0.1991 0.0808 0.0998 0.126 0.157 0.1878 0.2114 0.2234 0.224 0.0936 0.1118 0.1369 0.1683 0.2011 0.2272 0.2383 0.2396 0.1033 0.1211 0.1458 0.1776 0.2108 0.2362 0.2468 0.25 0.1549
-7.000 -5.000 35 0.1321 0.0112 0.0 0.0139 0.03 0.0469 0.0623 0.0746 0.0832 0.0175 0.0139 0.0219 0.0377 0.0563 0.0735 0.0865 0.0949 0.0308 0.0318 0.0421 0.0611 0.0848 0.1028 0.1122 0.1163 0.0525 0.0632 0.0845 0.1104 0.1317 0.144 0.1467 0.1453 0.0788 0.0979 0.1198 0.1434 0.1635 0.1747 0.1772 0.1738 0.0985 0.1176 0.1384 0.1627 0.186 0.2001 0.2029 0.1997 0.1141 0.1331 0.1544 0.1807 0.2066 0.2215 0.2248 0.2191 0.1262 0.1453 0.1676 0.1958 0.223 0.2374 0.2395 0.2331 0.1478
-7.000 -3.000 35 0.1214 0.0251 0.0139 0.0 0.0159 0.0326 0.0477 0.0597 0.0681 0.031 0.0218 0.0168 0.0254 0.0415 0.0575 0.0698 0.078 0.044 0.0403 0.0408 0.0521 0.0686 0.0835 0.0918 0.0958 0.0696 0.0776 0.0891 0.1035 0.1153 0.1205 0.1219 0.1199 0.1017 0.1162 0.1319 0.1413 0.1496 0.1535 0.1506 0.145 0.1251 0.1392 0.1549 0.1667 0.178 0.1825 0.1773 0.1686 0.1432 0.1575 0.1746 0.1902 0.2045 0.2086 0.2006 0.1902 0.1572 0.1722 0.1913 0.2104 0.2265 0.2295 0.2191 0.2065 0.1382
-7.000 -1.000 35 0.1118 0.0413 0.03 0.0159 0.0 0.0163 0.0311 0.0428 0.051 0.048 0.0372 0.0253 0.0185 0.0264 0.0399 0.0513 0.0591 0.0624 0.0563 0.0505 0.0477 0.0545 0.0635 0.07 0.0737 0.0941 0.1 0.1025 0.1017 0.0995 0.0978 0.0951 0.0936 0.1336 0.1427 0.1443 0.1422 0.1346 0.1287 0.1221 0.115 0.1592 0.1658 0.1678 0.1692 0.1653 0.1584 0.1477 0.1362 0.1774 0.1837 0.1888 0.1951 0.1944 0.1859 0.1709 0.1553 0.1908 0.1983 0.2072 0.2179 0.2191 0.2085 0.1899 0.1711 0.131
-7.000 1.000 35 0.1067 0.0584 0.0469 0.0326 0.0163 0.0 0.0145 0.026 0.0341 0.0664 0.055 0.0411 0.0263 0.0179 0.0236 0.0331 0.0404 0.0837 0.0772 0.067 0.055 0.0462 0.0463 0.0495 0.0525 0.1247 0.1285 0.1219 0.1054 0.0892 0.0772 0.0715 0.0686 0.1696 0.1724 0.1597 0.1397 0.1219 0.1056 0.0945 0.0872 0.1932 0.19 0.1783 0.1644 0.1506 0.1332 0.1174 0.1055 0.2066 0.2031 0.1965 0.1894 0.1787 0.1587 0.1381 0.122 0.2156 0.2146 0.2136 0.2119 0.2026 0.1796 0.1549 0.1355 0.1238
-7.000 3.000 35 0.1054 0.0741 0.0623 0.0477 0.0311 0.0145 0.0 0.0114 0.0194 0.0837 0.072 0.0571 0.04 0.0237 0.0149 0.0183 0.0246 0.1052 0.0989 0.0864 0.0671 0.0483 0.0365 0.0337 0.0351 0.1568 0.1584 0.1422 0.1129 0.0834 0.0637 0.0529 0.0491 0.2042 0.1958 0.1712 0.1383 0.1091 0.0877 0.0727 0.0646 0.2191 0.2029 0.1811 0.1572 0.1336 0.1114 0.0922 0.0801 0.2243 0.2087 0.1947 0.1789 0.1581 0.1331 0.1094 0.0937 0.226 0.2159 0.2093 0.199 0.1784 0.1502 0.1227 0.1044 0.1173
-7.000 5.000 35 0.1047 0.0866 0.0746 0.0597 0.0428 0.026 0.0114 0.0 0.0082 0.0979 0.0859 0.0706 0.0524 0.0337 0.0184 0.011 0.0131 0.1244 0.1182 0.104 0.0802 0.0542 0.0352 0.0253 0.0231 0.1864 0.1837 0.159 0.1193 0.0818 0.0558 0.0418 0.0357 0.2304 0.2099 0.174 0.1349 0.1003 0.0747 0.0584 0.0491 0.2324 0.2042 0.1757 0.1481 0.1199 0.0938 0.0745 0.0623 0.2248 0.2048 0.1857 0.1663 0.14 0.111 0.0884 0.0735 0.2211 0.2093 0.1983 0.1832 0.1559 0.1237 0.0985 0.0819 0.1128
-7.000 7.000 35 0.104 0.0955 0.0832 0.0681 0.051 0.0341 0.0194 0.0082 0.0 0.1085 0.0963 0.0805 0.0617 0.042 0.0251 0.0131 0.0077 0.1402 0.1339 0.1178 0.0905 0.0607 0.0375 0.0237 0.0173 0.2106 0.2024 0.1695 0.123 0.0814 0.0529 0.0365 0.0283 0.2452 0.2142 0.1714 0.1294 0.0941 0.0674 0.0499 0.04 0.2306 0.199 0.1678 0.1393 0.1099 0.0827 0.063 0.0513 0.2159 0.1955 0.1772 0.1549 0.126 0.096 0.0738 0.0608 0.2121 0.1999 0.1885 0.1682 0.1375 0.1048 0.0812 0.0674 0.1083
-5.000 -7.000 35 0.1436 0.0109 0.0175 0.031 0.048 0.0664 0.0837 0.0979 0.1085 0.0 0.0137 0.0311 0.0526 0.0765 0.0991 0.1163 0.1278 0.0134 0.0228 0.0448 0.0774 0.1127 0.1395 0.1546 0.162 0.0322 0.0475 0.078 0.1188 0.1554 0.1799 0.1929 0.1983 0.0543 0.0721 0.1006 0.1336 0.1687 0.1963 0.2137 0.2217 0.07 0.0859 0.1099 0.1409 0.1745 0.2042 0.223 0.2325 0.0824 0.0974 0.1197 0.1493 0.1826 0.2111 0.2299 0.2386 0.0919 0.1066 0.1281 0.1572 0.1893 0.2166 0.2316 0.2392 0.1497
-5.000 -5.000 25 0.1294 0.0176 0.0139 0.0218 0.0372 0.055 0.072 0.0859 0.0963 0.0137 0.0 0.0175 0.0389 0.0627 0.0849 0.1017 0.1129 0.0223 0.0187 0.0325 0.0614 0.0942 0.1195 0.1339 0.141 0.0443 0.0517 0.0729 0.1059 0.1366 0.1571 0.1677 0.172 0.0705 0.0855 0.1046 0.1311 0.1564 0.1793 0.1913 0.1957 0.0894 0.1041 0.1215 0.1461 0.1737 0.1953 0.2071 0.2113 0.1042 0.1189 0.1367 0.1617 0.1896 0.2101 0.2196 0.2237 0.1157 0.1307 0.1494 0.1753 0.203 0.2213 0.2299 0.2306 0.1408
-5.000 -3.000 25 0.1127 0.0313 0.0219 0.0168 0.0253 0.0411 0.0571 0.0706 0.0805 0.0311 0.0175 0.0 0.0213 0.0448 0.0664 0.0827 0.0935 0.0415 0.0317 0.0263 0.0429 0.0709 0.0941 0.1078 0.115 0.0693 0.0701 0.0764 0.0917 0.1134 0.1282 0.1363 0.1397 0.1007 0.1068 0.117 0.1257 0.1408 0.1524 0.1605 0.1618 0.1213 0.1277 0.1384 0.1491 0.1646 0.1772 0.1807 0.1796 0.1368 0.1446 0.1572 0.1713 0.1881 0.1986 0.1986 0.1944 0.1488 0.1583 0.1733 0.1906 0.2081 0.2161 0.2127 0.2073 0.1263
-5.000 -1.000 25 0.096 0.0491 0.0377 0.0254 0.0185 0.0263 0.04 0.0524 0.0617 0.0526 0.0389 0.0213 0.0 0.0229 0.0439 0.0597 0.0701 0.0685 0.058 0.0425 0.0321 0.0454 0.0647 0.0777 0.0851 0.1065 0.1039 0.0932 0.0867 0.0876 0.0957 0.1007 0.1037 0.1416 0.1398 0.13 0.1245 0.1199 0.1221 0.1225 0.1228 0.1611 0.1564 0.1508 0.15 0.1488 0.1487 0.1458 0.1406 0.1727 0.1705 0.1704 0.175 0.1766 0.1739 0.1659 0.1565 0.1817 0.183 0.1879 0.1972 0.2003 0.1947 0.1825 0.1697 0.1145
-5.000 1.000 25 0.0888 0.0688 0.0563 0.0415 0.0264 0.0179 0.0237 0.0337 0.042 0.0765 0.0627 0.0448 0.0229 0.0 0.0204 0.0358 0.0459 0.1007 0.0903 0.0714 0.046 0.0303 0.037 0.048 0.0557 0.1509 0.1437 0.1214 0.0913 0.0725 0.0655 0.0672 0.0696 0.1872 0.1707 0.1469 0.1204 0.1034 0.0923 0.0878 0.0854 0.1941 0.1787 0.1595 0.1433 0.1312 0.1188 0.109 0.1021 0.1969 0.1859 0.1755 0.1676 0.1586 0.1435 0.1284 0.117 0.2001 0.1947 0.1918 0.1898 0.1821 0.1636 0.1441 0.1292 0.1048
-5.000 3.000 25 0.0899 0.0868 0.0735 0.0575 0.0399 0.0236 0.0149 0.0184 0.0251 0.0991 0.0849 0.0664 0.0439 0.0204 0.0 0.0152 0.0255 0.132 0.1213 0.0999 0.0684 0.0379 0.0222 0.0251 0.0321 0.1923 0.179 0.1459 0.1034 0.0675 0.0486 0.0426 0.0437 0.2196 0.1933 0.155 0.1196 0.0904 0.0719 0.0615 0.0577 0.2106 0.1853 0.1603 0.1361 0.1141 0.0951 0.0804 0.0722 0.2034 0.1866 0.1723 0.1572 0.1381 0.1165 0.0971 0.0851 0.203 0.193 0.1868 0.177 0.158 0.1332 0.1101 0.0952 0.0989
-5.000 5.000 25 0.0918 0.1002 0.0865 0.0698 0.0513 0.0331 0.0183 0.011 0.0131 0.1163 0.1017 0.0827 0.0597 0.0358 0.0152 0.0 0.0104 0.1571 0.1455 0.1216 0.0864 0.0509 0.0255 0.0144 0.0164 0.223 0.2029 0.1615 0.1116 0.0699 0.043 0.0305 0.0277 0.2348 0.1994 0.1574 0.1168 0.0845 0.0607 0.0469 0.0406 0.2105 0.1818 0.1551 0.1296 0.1031 0.0793 0.0628 0.0534 0.1994 0.181 0.1657 0.1475 0.1224 0.096 0.0764 0.0643 0.197 0.1883 0.1787 0.1637 0.1375 0.1082 0.0863 0.0724 0.097
-5.000 7.000 35 0.0935 0.109 0.0949 0.078 0.0591 0.0404 0.0246 0.0131 0.0077 0.1278 0.1129 0.0935 0.0701 0.0459 0.0255 0.0104 0.0 0.175 0.1622 0.1361 0.0982 0.0606 0.0331 0.0165 0.0096 0.242 0.216 0.169 0.1159 0.0726 0.044 0.0277 0.0205 0.2367 0.197 0.1542 0.1152 0.0821 0.0568 0.0405 0.0321 0.2032 0.1759 0.1509 0.1252 0.0969 0.0711 0.0532 0.0432 0.1927 0.1775 0.1612 0.1402 0.1118 0.0836 0.0637 0.0525 0.1925 0.1841 0.173 0.1521 0.122 0.0919 0.0709 0.059 0.0958
-3.000 -7.000 35 0.1443 0.0241 0.0308 0.044 0.0624 0.0837 0.1052 0.1244 0.1402 0.0134 0.0223 0.0415 0.0685 0.1007 0.132 0.1571 0.175 0.0 0.02 0.0517 0.0966 0.1449 0.1823 0.205 0.2176 0.0193 0.036 0.0731 0.1207 0.1649 0.1979 0.2194 0.2326 0.0405 0.0553 0.0836 0.1182 0.1553 0.1891 0.2142 0.2303 0.0552 0.0676 0.0888 0.1173 0.1525 0.1854 0.2093 0.2247 0.0671 0.0787 0.0974 0.1241 0.1562 0.1859 0.2061 0.2188 0.0763 0.0877 0.1055 0.131 0.161 0.1868 0.2045 0.2146 0.1399
-3.000 -5.000 25 0.1247 0.0317 0.0318 0.0403 0.0563 0.0772 0.0989 0.1182 0.1339 0.0228 0.0187 0.0317 0.058 0.0903 0.1213 0.1455 0.1622 0.02 0.0 0.0323 0.0771 0.1243 0.1604 0.1818 0.1936 0.0357 0.0333 0.0572 0.1001 0.1417 0.1727 0.1927 0.2049 0.0577 0.0638 0.08 0.1095 0.1416 0.1714 0.1931 0.2067 0.0735 0.0805 0.0942 0.1178 0.1469 0.1758 0.1954 0.2073 0.0865 0.0944 0.1084 0.1308 0.1587 0.1833 0.1986 0.2074 0.0966 0.1056 0.1207 0.1432 0.1696 0.1903 0.2015 0.2083 0.1238
-3.000 -3.000 15 0.0935 0.0474 0.0421 0.0408 0.0505 0.067 0.0864 0.104 0.1178 0.0448 0.0325 0.0263 0.0425 0.0714 0.0999 0.1216 0.1361 0.0517 0.0323 0.0 0.0438 0.0891 0.1233 0.1433 0.1543 0.0731 0.0577 0.048 0.07 0.1049 0.1327 0.151 0.1621 0.0925 0.0839 0.0827 0.0933 0.116 0.139 0.1561 0.1668 0.1033 0.0996 0.1016 0.1129 0.1319 0.1513 0.1648 0.1725 0.1133 0.1138 0.1193 0.1333 0.1515 0.1668 0.175 0.1787 0.1221 0.1259 0.1348 0.1514 0.1691 0.1806 0.184 0.1842 0.1
-3.000 -1.000 15 0.0612 0.0723 0.0611 0.0521 0.0477 0.055 0.0671 0.0802 0.0905 0.0774 0.0614 0.0429 0.0321 0.046 0.0684 0.0864 0.0982 0.0966 0.0771 0.0438 0.0 0.0433 0.0756 0.0947 0.1054 0.1253 0.1037 0.071 0.0498 0.0626 0.0845 0.1007 0.1111 0.1363 0.1164 0.0939 0.0821 0.0858 0.0983 0.11 0.118 0.1361 0.1216 0.1102 0.1058 0.111 0.1184 0.1242 0.1271 0.139 0.1314 0.1282 0.1301 0.1367 0.1398 0.1389 0.1375 0.1439 0.142 0.1451 0.1518 0.1589 0.1582 0.1521 0.1466 0.0758
-3.000 1.000 15 0.0536 0.0995 0.0848 0.0686 0.0545 0.0462 0.0483 0.0542 0.0607 0.1127 0.0942 0.0709 0.0454 0.0303 0.0379 0.0509 0.0606 0.1449 0.1243 0.0891 0.0433 0.0 0.0316 0.0506 0.0617 0.1771 0.1501 0.1075 0.0627 0.0382 0.044 0.0568 0.0666 0.1738 0.1444 0.1113 0.0823 0.0665 0.0652 0.0698 0.0752 0.1599 0.138 0.1186 0.1036 0.0936 0.0893 0.0871 0.087 0.1559 0.1434 0.1342 0.1278 0.1207 0.1126 0.1041 0.0983 0.1577 0.1524 0.1508 0.15 0.1438 0.1317 0.1182 0.1083 0.0666
-3.000 3.000 15 0.0645 0.1195 0.1028 0.0835 0.0635 0.0463 0.0365 0.0352 0.0375 0.1395 0.1195 0.0941 0.0647 0.037 0.0222 0.0255 0.0331 0.1823 0.1604 0.1233 0.0756 0.0316 0.0 0.0196 0.0314 0.2139 0.1822 0.1344 0.0834 0.0436 0.0248 0.028 0.0363 0.1941 0.16 0.1231 0.0892 0.0624 0.0474 0.0441 0.0462 0.1703 0.1475 0.1253 0.1051 0.0857 0.0704 0.0617 0.0585 0.1638 0.1511 0.1397 0.1264 0.1094 0.0915 0.0776 0.07 0.1655 0.1598 0.1552 0.1461 0.1291 0.108 0.09 0.0791 0.0705
-3.000 5.000 25 0.0748 0.1298 0.1122 0.0918 0.07 0.0495 0.0337 0.0253 0.0237 0.1546 0.1339 0.1078 0.0777 0.048 0.0251 0.0144 0.0165 0.205 0.1818 0.1433 0.0947 0.0506 0.0196 0.0 0.0124 0.2339 0.1992 0.149 0.0968 0.0552 0.0278 0.0158 0.0184 0.2006 0.1658 0.1295 0.0956 0.0657 0.0434 0.0319 0.0297 0.1736 0.1524 0.1315 0.1081 0.0832 0.0613 0.0477 0.0417 0.1688 0.1569 0.144 0.126 0.1015 0.0775 0.0611 0.0521 0.1726 0.1653 0.1569 0.141 0.1156 0.0893 0.0707 0.0599 0.0772
-3.000 7.000 35 0.0822 0.134 0.1163 0.0958 0.0737 0.0525 0.0351 0.0231 0.0173 0.162 0.141 0.115 0.0851 0.0557 0.0321 0.0164 0.0096 0.2176 0.1936 0.1543 0.1054 0.0617 0.0314 0.0124 0.0 0.2439 0.2074 0.1565 0.1048 0.0639 0.0358 0.0183 0.0108 0.2016 0.1681 0.1337 0.1009 0.0704 0.0456 0.0296 0.0223 0.1758 0.1567 0.1363 0.1118 0.0834 0.0583 0.0417 0.0333 0.1738 0.162 0.147 0.1249 0.0962 0.0695 0.0517 0.0424 0.1777 0.1695 0.156 0.1344 0.1047 0.077 0.0586 0.0487 0.0835
-1.000 -7.000 35 0.1256 0.0424 0.0525 0.0696 0.0941 0.1247 0.1568 0.1864 0.2106 0.0322 0.0443 0.0693 0.1065 0.1509 0.1923 0.223 0.242 0.0193 0.0357 0.0731 0.1253 0.1771 0.2139 0.2339 0.2439 0.0 0.0271 0.0668 0.1131 0.1544 0.1853 0.2062 0.2194 0.0193 0.0322 0.0579 0.0895 0.1237 0.1559 0.1803 0.1967 0.0333 0.0424 0.0602 0.0859 0.1176 0.1486 0.1715 0.1862 0.045 0.0534 0.0685 0.0917 0.121 0.1492 0.1686 0.1806 0.054 0.0625 0.0766 0.0982 0.1255 0.1497 0.1653 0.1749 0.1114
-1.000 -5.000 25 0.0982 0.058 0.0632 0.0776 0.1 0.1285 0.1584 0.1837 0.2024 0.0475 0.0517 0.0701 0.1039 0.1437 0.179 0.2029 0.216 0.036 0.0333 0.0577 0.1037 0.1501 0.1822 0.1992 0.2074 0.0271 0.0 0.0393 0.0843 0.1241 0.1538 0.1737 0.1863 0.033 0.0267 0.0419 0.0703 0.1027 0.1332 0.1561 0.1712 0.0439 0.043 0.0538 0.0746 0.1035 0.132 0.1526 0.1657 0.0551 0.0572 0.068 0.087 0.1133 0.1377 0.1542 0.164 0.0645 0.0688 0.0805 0.0993 0.123 0.1436 0.1557 0.1626 0.0888
-1.000 -3.000 15 0.0598 0.0849 0.0845 0.0891 0.1025 0.1219 0.1422 0.159 0.1695 0.078 0.0729 0.0764 0.0932 0.1214 0.1459 0.1615 0.169 0.0731 0.0572 0.048 0.071 0.1075 0.1344 0.149 0.1565 0.0668 0.0393 0.0 0.0433 0.0815 0.1101 0.1293 0.1415 0.0611 0.0423 0.0313 0.0459 0.0733 0.1008 0.1215 0.135 0.0628 0.0539 0.0512 0.0629 0.0839 0.1074 0.1245 0.1352 0.0705 0.0677 0.0701 0.083 0.1018 0.1202 0.1317 0.1382 0.0786 0.08 0.0864 0.1012 0.1185 0.132 0.1385 0.1414 0.0577
-1.000 -1.000 5 0.0206 0.119 0.1104 0.1035 0.1017 0.1054 0.1129 0.1193 0.123 0.1188 0.1059 0.0917 0.0867 0.0913 0.1034 0.1116 0.1159 0.1207 0.1001 0.07 0.0498 0.0627 0.0834 0.0968 0.1048 0.1131 0.0843 0.0433 0.0 0.0373 0.0653 0.0844 0.0966 0.0936 0.07 0.0453 0.0317 0.0444 0.0665 0.0845 0.0965 0.0867 0.0722 0.0611 0.0574 0.0668 0.0813 0.0934 0.1013 0.0905 0.0833 0.0805 0.0831 0.0918 0.1003 0.1054 0.1082 0.0964 0.0953 0.0985 0.1056 0.1137 0.1173 0.1166 0.1149 0.0296
-1.000 1.000 5 0.0187 0.1477 0.1317 0.1153 0.0995 0.0892 0.0834 0.0818 0.0814 0.1554 0.1366 0.1134 0.0876 0.0725 0.0675 0.0699 0.0726 0.1649 0.1417 0.1049 0.0626 0.0382 0.0436 0.0552 0.0639 0.1544 0.1241 0.0815 0.0373 0.0 0.028 0.0471 0.0596 0.1226 0.0974 0.0697 0.0436 0.0292 0.0378 0.0519 0.0626 0.1105 0.0947 0.0791 0.0653 0.0576 0.0593 0.0648 0.07 0.1126 0.1038 0.0965 0.0903 0.0853 0.0817 0.0795 0.079 0.1183 0.1154 0.1142 0.1129 0.1087 0.1003 0.0923 0.0871 0.0279
-1.000 3.000 15 0.0446 0.1636 0.144 0.1205 0.0978 0.0772 0.0637 0.0558 0.0529 0.1799 0.1571 0.1282 0.0957 0.0655 0.0486 0.043 0.044 0.1979 0.1727 0.1327 0.0845 0.044 0.0248 0.0278 0.0358 0.1853 0.1538 0.1101 0.0653 0.028 0.0 0.0194 0.0323 0.1455 0.1204 0.0925 0.0639 0.0375 0.0231 0.0275 0.0364 0.1325 0.1167 0.0993 0.0794 0.0593 0.0463 0.043 0.0452 0.1349 0.1253 0.1138 0.0997 0.0823 0.0674 0.0581 0.0549 0.1398 0.135 0.1293 0.1183 0.1014 0.0836 0.0699 0.0629 0.0471
-1.000 5.000 25 0.0634 0.1687 0.1467 0.1219 0.0951 0.0715 0.0529 0.0418 0.0365 0.1929 0.1677 0.1363 0.1007 0.0672 0.0426 0.0305 0.0277 0.2194 0.1927 0.151 0.1007 0.0568 0.028 0.0158 0.0183 0.2062 0.1737 0.1293 0.0844 0.0471 0.0194 0.0 0.0133 0.1622 0.1375 0.11 0.0808 0.0515 0.0275 0.0161 0.019 0.15 0.1342 0.1155 0.092 0.0654 0.0433 0.0317 0.0294 0.1525 0.1415 0.1273 0.1062 0.081 0.0584 0.0448 0.039 0.1557 0.1481 0.1372 0.1189 0.0933 0.0696 0.0543 0.0463 0.0642
-1.000 7.000 35 0.0758 0.168 0.1453 0.1199 0.0936 0.0686 0.0491 0.0357 0.0283 0.1983 0.172 0.1397 0.1037 0.0696 0.0437 0.0277 0.0205 0.2326 0.2049 0.1621 0.1111 0.0666 0.0363 0.0184 0.0108 0.2194 0.1863 0.1415 0.0966 0.0596 0.0323 0.0133 0.0 0.1733 0.1492 0.122 0.0926 0.0624 0.0365 0.019 0.0113 0.1622 0.1461 0.1263 0.1006 0.071 0.0455 0.0293 0.0221 0.1639 0.1513 0.1343 0.1099 0.0802 0.0547 0.0387 0.031 0.1644 0.1542 0.139 0.1156 0.0864 0.0611 0.0452 0.0372 0.0761
1.000 -7.000 35 0.0989 0.0647 0.0788 0.1017 0.1336 0.1696 0.2042 0.2304 0.2452 0.0543 0.0705 0.1007 0.1416 0.1872 0.2196 0.2348 0.2367 0.0405 0.0577 0.0925 0.1363 0.1738 0.1941 0.2006 0.2016 0.0193 0.033 0.0611 0.0936 0.1226 0.1455 0.1622 0.1733 0.0 0.0186 0.0414 0.0679 0.0977 0.1269 0.1493 0.1637 0.0146 0.023 0.0407 0.0649 0.0945 0.1237 0.145 0.1583 0.0266 0.0332 0.0473 0.069 0.0971 0.124 0.1426 0.1538 0.0358 0.0422 0.0547 0.0745 0.0999 0.1233 0.1387 0.148 0.0859
1.000 -5.000 25 0.0761 0.0849 0.0979 0.1162 0.1427 0.1724 0.1958 0.2099 0.2142 0.0721 0.0855 0.1068 0.1398 0.1707 0.1933 0.1994 0.197 0.0553 0.0638 0.0839 0.1164 0.1444 0.16 0.1658 0.1681 0.0322 0.0267 0.0423 0.07 0.0974 0.1204 0.1375 0.1492 0.0186 0.0 0.0227 0.0492 0.0788 0.1077 0.1296 0.1436 0.0231 0.0181 0.0285 0.0507 0.0793 0.1075 0.1279 0.1405 0.0333 0.0332 0.0419 0.0606 0.0866 0.1117 0.1286 0.1386 0.0425 0.0452 0.0544 0.0717 0.0946 0.1157 0.1287 0.1361 0.0661
1.000 -3.000 15 0.0504 0.1136 0.1198 0.1319 0.1443 0.1597 0.1712 0.174 0.1714 0.1006 0.1046 0.117 0.13 0.1469 0.155 0.1574 0.1542 0.0836 0.08 0.0827 0.0939 0.1113 0.1231 0.1295 0.1337 0.0579 0.0419 0.0313 0.0453 0.0697 0.0925 0.11 0.122 0.0414 0.0227 0.0 0.0264 0.0559 0.0843 0.1055 0.119 0.0407 0.0285 0.0224 0.0354 0.0609 0.0872 0.1062 0.1179 0.0473 0.0418 0.0424 0.0538 0.0748 0.096 0.1103 0.1187 0.0549 0.0542 0.0591 0.0714 0.0893 0.1047 0.1146 0.1195 0.0423
1.000 -1.000 5 0.0273 0.1455 0.1434 0.1413 0.1422 0.1397 0.1383 0.1349 0.1294 0.1336 0.1311 0.1257 0.1245 0.1204 0.1196 0.1168 0.1152 0.1182 0.1095 0.0933 0.0821 0.0823 0.0892 0.0956 0.1009 0.0895 0.0703 0.0459 0.0317 0.0436 0.0639 0.0808 0.0926 0.0679 0.0492 0.0264 0.0 0.0291 0.0566 0.0771 0.0901 0.0641 0.0501 0.0352 0.0274 0.0408 0.0628 0.0797 0.0905 0.0681 0.0598 0.0535 0.0535 0.063 0.077 0.087 0.0933 0.0741 0.0711 0.0712 0.0761 0.0838 0.0911 0.0945 0.0968 0.0162
1.000 1.000 5 0.0267 0.1728 0.1635 0.1496 0.1346 0.1219 0.1091 0.1003 0.0941 0.1687 0.1564 0.1408 0.1199 0.1034 0.0904 0.0845 0.0821 0.1553 0.1416 0.116 0.0858 0.0665 0.0624 0.0657 0.0704 0.1237 0.1027 0.0733 0.0444 0.0292 0.0375 0.0515 0.0624 0.0977 0.0788 0.0559 0.0291 0.0 0.0267 0.0463 0.059 0.0923 0.0777 0.0603 0.0408 0.0288 0.0374 0.0507 0.0605 0.0948 0.085 0.0743 0.0631 0.0563 0.0568 0.0609 0.0649 0.0993 0.0942 0.0897 0.0845 0.0792 0.0742 0.0712 0.0701 0.0163
1.000 3.000 15 0.0467 0.1918 0.1747 0.1535 0.1287 0.1056 0.0877 0.0747 0.0674 0.1963 0.1793 0.1524 0.1221 0.0923 0.0719 0.0607 0.0568 0.1891 0.1714 0.139 0.0983 0.0652 0.0474 0.0434 0.0456 0.1559 0.1332 0.1008 0.0665 0.0378 0.0231 0.0275 0.0365 0.1269 0.1077 0.0843 0.0566 0.0267 0.0 0.0194 0.0322 0.1205 0.1054 0.0866 0.0629 0.0375 0.023 0.0267 0.0348 0.1217 0.1105 0.0964 0.0777 0.0572 0.0436 0.0394 0.0408 0.1243 0.1171 0.1069 0.0928 0.0747 0.0595 0.0503 0.047 0.0421
1.000 5.000 25 0.0645 0.1996 0.1772 0.1506 0.1221 0.0945 0.0727 0.0584 0.0499 0.2137 0.1913 0.1605 0.1225 0.0878 0.0615 0.0469 0.0405 0.2142 0.1931 0.1561 0.11 0.0698 0.0441 0.0319 0.0296 0.1803 0.1561 0.1215 0.0845 0.0519 0.0275 0.0161 0.019 0.1493 0.1296 0.1055 0.0771 0.0463 0.0194 0.0 0.0132 0.142 0.1263 0.1064 0.0805 0.0511 0.0267 0.0153 0.0178 0.1415 0.1288 0.112 0.0886 0.0614 0.0394 0.0281 0.0258 0.1413 0.1315 0.1176 0.0959 0.0709 0.0496 0.0373 0.0324 0.0618
1.000 7.000 35 0.0765 0.1991 0.1738 0.145 0.115 0.0872 0.0646 0.0491 0.04 0.2217 0.1957 0.1618 0.1228 0.0854 0.0577 0.0406 0.0321 0.2303 0.2067 0.1668 0.118 0.0752 0.0462 0.0297 0.0223 0.1967 0.1712 0.135 0.0965 0.0626 0.0364 0.019 0.0113 0.1637 0.1436 0.119 0.0901 0.059 0.0322 0.0132 0.0 0.1557 0.1395 0.1187 0.0916 0.0609 0.0348 0.0178 0.0106 0.1532 0.1393 0.1206 0.0947 0.0649 0.0403 0.0256 0.0192 0.1497 0.1378 0.1208 0.0962 0.0678 0.0451 0.0316 0.0253 0.0746
3.000 -7.000 35 0.0907 0.0808 0.0985 0.1251 0.1592 0.1932 0.2191 0.2324 0.2306 0.07 0.0894 0.1213 0.1611 0.1941 0.2106 0.2105 0.2032 0.0552 0.0735 0.1033 0.1361 0.1599 0.1703 0.1736 0.1758 0.0333 0.0439 0.0628 0.0867 0.1105 0.1325 0.15 0.1622 0.0146 0.0231 0.0407 0.0641 0.0923 0.1205 0.142 0.1557 0.0 0.0149 0.0334 0.057 0.0863 0.1156 0.1367 0.1494 0.012 0.019 0.0341 0.0559 0.0835 0.1101 0.1283 0.1393 0.0212 0.0266 0.0386 0.0576 0.0821 0.1048 0.1199 0.1292 0.0808
3.000 -5.000 25 0.0762 0.0998 0.1176 0.1392 0.1658 0.19 0.2029 0.2042 0.199 0.0859 0.1041 0.1277 0.1564 0.1787 0.1853 0.1818 0.1759 0.0676 0.0805 0.0996 0.1216 0.138 0.1475 0.1524 0.1567 0.0424 0.043 0.0539 0.0722 0.0947 0.1167 0.1342 0.1461 0.023 0.0181 0.0285 0.0501 0.0777 0.1054 0.1263 0.1395 0.0149 0.0 0.0187 0.0426 0.072 0.1009 0.1215 0.1337 0.0191 0.0152 0.0244 0.0448 0.0717 0.0975 0.115 0.1254 0.0268 0.0271 0.035 0.0518 0.0748 0.096 0.1099 0.1182 0.0667
3.000 -3.000 15 0.0621 0.126 0.1384 0.1549 0.1678 0.1783 0.1811 0.1757 0.1678 0.1099 0.1215 0.1384 0.1508 0.1595 0.1603 0.1551 0.1509 0.0888 0.0942 0.1016 0.1102 0.1186 0.1253 0.1315 0.1363 0.0602 0.0538 0.0512 0.0611 0.0791 0.0993 0.1155 0.1263 0.0407 0.0285 0.0224 0.0352 0.0603 0.0866 0.1064 0.1187 0.0334 0.0187 0.0 0.0241 0.0533 0.0815 0.1013 0.1129 0.0342 0.0244 0.0199 0.0324 0.0566 0.0807 0.097 0.1066 0.0388 0.035 0.0365 0.0473 0.0661 0.084 0.0956 0.1024 0.0513
3.000 -1.000 15 0.0522 0.157 0.1627 0.1667 0.1692 0.1644 0.1572 0.1481 0.1393 0.1409 0.1461 0.1491 0.15 0.1433 0.1361 0.1296 0.1252 0.1173 0.1178 0.1129 0.1058 0.1036 0.1051 0.1081 0.1118 0.0859 0.0746 0.0629 0.0574 0.0653 0.0794 0.092 0.1006 0.0649 0.0507 0.0354 0.0274 0.0408 0.0629 0.0805 0.0916 0.057 0.0426 0.0241 0.0 0.0286 0.0557 0.0744 0.0854 0.0558 0.0447 0.0324 0.0258 0.0386 0.0584 0.0727 0.0814 0.058 0.052 0.0475 0.048 0.0561 0.0674 0.0751 0.08 0.0382
3.000 1.000 15 0.0531 0.1878 0.186 0.178 0.1653 0.1506 0.1336 0.1199 0.1099 0.1745 0.1737 0.1646 0.1488 0.1312 0.1141 0.1031 0.0969 0.1525 0.1469 0.1319 0.111 0.0936 0.0857 0.0832 0.0834 0.1176 0.1035 0.0839 0.0668 0.0576 0.0593 0.0654 0.071 0.0945 0.0793 0.0609 0.0408 0.0288 0.0375 0.0511 0.0609 0.0863 0.072 0.0533 0.0286 0.0 0.0259 0.0438 0.0545 0.0834 0.0716 0.0567 0.0386 0.027 0.0342 0.0451 0.0527 0.0835 0.0759 0.0669 0.0565 0.0494 0.0486 0.0509 0.0537 0.0392
3.000 3.000 15 0.0637 0.2114 0.2001 0.1825 0.1584 0.1332 0.1114 0.0938 0.0827 0.2042 0.1953 0.1772 0.1487 0.1188 0.0951 0.0793 0.0711 0.1854 0.1758 0.1513 0.1184 0.0893 0.0704 0.0613 0.0583 0.1486 0.132 0.1074 0.0813 0.0593 0.0463 0.0433 0.0455 0.1237 0.1075 0.0872 0.0628 0.0374 0.023 0.0267 0.0348 0.1156 0.1009 0.0815 0.0557 0.0259 0.0 0.0177 0.0287 0.1105 0.098 0.0813 0.0587 0.0342 0.0202 0.0227 0.0291 0.1081 0.0987 0.0859 0.0681 0.0486 0.0358 0.0316 0.0321 0.054
3.000 5.000 25 0.0743 0.2234 0.2029 0.1773 0.1477 0.1174 0.0922 0.0745 0.063 0.223 0.2071 0.1807 0.1458 0.109 0.0804 0.0628 0.0532 0.2093 0.1954 0.1648 0.1242 0.0871 0.0617 0.0477 0.0417 0.1715 0.1526 0.1245 0.0934 0.0648 0.043 0.0317 0.0293 0.145 0.1279 0.1062 0.0797 0.0507 0.0267 0.0153 0.0178 0.1367 0.1215 0.1013 0.0744 0.0438 0.0177 0.0 0.0115 0.1294 0.116 0.0979 0.0731 0.045 0.0227 0.0126 0.0145 0.1239 0.1127 0.0971 0.075 0.0501 0.0311 0.0217 0.0197 0.068
3.000 7.000 35 0.082 0.224 0.1997 0.1686 0.1362 0.1055 0.0801 0.0623 0.0513 0.2325 0.2113 0.1796 0.1406 0.1021 0.0722 0.0534 0.0432 0.2247 0.2073 0.1725 0.1271 0.087 0.0585 0.0417 0.0333 0.1862 0.1657 0.1352 0.1013 0.07 0.0452 0.0294 0.0221 0.1583 0.1405 0.1179 0.0905 0.0605 0.0348 0.0178 0.0106 0.1494 0.1337 0.1129 0.0854 0.0545 0.0287 0.0115 0.0 0.1401 0.1261 0.1072 0.0813 0.0522 0.0287 0.0144 0.0085 0.1315 0.1191 0.1017 0.0777 0.0513 0.0309 0.0194 0.0145 0.0773
5.000 -7.000 35 0.0943 0.0936 0.1141 0.1432 0.1774 0.2066 0.2243 0.2248 0.2159 0.0824 0.1042 0.1368 0.1727 0.1969 0.2034 0.1994 0.1927 0.0671 0.0865 0.1133 0.139 0.1559 0.1638 0.1688 0.1738 0.045 0.0551 0.0705 0.0905 0.1126 0.1349 0.1525 0.1639 0.0266 0.0333 0.0473 0.0681 0.0948 0.1217 0.1415 0.1532 0.012 0.0191 0.0342 0.0558 0.0834 0.1105 0.1294 0.1401 0.0 0.0119 0.0273 0.0481 0.0746 0.1002 0.1172 0.1266 0.0091 0.0147 0.0269 0.0452 0.0683 0.0895 0.1034 0.1116 0.0846
5.000 -5.000 25 0.0865 0.1118 0.1331 0.1575 0.1837 0.2031 0.2087 0.2048 0.1955 0.0974 0.1189 0.1446 0.1705 0.1859 0.1866 0.181 0.1775 0.0787 0.0944 0.1138 0.1314 0.1434 0.1511 0.1569 0.162 0.0534 0.0572 0.0677 0.0833 0.1038 0.1253 0.1415 0.1513 0.0332 0.0332 0.0418 0.0598 0.085 0.1105 0.1288 0.1393 0.019 0.0152 0.0244 0.0447 0.0716 0.098 0.116 0.1261 0.0119 0.0 0.0156 0.0367 0.0633 0.0885 0.105 0.114 0.0147 0.0119 0.0197 0.037 0.0596 0.0802 0.0935 0.1012 0.0761
5.000 -3.000 25 0.0807 0.1369 0.1544 0.1746 0.1888 0.1965 0.1947 0.1857 0.1772 0.1197 0.1367 0.1572 0.1704 0.1755 0.1723 0.1657 0.1612 0.0974 0.1084 0.1193 0.1282 0.1342 0.1397 0.144 0.147 0.0685 0.068 0.0701 0.0805 0.0965 0.1138 0.1273 0.1343 0.0473 0.0419 0.0424 0.0535 0.0743 0.0964 0.112 0.1206 0.0341 0.0244 0.0199 0.0324 0.0567 0.0813 0.0979 0.1072 0.0273 0.0156 0.0 0.0213 0.0476 0.0721 0.0877 0.0961 0.027 0.0197 0.0165 0.0273 0.0477 0.0668 0.0791 0.0862 0.0686
5.000 -1.000 25 0.0784 0.1683 0.1807 0.1902 0.1951 0.1894 0.1789 0.1663 0.1549 0.1493 0.1617 0.1713 0.175 0.1676 0.1572 0.1475 0.1402 0.1241 0.1308 0.1333 0.1301 0.1278 0.1264 0.126 0.1249 0.0917 0.087 0.083 0.0831 0.0903 0.0997 0.1062 0.1099 0.069 0.0606 0.0538 0.0535 0.0631 0.0777 0.0886 0.0947 0.0559 0.0448 0.0324 0.0258 0.0386 0.0587 0.0731 0.0813 0.0481 0.0367 0.0213 0.0 0.0256 0.0487 0.0634 0.0713 0.0457 0.0372 0.0274 0.0219 0.0324 0.0479 0.0584 0.0645 0.0641
5.000 1.000 25 0.0803 0.2011 0.2066 0.2045 0.1944 0.1787 0.1581 0.14 0.126 0.1826 0.1896 0.1881 0.1766 0.1586 0.1381 0.1224 0.1118 0.1562 0.1587 0.1515 0.1367 0.1207 0.1094 0.1015 0.0962 0.121 0.1133 0.1018 0.0918 0.0853 0.0823 0.081 0.0802 0.0971 0.0866 0.0748 0.063 0.0563 0.0572 0.0614 0.0649 0.0835 0.0717 0.0566 0.0386 0.027 0.0342 0.045 0.0522 0.0746 0.0633 0.0476 0.0256 0.0 0.022 0.0359 0.0437 0.0697 0.0606 0.0482 0.0325 0.0221 0.0271 0.0348 0.0401 0.0658
5.000 3.000 25 0.0841 0.2272 0.2215 0.2086 0.1859 0.1587 0.1331 0.111 0.096 0.2111 0.2101 0.1986 0.1739 0.1435 0.1165 0.096 0.0836 0.1859 0.1833 0.1668 0.1398 0.1126 0.0915 0.0775 0.0695 0.1492 0.1377 0.1202 0.1003 0.0817 0.0674 0.0584 0.0547 0.124 0.1117 0.096 0.077 0.0568 0.0436 0.0394 0.0403 0.1101 0.0975 0.0807 0.0584 0.0342 0.0202 0.0227 0.0287 0.1002 0.0885 0.0721 0.0487 0.022 0.0 0.014 0.0221 0.0921 0.082 0.0678 0.048 0.027 0.0154 0.0168 0.0212 0.0723
5.000 5.000 25 0.0872 0.2383 0.2248 0.2006 0.1709 0.1381 0.1094 0.0884 0.0738 0.2299 0.2196 0.1986 0.1659 0.1284 0.0971 0.0764 0.0637 0.2061 0.1986 0.175 0.1389 0.1041 0.0776 0.0611 0.0517 0.1686 0.1542 0.1317 0.1054 0.0795 0.0581 0.0448 0.0387 0.1426 0.1286 0.1103 0.087 0.0609 0.0394 0.0281 0.0256 0.1283 0.115 0.097 0.0727 0.0451 0.0227 0.0126 0.0144 0.1172 0.105 0.0877 0.0634 0.0359 0.014 0.0 0.0087 0.1059 0.095 0.0794 0.0578 0.0343 0.0167 0.009 0.0103 0.078
5.000 7.000 35 0.0893 0.2396 0.2191 0.1902 0.1553 0.122 0.0937 0.0735 0.0608 0.2386 0.2237 0.1944 0.1565 0.117 0.0851 0.0643 0.0525 0.2188 0.2074 0.1787 0.1375 0.0983 0.07 0.0521 0.0424 0.1806 0.164 0.1382 0.1082 0.079 0.0549 0.039 0.031 0.1538 0.1386 0.1187 0.0933 0.0649 0.0408 0.0258 0.0192 0.1393 0.1254 0.1066 0.0814 0.0527 0.0291 0.0145 0.0085 0.1266 0.114 0.0961 0.0713 0.0437 0.0221 0.0087 0.0 0.1127 0.1012 0.085 0.0626 0.0387 0.0206 0.0102 0.0059 0.0823
7.000 -7.000 35 0.1006 0.1033 0.1262 0.1572 0.1908 0.2156 0.226 0.2211 0.2121 0.0919 0.1157 0.1488 0.1817 0.2001 0.203 0.197 0.1925 0.0763 0.0966 0.1221 0.1439 0.1577 0.1655 0.1726 0.1777 0.054 0.0645 0.0786 0.0964 0.1183 0.1398 0.1557 0.1644 0.0358 0.0425 0.0549 0.0741 0.0993 0.1243 0.1413 0.1497 0.0212 0.0268 0.0388 0.058 0.0835 0.1081 0.1239 0.1315 0.0091 0.0147 0.027 0.0457 0.0697 0.0921 0.1059 0.1127 0.0 0.0089 0.0209 0.0377 0.0591 0.0784 0.0902 0.0964 0.0905
7.000 -5.000 35 0.0983 0.1211 0.1453 0.1722 0.1983 0.2146 0.2159 0.2093 0.1999 0.1066 0.1307 0.1583 0.183 0.1947 0.193 0.1883 0.1841 0.0877 0.1056 0.1259 0.142 0.1524 0.1598 0.1653 0.1695 0.0625 0.0688 0.08 0.0953 0.1154 0.135 0.1481 0.1542 0.0422 0.0452 0.0542 0.0711 0.0942 0.1171 0.1315 0.1378 0.0266 0.0271 0.035 0.052 0.0759 0.0987 0.1127 0.1191 0.0147 0.0119 0.0197 0.0372 0.0606 0.082 0.095 0.1012 0.0089 0.0 0.0122 0.0294 0.0506 0.0696 0.0809 0.0867 0.0872
7.000 -3.000 35 0.0988 0.1458 0.1676 0.1913 0.2072 0.2136 0.2093 0.1983 0.1885 0.1281 0.1494 0.1733 0.1879 0.1918 0.1868 0.1787 0.173 0.1055 0.1207 0.1348 0.1451 0.1508 0.1552 0.1569 0.156 0.0766 0.0805 0.0864 0.0985 0.1142 0.1293 0.1372 0.139 0.0547 0.0544 0.0591 0.0712 0.0897 0.1069 0.1176 0.1208 0.0386 0.035 0.0365 0.0475 0.0669 0.0859 0.0971 0.1017 0.0269 0.0197 0.0165 0.0274 0.0482 0.0678 0.0794 0.085 0.0209 0.0122 0.0 0.0173 0.0382 0.0564 0.067 0.0723 0.0862
7.000 -1.000 35 0.1017 0.1776 0.1958 0.2104 0.2179 0.2119 0.199 0.1832 0.1682 0.1572 0.1753 0.1906 0.1972 0.1898 0.177 0.1637 0.1521 0.131 0.1432 0.1514 0.1518 0.15 0.1461 0.141 0.1344 0.0982 0.0993 0.1012 0.1056 0.1129 0.1183 0.1189 0.1156 0.0745 0.0717 0.0714 0.0761 0.0845 0.0928 0.0959 0.0962 0.0576 0.0518 0.0473 0.048 0.0565 0.0681 0.075 0.0777 0.0452 0.037 0.0273 0.0219 0.0325 0.048 0.0578 0.0626 0.0377 0.0294 0.0173 0.0 0.0202 0.0373 0.0471 0.0521 0.0871
7.000 1.000 35 0.1036 0.2108 0.223 0.2265 0.2191 0.2026 0.1784 0.1559 0.1375 0.1893 0.203 0.2081 0.2003 0.1821 0.158 0.1375 0.122 0.161 0.1696 0.1691 0.1589 0.1438 0.1291 0.1156 0.1047 0.1255 0.123 0.1185 0.1137 0.1087 0.1014 0.0933 0.0864 0.0999 0.0946 0.0893 0.0838 0.0792 0.0747 0.0709 0.0678 0.0821 0.0748 0.0661 0.0561 0.0494 0.0486 0.0501 0.0513 0.0683 0.0596 0.0477 0.0324 0.0221 0.027 0.0343 0.0387 0.0591 0.0506 0.0382 0.0202 0.0 0.0162 0.0257 0.0306 0.0887
7.000 3.000 35 0.102 0.2362 0.2374 0.2295 0.2085 0.1796 0.1502 0.1237 0.1048 0.2166 0.2213 0.2161 0.1947 0.1636 0.1332 0.1082 0.0919 0.1868 0.1903 0.1806 0.1582 0.1317 0.108 0.0893 0.077 0.1497 0.1436 0.132 0.1173 0.1003 0.0836 0.0696 0.0611 0.1233 0.1157 0.1047 0.0911 0.0742 0.0595 0.0496 0.0451 0.1048 0.096 0.084 0.0674 0.0486 0.0358 0.0311 0.0309 0.0895 0.0802 0.0668 0.0479 0.0271 0.0154 0.0167 0.0206 0.0784 0.0696 0.0564 0.0373 0.0162 0.0 0.0096 0.015 0.0893
7.000 5.000 35 0.0988 0.2468 0.2395 0.2191 0.1899 0.1549 0.1227 0.0985 0.0812 0.2316 0.2299 0.2127 0.1825 0.1441 0.1101 0.0863 0.0709 0.2045 0.2015 0.184 0.1521 0.1182 0.09 0.0707 0.0586 0.1653 0.1557 0.1385 0.1166 0.0923 0.0699 0.0543 0.0452 0.1387 0.1287 0.1146 0.0945 0.0712 0.0503 0.0373 0.0316 0.1199 0.1099 0.0956 0.0751 0.0509 0.0316 0.0217 0.0194 0.1034 0.0935 0.0791 0.0584 0.0348 0.0168 0.009 0.0102 0.0902 0.0809 0.067 0.0471 0.0257 0.0096 0.0 0.0058 0.0881
7.000 7.000 35 0.0962 0.25 0.2331 0.2065 0.1711 0.1355 0.1044 0.0819 0.0674 0.2392 0.2306 0.2073 0.1697 0.1292 0.0952 0.0724 0.059 0.2146 0.2083 0.1842 0.1466 0.1083 0.0791 0.0599 0.0487 0.1749 0.1626 0.1414 0.1149 0.0871 0.0629 0.0463 0.0372 0.148 0.1361 0.1195 0.0968 0.0701 0.047 0.0324 0.0253 0.1292 0.1182 0.1024 0.08 0.0537 0.0321 0.0197 0.0145 0.1116 0.1012 0.0862 0.0645 0.0401 0.0212 0.0103 0.0059 0.0964 0.0867 0.0723 0.0521 0.0306 0.015 0.0058 0.0 0.0878
0.500 0.000 0 0.0154 0.1549 0.1478 0.1382 0.131 0.1238 0.1173 0.1128 0.1083 0.1497 0.1408 0.1263 0.1145 0.1048 0.0989 0.097 0.0958 0.1399 0.1238 0.1 0.0758 0.0666 0.0705 0.0772 0.0835 0.1114 0.0888 0.0577 0.0296 0.0279 0.0471 0.0642 0.0761 0.0859 0.0661 0.0423 0.0162 0.0163 0.0421 0.0618 0.0746 0.0808 0.0667 0.0513 0.0382 0.0392 0.054 0.068 0.0773 0.0846 0.0761 0.0686 0.0641 0.0658 0.0723 0.078 0.0823 0.0905 0.0872 0.0862 0.0871 0.0887 0.0893 0.0881 0.0878 0.0