n 66
m 4
tmax 6.2
Vcpm 1.2
R 0.8
dmax 9.92
-0.500 0.000 0 0.0 0.1358 0.1238 0.1097 0.0963 0.0891 0.0895 0.0951 0.1029 0.1199 0.1029 0.083 0.067 0.0619 0.0672 0.0782 0.0902 0.1045 0.0826 0.0572 0.0372 0.0345 0.0469 0.0638 0.08 0.0952 0.0709 0.0422 0.0146 0.0137 0.0355 0.0569 0.076 0.0969 0.072 0.0449 0.0228 0.0215 0.0388 0.0597 0.0792 0.1087 0.0844 0.061 0.0453 0.0431 0.0535 0.0707 0.0882 0.1232 0.1014 0.0812 0.0682 0.0653 0.0725 0.0862 0.1005 0.1308 0.1136 0.0975 0.0876 0.0853 0.0912 0.1026 0.1138 0.0123
-7.000 -7.000 35 0.1358 0.0 0.0172 0.0408 0.0682 0.0946 0.1166 0.135 0.1503 0.0172 0.0291 0.0535 0.0828 0.1105 0.1336 0.153 0.1691 0.0386 0.0509 0.074 0.1016 0.1275 0.1493 0.1682 0.1841 0.0597 0.0738 0.0956 0.1197 0.143 0.1623 0.1803 0.1959 0.08 0.0959 0.1165 0.1382 0.157 0.1745 0.1921 0.2078 0.1031 0.1204 0.1392 0.1573 0.1728 0.1887 0.2067 0.2223 0.1294 0.1469 0.1635 0.1779 0.1902 0.205 0.2215 0.2364 0.1504 0.1676 0.1829 0.1953 0.2061 0.2197 0.2354 0.25 0.1431
-7.000 -5.000 35 0.1238 0.0172 0.0 0.0234 0.0503 0.076 0.0975 0.1155 0.1304 0.029 0.0241 0.0383 0.064 0.0899 0.112 0.1309 0.1466 0.0507 0.053 0.0655 0.0868 0.1086 0.1281 0.1456 0.1607 0.0738 0.0812 0.0935 0.1104 0.127 0.1437 0.1594 0.1734 0.0968 0.1072 0.1195 0.1331 0.1464 0.1594 0.174 0.1872 0.1228 0.1346 0.1459 0.1561 0.166 0.1771 0.1909 0.204 0.1514 0.1638 0.1727 0.1796 0.1865 0.1959 0.2092 0.2208 0.174 0.1869 0.1943 0.1995 0.2051 0.2136 0.2261 0.2365 0.1344
-7.000 -3.000 35 0.1097 0.0408 0.0234 0.0 0.0263 0.0511 0.0721 0.0898 0.1045 0.0532 0.0383 0.0293 0.042 0.0639 0.0846 0.1028 0.1182 0.0739 0.0656 0.063 0.0705 0.0854 0.1014 0.1173 0.1314 0.0965 0.0942 0.0951 0.0993 0.1081 0.1191 0.1325 0.1448 0.1198 0.1214 0.1236 0.1256 0.1304 0.1385 0.1496 0.1603 0.1466 0.15 0.1513 0.1511 0.153 0.1591 0.1691 0.1784 0.176 0.1794 0.179 0.1761 0.1756 0.1804 0.1895 0.1977 0.1989 0.2023 0.2013 0.1971 0.196 0.2003 0.2087 0.2156 0.1215
-7.000 -1.000 35 0.0963 0.0682 0.0503 0.0263 0.0 0.0243 0.045 0.0627 0.0773 0.0828 0.0642 0.0421 0.0291 0.0385 0.0561 0.0735 0.0886 0.1025 0.0876 0.0709 0.0617 0.064 0.0747 0.0883 0.1013 0.1226 0.1124 0.1001 0.0919 0.0898 0.0952 0.1049 0.1153 0.1443 0.1367 0.1268 0.1183 0.1139 0.1164 0.124 0.132 0.1693 0.1629 0.153 0.1433 0.1375 0.1388 0.1452 0.1513 0.1969 0.1901 0.1788 0.1676 0.1607 0.1615 0.1673 0.1717 0.2176 0.2106 0.1991 0.1882 0.1815 0.1826 0.1881 0.1911 0.1092
-7.000 1.000 35 0.0891 0.0946 0.076 0.0511 0.0243 0.0 0.0207 0.0385 0.0532 0.1113 0.0908 0.0644 0.0386 0.0252 0.0328 0.048 0.0624 0.1301 0.1106 0.0863 0.0642 0.0531 0.0545 0.0642 0.0752 0.1477 0.13 0.1091 0.0898 0.0789 0.0771 0.0827 0.09 0.1647 0.1499 0.1307 0.113 0.1024 0.0996 0.1032 0.1078 0.1862 0.1716 0.1528 0.1356 0.1252 0.1227 0.1256 0.128 0.2099 0.1946 0.175 0.1577 0.1478 0.1459 0.1486 0.1491 0.226 0.2111 0.1923 0.1764 0.1683 0.1676 0.1703 0.1693 0.101
-7.000 3.000 35 0.0895 0.1166 0.0975 0.0721 0.045 0.0207 0.0 0.0178 0.0324 0.1355 0.1138 0.0856 0.0565 0.0328 0.0215 0.0282 0.0405 0.1535 0.1311 0.1028 0.075 0.0545 0.0455 0.0471 0.0543 0.1675 0.1463 0.1193 0.0944 0.0765 0.0684 0.0675 0.0704 0.1803 0.1602 0.1359 0.1132 0.0977 0.0908 0.089 0.0887 0.1978 0.1774 0.1536 0.1326 0.1192 0.1138 0.112 0.1092 0.2178 0.196 0.1723 0.1524 0.1409 0.1372 0.1355 0.1304 0.2293 0.2082 0.1867 0.1696 0.1609 0.1591 0.1576 0.1507 0.0993
-7.000 5.000 35 0.0951 0.135 0.1155 0.0898 0.0627 0.0385 0.0178 0.0 0.0145 0.1561 0.1335 0.1043 0.0741 0.0482 0.0282 0.0183 0.0231 0.1734 0.1492 0.1188 0.0885 0.0641 0.0471 0.0389 0.0386 0.1842 0.1602 0.131 0.1028 0.0815 0.0671 0.0593 0.0554 0.1933 0.1699 0.1427 0.1179 0.0995 0.0878 0.0801 0.0735 0.2079 0.1835 0.1571 0.1345 0.1192 0.1098 0.1023 0.0931 0.2237 0.1989 0.1729 0.1525 0.1398 0.1325 0.1251 0.1132 0.231 0.208 0.1851 0.1686 0.1592 0.154 0.1466 0.1323 0.1035
-7.000 7.000 35 0.1029 0.1503 0.1304 0.1045 0.0773 0.0532 0.0324 0.0145 0.0 0.1734 0.1501 0.1203 0.0896 0.0629 0.0407 0.0231 0.0142 0.1901 0.1647 0.1331 0.1017 0.0754 0.0546 0.0388 0.0301 0.1982 0.1725 0.1418 0.1125 0.0886 0.0703 0.0557 0.0456 0.2042 0.1789 0.1502 0.124 0.1038 0.0878 0.0739 0.0615 0.2161 0.1899 0.1619 0.1384 0.1212 0.1075 0.0937 0.0787 0.229 0.2025 0.1759 0.1545 0.1401 0.1282 0.114 0.0962 0.2337 0.2089 0.1864 0.1692 0.1582 0.1479 0.1332 0.1127 0.1094
-5.000 -7.000 35 0.1199 0.0172 0.029 0.0532 0.0828 0.1113 0.1355 0.1561 0.1734 0.0 0.0232 0.0534 0.0873 0.1187 0.1448 0.1667 0.1851 0.0207 0.0344 0.0619 0.094 0.1237 0.1488 0.1705 0.1891 0.0413 0.0539 0.0771 0.1045 0.1302 0.1529 0.174 0.1925 0.0612 0.0749 0.0951 0.1176 0.1398 0.1601 0.1806 0.1992 0.0844 0.0991 0.1168 0.1354 0.1527 0.1707 0.1904 0.2086 0.1107 0.1256 0.1407 0.1551 0.1686 0.1841 0.2028 0.22 0.1314 0.146 0.1597 0.1719 0.1833 0.1978 0.2146 0.2303 0.1256
-5.000 -5.000 25 0.1029 0.0291 0.0241 0.0383 0.0642 0.0908 0.1138 0.1335 0.1501 0.0232 0.0 0.03 0.0631 0.0937 0.1192 0.1406 0.1586 0.0344 0.0281 0.0437 0.0717 0.0995 0.1235 0.1446 0.1626 0.0541 0.0555 0.0676 0.0883 0.11 0.1304 0.15 0.1674 0.0758 0.0811 0.0922 0.1074 0.1237 0.1411 0.1593 0.1762 0.1013 0.1085 0.1182 0.1291 0.1412 0.1553 0.1723 0.1883 0.1293 0.1375 0.1448 0.1519 0.1602 0.1719 0.1874 0.2022 0.1513 0.1603 0.1661 0.1713 0.1779 0.1881 0.2022 0.2153 0.1113
-5.000 -3.000 25 0.083 0.0535 0.0383 0.0293 0.0421 0.0644 0.0856 0.1043 0.1203 0.0534 0.03 0.0 0.0323 0.0621 0.0869 0.1081 0.1259 0.0621 0.0438 0.0328 0.0464 0.0698 0.0921 0.1125 0.13 0.078 0.068 0.064 0.0708 0.0854 0.1022 0.12 0.1362 0.0977 0.0934 0.092 0.0955 0.1041 0.1166 0.132 0.1469 0.1228 0.1211 0.1196 0.1204 0.1249 0.1343 0.1481 0.1614 0.1508 0.1498 0.1471 0.145 0.1466 0.1538 0.166 0.1776 0.1723 0.172 0.1692 0.1658 0.1663 0.1725 0.1834 0.1932 0.0937
-5.000 -1.000 25 0.067 0.0828 0.064 0.042 0.0291 0.0386 0.0565 0.0741 0.0896 0.0873 0.0631 0.0323 0.0 0.0292 0.0538 0.075 0.0928 0.0947 0.0721 0.0464 0.0317 0.0416 0.0607 0.08 0.0971 0.1065 0.0892 0.071 0.061 0.0634 0.0747 0.0899 0.1047 0.1225 0.1095 0.0959 0.087 0.086 0.0928 0.105 0.1172 0.1448 0.1337 0.1214 0.1118 0.1089 0.1134 0.1233 0.1337 0.1701 0.1594 0.1466 0.136 0.1316 0.1349 0.1436 0.1519 0.1885 0.1787 0.1665 0.1564 0.152 0.1551 0.163 0.1694 0.0794
-5.000 1.000 25 0.0619 0.1105 0.0899 0.0639 0.0385 0.0252 0.0328 0.0482 0.0629 0.1187 0.0937 0.0621 0.0292 0.0 0.0248 0.0461 0.0639 0.1251 0.1002 0.07 0.0416 0.0271 0.0354 0.0523 0.0685 0.133 0.111 0.0854 0.0632 0.0523 0.0547 0.0655 0.078 0.1448 0.1252 0.1034 0.0851 0.0755 0.0759 0.0833 0.0924 0.1628 0.1444 0.124 0.1072 0.0982 0.0983 0.1042 0.1105 0.1837 0.1655 0.1454 0.1291 0.1208 0.1211 0.1262 0.1302 0.1972 0.1804 0.1621 0.1477 0.1411 0.1423 0.1471 0.1492 0.0734
-5.000 3.000 25 0.0672 0.1336 0.112 0.0846 0.0561 0.0328 0.0215 0.0282 0.0407 0.1448 0.1192 0.0869 0.0538 0.0248 0.0 0.0214 0.0392 0.1504 0.1243 0.0922 0.0605 0.0353 0.0233 0.0308 0.0446 0.1549 0.1302 0.101 0.0737 0.0542 0.0459 0.0485 0.0564 0.1627 0.1395 0.1131 0.0899 0.0745 0.0681 0.069 0.0728 0.1768 0.1538 0.129 0.1084 0.0958 0.0911 0.0915 0.0921 0.1935 0.1705 0.1467 0.1279 0.1174 0.1144 0.1145 0.1127 0.2027 0.1812 0.1605 0.1449 0.1373 0.1363 0.1364 0.1323 0.0763
-5.000 5.000 25 0.0782 0.153 0.1309 0.1028 0.0735 0.048 0.0282 0.0183 0.0231 0.1667 0.1406 0.1081 0.075 0.0461 0.0214 0.0 0.0176 0.1719 0.1449 0.1121 0.0795 0.0521 0.0308 0.0201 0.0253 0.1736 0.1474 0.1167 0.0876 0.0644 0.0482 0.0401 0.04 0.1781 0.1529 0.1247 0.0993 0.0805 0.0681 0.0609 0.0575 0.1894 0.164 0.1372 0.1148 0.0995 0.0899 0.0831 0.0768 0.2031 0.1774 0.1521 0.1323 0.1198 0.1125 0.1058 0.0967 0.208 0.1853 0.1636 0.1481 0.139 0.1338 0.1273 0.1156 0.0853
-5.000 7.000 35 0.0902 0.1691 0.1466 0.1182 0.0886 0.0624 0.0405 0.0231 0.0142 0.1851 0.1586 0.1259 0.0928 0.0639 0.0392 0.0176 0.0 0.1899 0.1624 0.1291 0.0963 0.0681 0.0445 0.0254 0.0155 0.1894 0.1624 0.131 0.1011 0.0763 0.0561 0.0401 0.0307 0.1916 0.1652 0.1361 0.1099 0.0888 0.0719 0.0576 0.0466 0.2008 0.1741 0.1464 0.1229 0.1053 0.0908 0.077 0.0638 0.2121 0.1854 0.159 0.1383 0.1235 0.111 0.0972 0.0813 0.2139 0.1904 0.169 0.1524 0.141 0.1303 0.1161 0.0977 0.0956
-3.000 -7.000 35 0.1045 0.0386 0.0507 0.0739 0.1025 0.1301 0.1535 0.1734 0.1901 0.0207 0.0344 0.0621 0.0947 0.1251 0.1504 0.1719 0.1899 0.0 0.0244 0.0555 0.0892 0.1197 0.145 0.1669 0.1857 0.0202 0.0335 0.0595 0.0892 0.1165 0.1405 0.1626 0.1821 0.0403 0.0522 0.0732 0.0976 0.1209 0.1428 0.1647 0.1848 0.0639 0.0762 0.0936 0.1127 0.132 0.1512 0.172 0.1918 0.0902 0.1025 0.117 0.1319 0.1464 0.1629 0.1821 0.2005 0.1107 0.1226 0.1354 0.1478 0.16 0.1748 0.1928 0.2095 0.1076
-3.000 -5.000 25 0.0826 0.0509 0.053 0.0656 0.0876 0.1106 0.1311 0.1492 0.1647 0.0344 0.0281 0.0438 0.0721 0.1002 0.1243 0.1449 0.1624 0.0244 0.0 0.0307 0.0636 0.0933 0.118 0.1395 0.158 0.0335 0.027 0.0415 0.0673 0.0929 0.1158 0.1372 0.1562 0.0527 0.0527 0.0632 0.0814 0.1011 0.1211 0.1417 0.1607 0.0775 0.0803 0.0887 0.101 0.1154 0.1322 0.1513 0.1697 0.1051 0.1094 0.1153 0.1231 0.1332 0.1467 0.164 0.1807 0.1263 0.132 0.1363 0.1419 0.1498 0.1614 0.1768 0.1917 0.0877
-3.000 -3.000 15 0.0572 0.074 0.0655 0.063 0.0709 0.0863 0.1028 0.1188 0.1331 0.0619 0.0437 0.0328 0.0464 0.07 0.0922 0.1121 0.1291 0.0555 0.0307 0.0 0.0321 0.061 0.0852 0.1065 0.1248 0.06 0.0416 0.0307 0.0429 0.0645 0.0859 0.1066 0.125 0.0747 0.0638 0.0586 0.0645 0.0778 0.0946 0.1135 0.1314 0.0975 0.0905 0.0864 0.0886 0.0963 0.1093 0.1258 0.1424 0.1238 0.1185 0.1141 0.1129 0.1168 0.1265 0.1413 0.1558 0.1437 0.1399 0.136 0.1334 0.1357 0.1438 0.1567 0.1691 0.0657
-3.000 -1.000 15 0.0372 0.1016 0.0868 0.0705 0.0617 0.0642 0.075 0.0885 0.1017 0.094 0.0717 0.0464 0.0317 0.0416 0.0605 0.0795 0.0963 0.0892 0.0636 0.0321 0.0 0.0285 0.0527 0.074 0.0924 0.0902 0.0677 0.0429 0.029 0.0382 0.0566 0.0763 0.0941 0.1007 0.0824 0.0646 0.055 0.0579 0.0696 0.0861 0.1024 0.1197 0.104 0.0892 0.08 0.0798 0.0878 0.1017 0.1156 0.1424 0.1281 0.1139 0.1042 0.1021 0.108 0.1195 0.1313 0.1583 0.146 0.1334 0.1246 0.1221 0.1273 0.1373 0.1467 0.049
-3.000 1.000 15 0.0345 0.1275 0.1086 0.0854 0.064 0.0531 0.0545 0.0641 0.0754 0.1237 0.0995 0.0698 0.0416 0.0271 0.0353 0.0521 0.0681 0.1197 0.0933 0.061 0.0285 0.0 0.0244 0.046 0.0643 0.1177 0.0931 0.0643 0.0381 0.025 0.0334 0.0506 0.0674 0.1243 0.1018 0.0773 0.0574 0.0483 0.0521 0.0641 0.0778 0.1395 0.1179 0.0958 0.079 0.0712 0.0736 0.0828 0.0933 0.1576 0.137 0.1162 0.1007 0.0938 0.0958 0.1034 0.1111 0.1681 0.1502 0.1322 0.1192 0.1142 0.1166 0.1234 0.1286 0.0456
-3.000 3.000 15 0.0469 0.1493 0.1281 0.1014 0.0747 0.0545 0.0455 0.0471 0.0546 0.1488 0.1235 0.0921 0.0607 0.0354 0.0233 0.0308 0.0445 0.145 0.118 0.0852 0.0527 0.0244 0.0 0.0216 0.0399 0.1408 0.1151 0.0849 0.0561 0.0333 0.0225 0.0304 0.0445 0.1444 0.1197 0.0923 0.0681 0.0514 0.0448 0.0487 0.0574 0.1565 0.1317 0.1061 0.0852 0.0723 0.0679 0.0704 0.0751 0.1705 0.1463 0.1224 0.104 0.0939 0.0913 0.093 0.0945 0.1761 0.1552 0.1354 0.1208 0.1138 0.1132 0.1145 0.1134 0.0544
-3.000 5.000 25 0.0638 0.1682 0.1456 0.1173 0.0883 0.0642 0.0471 0.0389 0.0388 0.1705 0.1446 0.1125 0.08 0.0523 0.0308 0.0201 0.0254 0.1669 0.1395 0.1065 0.074 0.046 0.0216 0.0 0.0179 0.1611 0.1349 0.1042 0.0749 0.0501 0.0303 0.0201 0.0254 0.1627 0.1369 0.1086 0.0829 0.0628 0.0483 0.041 0.0411 0.1728 0.1464 0.1193 0.0966 0.0804 0.0697 0.0633 0.06 0.1839 0.1579 0.1328 0.1131 0.1001 0.092 0.086 0.0796 0.1863 0.1636 0.1432 0.1282 0.1189 0.1132 0.1074 0.0983 0.0689
-3.000 7.000 35 0.08 0.1841 0.1607 0.1314 0.1013 0.0752 0.0543 0.0386 0.0301 0.1891 0.1626 0.13 0.0971 0.0685 0.0446 0.0253 0.0155 0.1857 0.158 0.1248 0.0924 0.0643 0.0399 0.0179 0.0 0.1787 0.1521 0.1213 0.0918 0.0665 0.0443 0.0254 0.0153 0.179 0.1527 0.1239 0.0977 0.0759 0.0571 0.0412 0.0314 0.1879 0.1606 0.1328 0.1092 0.0903 0.0745 0.0601 0.0487 0.1968 0.17 0.1441 0.1232 0.1076 0.0938 0.0799 0.0662 0.1962 0.1735 0.1523 0.1362 0.1242 0.1125 0.0986 0.0825 0.0839
-1.000 -7.000 35 0.0952 0.0597 0.0738 0.0965 0.1226 0.1477 0.1675 0.1842 0.1982 0.0413 0.0541 0.078 0.1065 0.133 0.1549 0.1736 0.1894 0.0202 0.0335 0.06 0.0902 0.1177 0.1408 0.1611 0.1787 0.0 0.0232 0.052 0.0822 0.1093 0.1326 0.1542 0.1737 0.0206 0.0333 0.0576 0.0841 0.1086 0.1311 0.1535 0.1741 0.0447 0.0557 0.0749 0.0964 0.117 0.1374 0.159 0.1795 0.071 0.0813 0.0966 0.1128 0.1299 0.1476 0.1677 0.187 0.091 0.1007 0.1135 0.1273 0.1411 0.1573 0.1759 0.1936 0.0958
-1.000 -5.000 25 0.0709 0.0738 0.0812 0.0942 0.1124 0.13 0.1463 0.1602 0.1725 0.0539 0.0555 0.068 0.0892 0.111 0.1302 0.1474 0.1624 0.0335 0.027 0.0416 0.0677 0.0931 0.1151 0.1349 0.1521 0.0232 0.0 0.0283 0.0578 0.0842 0.1071 0.1284 0.1477 0.0334 0.0261 0.0392 0.0623 0.0853 0.1071 0.1291 0.1492 0.0562 0.0542 0.0626 0.0783 0.0959 0.1149 0.1357 0.1556 0.0826 0.0833 0.0885 0.0984 0.1109 0.1269 0.1458 0.1642 0.1027 0.1055 0.109 0.116 0.1259 0.1393 0.1563 0.1726 0.0723
-1.000 -3.000 15 0.0422 0.0956 0.0935 0.0951 0.1001 0.1091 0.1193 0.131 0.1418 0.0771 0.0676 0.064 0.071 0.0854 0.101 0.1167 0.131 0.0595 0.0415 0.0307 0.0429 0.0643 0.0849 0.1042 0.1213 0.052 0.0283 0.0 0.0288 0.0546 0.0772 0.0985 0.1177 0.0583 0.0393 0.0283 0.0391 0.0587 0.0795 0.1008 0.1205 0.0768 0.0634 0.0565 0.0608 0.0729 0.0896 0.1092 0.1282 0.1002 0.0901 0.0842 0.0844 0.0914 0.1043 0.1213 0.1384 0.1175 0.1104 0.1058 0.1044 0.109 0.1194 0.1343 0.149 0.0456
-1.000 -1.000 5 0.0146 0.1197 0.1104 0.0993 0.0919 0.0898 0.0944 0.1028 0.1125 0.1045 0.0883 0.0708 0.061 0.0632 0.0737 0.0876 0.1011 0.0892 0.0673 0.0429 0.029 0.0381 0.0561 0.0749 0.0918 0.0822 0.0578 0.0288 0.0 0.0256 0.0483 0.0698 0.0889 0.0858 0.0628 0.0391 0.0263 0.035 0.0532 0.0737 0.0929 0.1006 0.0798 0.0611 0.0515 0.0546 0.0669 0.0846 0.1022 0.119 0.101 0.0849 0.0759 0.076 0.0848 0.0996 0.1145 0.1316 0.1168 0.1037 0.0962 0.0955 0.1027 0.1151 0.1274 0.0231
-1.000 1.000 5 0.0137 0.143 0.127 0.1081 0.0898 0.0789 0.0765 0.0815 0.0886 0.1302 0.11 0.0854 0.0634 0.0523 0.0542 0.0644 0.0763 0.1165 0.0929 0.0645 0.0382 0.025 0.0333 0.0501 0.0665 0.1093 0.0842 0.0546 0.0256 0.0 0.023 0.0446 0.0638 0.1107 0.0859 0.0587 0.0349 0.0235 0.0324 0.0505 0.0686 0.1225 0.0978 0.073 0.0544 0.0466 0.0515 0.0649 0.0799 0.1365 0.1131 0.0912 0.0754 0.0692 0.0728 0.0832 0.0946 0.1429 0.1239 0.1059 0.0936 0.0895 0.093 0.1017 0.1102 0.0218
-1.000 3.000 15 0.0355 0.1623 0.1437 0.1191 0.0952 0.0771 0.0684 0.0671 0.0703 0.1529 0.1304 0.1022 0.0747 0.0547 0.0459 0.0482 0.0561 0.1405 0.1158 0.0859 0.0566 0.0334 0.0225 0.0303 0.0443 0.1326 0.1071 0.0772 0.0483 0.023 0.0 0.0216 0.0405 0.1327 0.107 0.0787 0.0527 0.0322 0.0225 0.0313 0.0464 0.1423 0.1157 0.0886 0.0661 0.0511 0.0458 0.0506 0.0604 0.1526 0.1269 0.1021 0.0832 0.072 0.0691 0.0723 0.0778 0.1541 0.1329 0.1135 0.099 0.0916 0.0909 0.0932 0.0953 0.0388
-1.000 5.000 25 0.0569 0.1803 0.1594 0.1325 0.1049 0.0827 0.0675 0.0593 0.0557 0.174 0.15 0.12 0.0899 0.0655 0.0485 0.0401 0.0401 0.1626 0.1372 0.1066 0.0763 0.0506 0.0304 0.0201 0.0254 0.1542 0.1284 0.0985 0.0698 0.0446 0.0216 0.0 0.0184 0.1537 0.1275 0.0989 0.0725 0.0501 0.0312 0.0211 0.0269 0.162 0.1345 0.1065 0.0827 0.0641 0.0504 0.0434 0.0438 0.1696 0.1428 0.1172 0.0965 0.082 0.072 0.0661 0.0627 0.1674 0.1455 0.1256 0.1103 0.0997 0.0927 0.0873 0.0809 0.059
-1.000 7.000 35 0.076 0.1959 0.1734 0.1448 0.1153 0.09 0.0704 0.0554 0.0456 0.1925 0.1674 0.1362 0.1047 0.078 0.0564 0.04 0.0307 0.1821 0.1562 0.125 0.0941 0.0674 0.0445 0.0254 0.0153 0.1737 0.1477 0.1177 0.0889 0.0638 0.0405 0.0184 0.0 0.1728 0.1463 0.1176 0.091 0.0679 0.0463 0.0269 0.0162 0.1805 0.1524 0.124 0.0994 0.0789 0.0603 0.0438 0.0335 0.1861 0.1588 0.1326 0.111 0.0932 0.0776 0.0628 0.0509 0.1809 0.1588 0.1385 0.1218 0.1083 0.095 0.081 0.0671 0.0777
1.000 -7.000 35 0.0969 0.08 0.0968 0.1198 0.1443 0.1647 0.1803 0.1933 0.2042 0.0612 0.0758 0.0977 0.1225 0.1448 0.1627 0.1781 0.1916 0.0403 0.0527 0.0747 0.1007 0.1243 0.1444 0.1627 0.179 0.0206 0.0334 0.0583 0.0858 0.1107 0.1327 0.1537 0.1728 0.0 0.0249 0.0536 0.0819 0.107 0.1296 0.152 0.173 0.0243 0.0376 0.062 0.0874 0.1104 0.1322 0.1548 0.176 0.0501 0.06 0.0785 0.0985 0.118 0.1381 0.1597 0.1802 0.0692 0.0776 0.0916 0.1072 0.1247 0.1432 0.1637 0.1831 0.0948
1.000 -5.000 25 0.072 0.0959 0.1072 0.1214 0.1367 0.1499 0.1602 0.1699 0.1789 0.0749 0.0811 0.0934 0.1095 0.1252 0.1395 0.1529 0.1652 0.0522 0.0527 0.0638 0.0824 0.1018 0.1197 0.1369 0.1527 0.0333 0.0261 0.0393 0.0628 0.0859 0.107 0.1275 0.1463 0.0249 0.0 0.0281 0.0558 0.0804 0.1027 0.125 0.1459 0.0377 0.0283 0.0406 0.0625 0.0842 0.1056 0.1279 0.149 0.0605 0.057 0.0634 0.0777 0.0942 0.1129 0.1338 0.1538 0.0784 0.0783 0.0822 0.0918 0.1046 0.1211 0.1402 0.1585 0.0688
1.000 -3.000 15 0.0449 0.1165 0.1195 0.1236 0.1268 0.1307 0.1359 0.1427 0.1502 0.0951 0.0922 0.092 0.0959 0.1034 0.1131 0.1247 0.1361 0.0732 0.0632 0.0586 0.0646 0.0773 0.0923 0.1086 0.1239 0.0576 0.0392 0.0283 0.0391 0.0587 0.0787 0.0989 0.1176 0.0536 0.0281 0.0 0.0272 0.0514 0.0737 0.0961 0.117 0.0628 0.0408 0.0284 0.0382 0.057 0.0776 0.0996 0.1204 0.0796 0.0638 0.0558 0.0589 0.0706 0.0871 0.1071 0.1264 0.0924 0.0821 0.0769 0.0775 0.0852 0.0987 0.116 0.1331 0.0403
1.000 -1.000 5 0.0228 0.1382 0.1331 0.1256 0.1183 0.113 0.1132 0.1179 0.124 0.1176 0.1074 0.0955 0.087 0.0851 0.0899 0.0993 0.1099 0.0976 0.0814 0.0645 0.055 0.0574 0.0681 0.0829 0.0977 0.0841 0.0623 0.0391 0.0263 0.0349 0.0527 0.0725 0.091 0.0819 0.0558 0.0272 0.0 0.0242 0.0468 0.0694 0.0903 0.0891 0.0631 0.0383 0.0254 0.034 0.0524 0.0739 0.0942 0.1005 0.0782 0.0589 0.0497 0.0528 0.0655 0.0838 0.1019 0.1065 0.0902 0.0763 0.0696 0.0711 0.0808 0.0959 0.1111 0.014
1.000 1.000 5 0.0215 0.157 0.1464 0.1304 0.1139 0.1024 0.0977 0.0995 0.1038 0.1398 0.1237 0.1041 0.086 0.0755 0.0745 0.0805 0.0888 0.1209 0.1011 0.0778 0.0579 0.0483 0.0514 0.0628 0.0759 0.1086 0.0853 0.0587 0.035 0.0235 0.0322 0.0501 0.0679 0.107 0.0804 0.0514 0.0242 0.0 0.0229 0.0457 0.0664 0.1127 0.085 0.057 0.034 0.0232 0.0326 0.0518 0.071 0.1197 0.0941 0.0701 0.0525 0.0458 0.0513 0.0654 0.081 0.1204 0.1 0.0822 0.0697 0.0659 0.0704 0.0814 0.0929 0.0133
1.000 3.000 15 0.0388 0.1745 0.1594 0.1385 0.1164 0.0996 0.0908 0.0878 0.0878 0.1601 0.1411 0.1166 0.0928 0.0759 0.0681 0.0681 0.0719 0.1428 0.1211 0.0946 0.0696 0.0521 0.0448 0.0483 0.0571 0.1311 0.1071 0.0795 0.0532 0.0324 0.0225 0.0312 0.0463 0.1296 0.1027 0.0737 0.0468 0.0229 0.0 0.0227 0.043 0.1346 0.1061 0.0773 0.0522 0.0325 0.0232 0.0327 0.0489 0.1383 0.1114 0.0856 0.0648 0.051 0.0464 0.0517 0.062 0.1342 0.1131 0.0933 0.0785 0.0697 0.068 0.0715 0.0772 0.0351
1.000 5.000 25 0.0597 0.1921 0.174 0.1496 0.124 0.1032 0.089 0.0801 0.0739 0.1806 0.1593 0.132 0.105 0.0833 0.069 0.0609 0.0576 0.1647 0.1417 0.1135 0.0861 0.0641 0.0487 0.041 0.0412 0.1535 0.1291 0.1008 0.0737 0.0505 0.0313 0.0211 0.0269 0.152 0.125 0.0961 0.0694 0.0457 0.0227 0.0 0.0197 0.1566 0.1278 0.0988 0.0733 0.0516 0.0326 0.0223 0.0285 0.158 0.1307 0.1044 0.0824 0.065 0.0516 0.0447 0.0451 0.1505 0.1292 0.1093 0.0928 0.0805 0.0713 0.0657 0.0624 0.0575
1.000 7.000 35 0.0792 0.2078 0.1872 0.1603 0.132 0.1078 0.0887 0.0735 0.0615 0.1992 0.1762 0.1469 0.1172 0.0924 0.0728 0.0575 0.0466 0.1848 0.1607 0.1314 0.1024 0.0778 0.0574 0.0411 0.0314 0.1741 0.1492 0.1205 0.0929 0.0686 0.0464 0.0269 0.0162 0.173 0.1459 0.117 0.0903 0.0664 0.043 0.0197 0.0 0.1773 0.1483 0.1192 0.0934 0.0708 0.0489 0.0285 0.0172 0.177 0.1495 0.123 0.1002 0.0805 0.062 0.0451 0.0345 0.1667 0.1454 0.1253 0.1079 0.0919 0.077 0.0623 0.0505 0.078
3.000 -7.000 35 0.1087 0.1031 0.1228 0.1466 0.1693 0.1862 0.1978 0.2079 0.2161 0.0844 0.1013 0.1228 0.1448 0.1628 0.1768 0.1894 0.2008 0.0639 0.0775 0.0975 0.1197 0.1395 0.1565 0.1728 0.1879 0.0447 0.0562 0.0768 0.1006 0.1225 0.1423 0.162 0.1805 0.0243 0.0377 0.0628 0.0891 0.1127 0.1346 0.1566 0.1773 0.0 0.0277 0.0573 0.085 0.1089 0.1311 0.154 0.1757 0.0247 0.0374 0.0606 0.0845 0.1067 0.1285 0.1514 0.1729 0.0425 0.0508 0.0666 0.0851 0.1046 0.1255 0.1477 0.1685 0.1034
3.000 -5.000 25 0.0844 0.1204 0.1346 0.15 0.1629 0.1716 0.1774 0.1835 0.1899 0.0991 0.1085 0.1211 0.1337 0.1444 0.1538 0.164 0.1741 0.0762 0.0803 0.0905 0.104 0.1179 0.1317 0.1464 0.1606 0.0557 0.0542 0.0634 0.0798 0.0978 0.1157 0.1345 0.1524 0.0376 0.0283 0.0408 0.0631 0.085 0.1061 0.1278 0.1483 0.0277 0.0 0.0291 0.0561 0.0797 0.1018 0.1246 0.1463 0.0375 0.0276 0.0388 0.0592 0.08 0.1012 0.1238 0.145 0.0509 0.0478 0.0536 0.0667 0.0832 0.1023 0.1234 0.1434 0.0772
3.000 -3.000 15 0.061 0.1392 0.1459 0.1513 0.153 0.1528 0.1536 0.1571 0.1619 0.1168 0.1182 0.1196 0.1214 0.124 0.129 0.1372 0.1464 0.0936 0.0887 0.0864 0.0892 0.0958 0.1061 0.1193 0.1328 0.0749 0.0626 0.0565 0.0611 0.073 0.0886 0.1065 0.124 0.062 0.0406 0.0284 0.0383 0.057 0.0773 0.0988 0.1192 0.0573 0.0291 0.0 0.0267 0.0501 0.0724 0.0954 0.1172 0.0607 0.0388 0.0267 0.0357 0.0537 0.0741 0.0963 0.1171 0.0663 0.0531 0.047 0.0507 0.0625 0.0793 0.0992 0.1182 0.0514
3.000 -1.000 15 0.0453 0.1573 0.1561 0.1511 0.1433 0.1356 0.1326 0.1345 0.1384 0.1354 0.1291 0.1204 0.1118 0.1072 0.1084 0.1148 0.1229 0.1127 0.101 0.0886 0.08 0.079 0.0852 0.0966 0.1092 0.0964 0.0783 0.0608 0.0515 0.0544 0.0661 0.0827 0.0994 0.0874 0.0625 0.0382 0.0254 0.034 0.0522 0.0733 0.0934 0.085 0.0561 0.0267 0.0 0.0237 0.0463 0.0696 0.0913 0.0843 0.0589 0.0356 0.0238 0.0322 0.0505 0.072 0.0924 0.0826 0.0649 0.0498 0.0433 0.0475 0.0606 0.0786 0.0963 0.0333
3.000 1.000 15 0.0431 0.1728 0.166 0.153 0.1375 0.1252 0.1192 0.1192 0.1212 0.1527 0.1412 0.1249 0.1089 0.0982 0.0958 0.0995 0.1053 0.132 0.1154 0.0963 0.0798 0.0712 0.0723 0.0804 0.0903 0.117 0.0959 0.0729 0.0546 0.0466 0.0511 0.0641 0.0789 0.1104 0.0842 0.057 0.034 0.0232 0.0325 0.0516 0.0708 0.1089 0.0797 0.0501 0.0237 0.0 0.023 0.0465 0.068 0.1053 0.0789 0.0531 0.0321 0.0223 0.0319 0.0511 0.0704 0.0981 0.0785 0.0603 0.0468 0.0421 0.0482 0.0622 0.0774 0.0317
3.000 3.000 15 0.0535 0.1887 0.1771 0.1591 0.1388 0.1227 0.1138 0.1098 0.1075 0.1707 0.1553 0.1343 0.1134 0.0983 0.0911 0.0899 0.0908 0.1512 0.1322 0.1093 0.0878 0.0736 0.0679 0.0697 0.0745 0.1374 0.1149 0.0896 0.0669 0.0515 0.0458 0.0504 0.0603 0.1322 0.1056 0.0776 0.0524 0.0326 0.0232 0.0326 0.0489 0.1311 0.1018 0.0724 0.0463 0.023 0.0 0.0233 0.0444 0.1256 0.0989 0.0728 0.0501 0.0318 0.023 0.0325 0.0487 0.1145 0.0945 0.0753 0.0593 0.0479 0.0443 0.0496 0.0596 0.0452
3.000 5.000 25 0.0707 0.2067 0.1909 0.1691 0.1452 0.1256 0.112 0.1023 0.0937 0.1904 0.1723 0.1481 0.1233 0.1042 0.0915 0.0831 0.077 0.172 0.1513 0.1258 0.1017 0.0828 0.0704 0.0633 0.0601 0.159 0.1357 0.1092 0.0846 0.0649 0.0506 0.0434 0.0438 0.1548 0.1279 0.0996 0.0739 0.0518 0.0327 0.0223 0.0285 0.154 0.1246 0.0954 0.0696 0.0465 0.0233 0.0 0.0204 0.1471 0.1204 0.0943 0.0713 0.051 0.0325 0.0222 0.0284 0.133 0.1132 0.0939 0.0768 0.0619 0.0495 0.0429 0.0433 0.0647
3.000 7.000 35 0.0882 0.2223 0.204 0.1784 0.1513 0.128 0.1092 0.0931 0.0787 0.2086 0.1883 0.1614 0.1337 0.1105 0.0921 0.0768 0.0638 0.1918 0.1697 0.1424 0.1156 0.0933 0.0751 0.06 0.0487 0.1795 0.1556 0.1282 0.1022 0.0799 0.0604 0.0438 0.0335 0.176 0.149 0.1204 0.0942 0.071 0.0489 0.0285 0.0172 0.1757 0.1463 0.1172 0.0913 0.068 0.0444 0.0204 0.0 0.1675 0.1408 0.1148 0.0915 0.0702 0.0487 0.0284 0.0171 0.1512 0.1315 0.1121 0.0941 0.0769 0.0594 0.0432 0.0329 0.0841
5.000 -7.000 35 0.1232 0.1294 0.1514 0.176 0.1969 0.2099 0.2178 0.2237 0.229 0.1107 0.1293 0.1508 0.1701 0.1837 0.1935 0.2031 0.2121 0.0902 0.1051 0.1238 0.1424 0.1576 0.1705 0.1839 0.1968 0.071 0.0826 0.1002 0.119 0.1365 0.1526 0.1696 0.1861 0.0501 0.0605 0.0796 0.1005 0.1197 0.1383 0.158 0.177 0.0247 0.0375 0.0607 0.0843 0.1053 0.1256 0.1471 0.1675 0.0 0.0233 0.048 0.0714 0.0926 0.1135 0.1357 0.1568 0.017 0.026 0.0431 0.0622 0.0817 0.1024 0.1244 0.145 0.1142
5.000 -5.000 25 0.1014 0.1469 0.1638 0.1794 0.1901 0.1946 0.196 0.1989 0.2025 0.1256 0.1375 0.1498 0.1594 0.1655 0.1705 0.1774 0.1854 0.1025 0.1094 0.1185 0.1281 0.137 0.1463 0.1579 0.17 0.0813 0.0833 0.0901 0.101 0.1131 0.1269 0.1428 0.1588 0.06 0.057 0.0638 0.0782 0.0941 0.1114 0.1307 0.1495 0.0374 0.0276 0.0388 0.0589 0.0789 0.0989 0.1204 0.1408 0.0233 0.0 0.0243 0.0472 0.0682 0.0891 0.1113 0.1324 0.0261 0.0194 0.028 0.0444 0.0628 0.0827 0.1042 0.1243 0.0908
5.000 -3.000 25 0.0812 0.1635 0.1727 0.179 0.1788 0.175 0.1723 0.1729 0.1759 0.1407 0.1448 0.1471 0.1466 0.1454 0.1467 0.1521 0.159 0.117 0.1153 0.1141 0.1139 0.1162 0.1224 0.1328 0.1441 0.0966 0.0885 0.0842 0.0849 0.0912 0.1021 0.1172 0.1326 0.0785 0.0634 0.0558 0.0589 0.0701 0.0856 0.1044 0.123 0.0606 0.0388 0.0267 0.0356 0.0531 0.0728 0.0943 0.1148 0.048 0.0243 0.0 0.0227 0.0437 0.0648 0.0871 0.1082 0.0428 0.0279 0.0197 0.0276 0.0435 0.0626 0.0836 0.1032 0.0695
5.000 -1.000 25 0.0682 0.1779 0.1796 0.1761 0.1676 0.1577 0.1524 0.1525 0.1545 0.1551 0.1519 0.145 0.136 0.1291 0.1279 0.1323 0.1383 0.1319 0.1231 0.1129 0.1042 0.1007 0.104 0.1131 0.1232 0.1128 0.0984 0.0844 0.0759 0.0754 0.0832 0.0965 0.111 0.0985 0.0777 0.0589 0.0497 0.0525 0.0648 0.0824 0.1002 0.0845 0.0592 0.0357 0.0238 0.0321 0.0501 0.0713 0.0915 0.0714 0.0472 0.0227 0.0 0.0212 0.0425 0.0651 0.0862 0.0606 0.0435 0.0274 0.0192 0.0272 0.0443 0.0645 0.0835 0.0557
5.000 1.000 25 0.0653 0.1902 0.1865 0.1756 0.1607 0.1478 0.1409 0.1398 0.1401 0.1686 0.1602 0.1466 0.1316 0.1208 0.1174 0.1198 0.1235 0.1464 0.1332 0.1168 0.1021 0.0938 0.0939 0.1001 0.1076 0.1299 0.1109 0.0914 0.076 0.0692 0.072 0.082 0.0932 0.118 0.0942 0.0706 0.0528 0.0458 0.051 0.065 0.0805 0.1067 0.08 0.0537 0.0322 0.0223 0.0318 0.051 0.0702 0.0926 0.0682 0.0437 0.0212 0.0 0.0216 0.0442 0.065 0.0778 0.0603 0.0426 0.0271 0.0196 0.0287 0.0467 0.0646 0.0535
5.000 3.000 25 0.0725 0.205 0.1959 0.1804 0.1615 0.1459 0.1372 0.1325 0.1282 0.1841 0.1719 0.1538 0.1349 0.1211 0.1144 0.1125 0.111 0.1629 0.1467 0.1265 0.108 0.0958 0.0913 0.092 0.0938 0.1476 0.1269 0.1043 0.0848 0.0728 0.0691 0.072 0.0776 0.1381 0.1129 0.0871 0.0655 0.0513 0.0464 0.0516 0.062 0.1285 0.1012 0.0741 0.0505 0.0319 0.023 0.0325 0.0487 0.1135 0.0891 0.0648 0.0425 0.0216 0.0 0.0224 0.0426 0.096 0.0786 0.0607 0.0438 0.0287 0.021 0.03 0.0449 0.0622
5.000 5.000 25 0.0862 0.2215 0.2092 0.1895 0.1673 0.1486 0.1355 0.1251 0.114 0.2028 0.1874 0.166 0.1436 0.1262 0.1145 0.1058 0.0972 0.1821 0.164 0.1413 0.1195 0.1034 0.093 0.086 0.0799 0.1677 0.1458 0.1213 0.0996 0.0832 0.0723 0.0661 0.0628 0.1597 0.1338 0.1071 0.0838 0.0654 0.0517 0.0447 0.0451 0.1514 0.1238 0.0963 0.072 0.0511 0.0325 0.0222 0.0284 0.1357 0.1113 0.0871 0.0651 0.0442 0.0224 0.0 0.0195 0.116 0.0988 0.0811 0.0637 0.0466 0.03 0.0205 0.0261 0.0778
5.000 7.000 35 0.1005 0.2364 0.2208 0.1977 0.1717 0.1491 0.1304 0.1132 0.0962 0.22 0.2022 0.1776 0.1519 0.1302 0.1127 0.0967 0.0813 0.2005 0.1807 0.1558 0.1313 0.1111 0.0945 0.0796 0.0662 0.187 0.1642 0.1384 0.1145 0.0946 0.0778 0.0627 0.0509 0.1802 0.1538 0.1264 0.1019 0.081 0.062 0.0451 0.0345 0.1729 0.145 0.1171 0.0924 0.0704 0.0487 0.0284 0.0171 0.1568 0.1324 0.1082 0.0862 0.065 0.0426 0.0195 0.0 0.1352 0.118 0.1002 0.0826 0.0643 0.0448 0.0261 0.0156 0.094
7.000 -7.000 35 0.1308 0.1504 0.174 0.1989 0.2176 0.226 0.2293 0.231 0.2337 0.1314 0.1513 0.1723 0.1885 0.1972 0.2027 0.208 0.2139 0.1107 0.1263 0.1437 0.1583 0.1681 0.1761 0.1863 0.1962 0.091 0.1027 0.1175 0.1316 0.1429 0.1541 0.1674 0.1809 0.0692 0.0784 0.0924 0.1065 0.1204 0.1342 0.1505 0.1667 0.0425 0.0509 0.0663 0.0826 0.0981 0.1145 0.133 0.1512 0.017 0.0261 0.0428 0.0606 0.0778 0.096 0.116 0.1352 0.0 0.0136 0.0291 0.0455 0.0625 0.081 0.1012 0.1204 0.1195
7.000 -5.000 35 0.1136 0.1676 0.1869 0.2023 0.2106 0.2111 0.2082 0.208 0.2089 0.146 0.1603 0.172 0.1787 0.1804 0.1812 0.1853 0.1904 0.1226 0.132 0.1399 0.146 0.1502 0.1552 0.1636 0.1735 0.1007 0.1055 0.1104 0.1168 0.1239 0.1329 0.1455 0.1588 0.0776 0.0783 0.0821 0.0902 0.1 0.1131 0.1292 0.1454 0.0508 0.0478 0.0531 0.0649 0.0785 0.0945 0.1132 0.1315 0.026 0.0194 0.0279 0.0435 0.0603 0.0786 0.0988 0.118 0.0136 0.0 0.0153 0.0316 0.0485 0.067 0.0872 0.1063 0.1008
7.000 -3.000 35 0.0975 0.1829 0.1943 0.2013 0.1991 0.1923 0.1867 0.1851 0.1864 0.1597 0.1661 0.1692 0.1665 0.1621 0.1605 0.1636 0.169 0.1354 0.1363 0.136 0.1334 0.1322 0.1354 0.1432 0.1523 0.1135 0.109 0.1058 0.1037 0.1059 0.1135 0.1256 0.1385 0.0916 0.0822 0.0769 0.0763 0.0822 0.0933 0.1093 0.1253 0.0666 0.0536 0.047 0.0498 0.0603 0.0753 0.0939 0.1121 0.0431 0.028 0.0197 0.0274 0.0426 0.0607 0.0811 0.1002 0.0291 0.0153 0.0 0.0162 0.0331 0.0517 0.072 0.0909 0.0849
7.000 -1.000 35 0.0876 0.1953 0.1995 0.1971 0.1882 0.1764 0.1696 0.1686 0.1692 0.1719 0.1713 0.1658 0.1564 0.1477 0.1449 0.1481 0.1524 0.1478 0.1419 0.1334 0.1246 0.1192 0.1208 0.1282 0.1362 0.1273 0.116 0.1044 0.0962 0.0936 0.099 0.1103 0.1218 0.1072 0.0918 0.0775 0.0696 0.0697 0.0785 0.0928 0.1079 0.0851 0.0667 0.0507 0.0433 0.0468 0.0593 0.0768 0.0941 0.0622 0.0444 0.0276 0.0192 0.0271 0.0438 0.0637 0.0826 0.0455 0.0316 0.0162 0.0 0.0171 0.0358 0.056 0.0748 0.0748
7.000 1.000 35 0.0853 0.2061 0.2051 0.196 0.1815 0.1683 0.1609 0.1592 0.1582 0.1833 0.1779 0.1663 0.152 0.1411 0.1373 0.139 0.141 0.16 0.1498 0.1357 0.1221 0.1142 0.1138 0.1189 0.1242 0.1411 0.1259 0.109 0.0955 0.0895 0.0916 0.0997 0.1083 0.1247 0.1046 0.0852 0.0711 0.0659 0.0697 0.0805 0.0919 0.1046 0.0832 0.0625 0.0475 0.0421 0.0479 0.0619 0.0769 0.0817 0.0628 0.0435 0.0272 0.0196 0.0287 0.0466 0.0643 0.0625 0.0485 0.0331 0.0171 0.0 0.0188 0.0389 0.0573 0.0732
7.000 3.000 35 0.0912 0.2197 0.2136 0.2003 0.1826 0.1676 0.1591 0.154 0.1479 0.1978 0.1881 0.1725 0.1551 0.1423 0.1363 0.1338 0.1303 0.1748 0.1614 0.1438 0.1273 0.1166 0.1132 0.1132 0.1125 0.1573 0.1393 0.1194 0.1027 0.093 0.0909 0.0927 0.095 0.1432 0.1211 0.0987 0.0808 0.0704 0.068 0.0713 0.077 0.1255 0.1023 0.0793 0.0606 0.0482 0.0443 0.0495 0.0594 0.1024 0.0827 0.0626 0.0443 0.0287 0.021 0.03 0.0448 0.081 0.067 0.0517 0.0358 0.0188 0.0 0.0198 0.0376 0.0801
7.000 5.000 35 0.1026 0.2354 0.2261 0.2087 0.1881 0.1703 0.1576 0.1466 0.1332 0.2146 0.2022 0.1834 0.163 0.1471 0.1364 0.1273 0.1161 0.1928 0.1768 0.1567 0.1373 0.1234 0.1145 0.1074 0.0986 0.1759 0.1563 0.1343 0.1151 0.1017 0.0932 0.0873 0.081 0.1637 0.1402 0.116 0.0959 0.0814 0.0715 0.0657 0.0623 0.1477 0.1234 0.0992 0.0786 0.0622 0.0496 0.0429 0.0432 0.1244 0.1042 0.0836 0.0645 0.0467 0.03 0.0205 0.0261 0.1012 0.0872 0.072 0.056 0.0389 0.0198 0.0 0.0172 0.0927
7.000 7.000 35 0.1138 0.25 0.2365 0.2156 0.1911 0.1693 0.1507 0.1323 0.1127 0.2303 0.2153 0.1932 0.1694 0.1492 0.1323 0.1156 0.0977 0.2095 0.1917 0.1691 0.1467 0.1286 0.1134 0.0983 0.0825 0.1936 0.1726 0.149 0.1274 0.1102 0.0953 0.0809 0.0671 0.1831 0.1585 0.1331 0.1111 0.0929 0.0772 0.0624 0.0505 0.1685 0.1434 0.1182 0.0963 0.0774 0.0596 0.0433 0.0329 0.145 0.1243 0.1032 0.0835 0.0646 0.0449 0.0261 0.0156 0.1204 0.1063 0.0909 0.0748 0.0573 0.0376 0.0172 0.0 0.1057
0.500 0.000 0 0.0123 0.1431 0.1344 0.1215 0.1092 0.101 0.0993 0.1035 0.1094 0.1256 0.1113 0.0937 0.0794 0.0734 0.0763 0.0853 0.0956 0.1076 0.0877 0.0657 0.049 0.0456 0.0544 0.0689 0.0839 0.0958 0.0723 0.0456 0.0231 0.0218 0.0388 0.059 0.0777 0.0948 0.0688 0.0403 0.014 0.0133 0.0351 0.0575 0.078 0.1034 0.0772 0.0514 0.0333 0.0317 0.0452 0.0647 0.0841 0.1142 0.0908 0.0695 0.0557 0.0535 0.0622 0.0778 0.094 0.1195 0.1008 0.0849 0.0748 0.0732 0.0801 0.0927 0.1057 0.0