n 66
m 4
tmax 20.0
Vcpm 1.6
R 1.2
dmax 28.0
-0.500 0.000 0 0.0 0.0914 0.085 0.0794 0.0766 0.0787 0.0858 0.0959 0.107 0.0814 0.0717 0.062 0.0558 0.0575 0.0681 0.0833 0.0985 0.0746 0.0615 0.0464 0.0339 0.0353 0.052 0.0737 0.0936 0.0736 0.0581 0.0381 0.0149 0.0156 0.0435 0.0715 0.0951 0.0798 0.0642 0.0447 0.0256 0.0268 0.0515 0.0802 0.1043 0.0929 0.0795 0.0649 0.0545 0.0571 0.0748 0.0989 0.1201 0.1106 0.1007 0.0906 0.0854 0.0894 0.1036 0.123 0.1378 0.1289 0.1218 0.1149 0.1127 0.1177 0.13 0.1451 0.1539 0.0143
-7.000 -7.000 35 0.0914 0.0 0.0128 0.0282 0.0463 0.0661 0.086 0.1044 0.1199 0.0125 0.0196 0.0344 0.0533 0.0747 0.0966 0.1169 0.1342 0.0254 0.0319 0.045 0.0634 0.085 0.1076 0.129 0.1469 0.0382 0.0457 0.0587 0.0768 0.0985 0.1218 0.1442 0.1623 0.0518 0.0613 0.0756 0.0944 0.1169 0.1413 0.1649 0.1827 0.0677 0.0798 0.096 0.1162 0.1397 0.1654 0.1903 0.2075 0.0859 0.1006 0.1187 0.1398 0.1635 0.19 0.2152 0.2311 0.1047 0.1211 0.1399 0.1606 0.1834 0.2098 0.2346 0.25 0.1004
-7.000 -5.000 35 0.085 0.0128 0.0 0.0155 0.0334 0.0531 0.073 0.0911 0.1064 0.0195 0.0154 0.0238 0.0409 0.0614 0.0827 0.1026 0.1194 0.0317 0.0317 0.0392 0.0541 0.0736 0.0948 0.1151 0.1322 0.0452 0.0484 0.0569 0.0712 0.09 0.111 0.1316 0.1482 0.0604 0.0665 0.0771 0.0922 0.1113 0.1328 0.1538 0.1693 0.0781 0.0874 0.1005 0.1172 0.1371 0.1596 0.181 0.1954 0.0984 0.1107 0.126 0.1437 0.1641 0.1872 0.2089 0.2209 0.1193 0.1338 0.1497 0.1672 0.1873 0.2102 0.2317 0.2417 0.0956
-7.000 -3.000 35 0.0794 0.0282 0.0155 0.0 0.0179 0.0374 0.057 0.075 0.0901 0.0341 0.0238 0.0184 0.0277 0.0459 0.0662 0.0853 0.1017 0.0445 0.039 0.0383 0.046 0.0612 0.0799 0.0986 0.1145 0.0576 0.0564 0.059 0.0673 0.0812 0.0986 0.1165 0.1311 0.0734 0.076 0.0818 0.0918 0.1059 0.1231 0.1405 0.1531 0.0926 0.0989 0.1077 0.1197 0.1348 0.1528 0.1698 0.1797 0.1147 0.1244 0.1358 0.149 0.1649 0.1836 0.2 0.2075 0.1375 0.1493 0.162 0.175 0.1911 0.2103 0.2259 0.2307 0.0918
-7.000 -1.000 35 0.0766 0.0463 0.0334 0.0179 0.0 0.0193 0.0387 0.0563 0.0712 0.0527 0.0407 0.0277 0.0207 0.0301 0.0477 0.0658 0.0815 0.0622 0.0536 0.0458 0.0435 0.0502 0.0641 0.08 0.0944 0.0746 0.0701 0.0668 0.0676 0.0741 0.0859 0.0996 0.1116 0.0908 0.0901 0.0908 0.0943 0.102 0.1133 0.1256 0.1343 0.1109 0.1141 0.1184 0.1245 0.1336 0.1456 0.1568 0.1617 0.1345 0.141 0.1479 0.1559 0.1662 0.1792 0.1894 0.19 0.1588 0.1673 0.1753 0.1841 0.1949 0.2088 0.218 0.2149 0.0904
-7.000 1.000 35 0.0787 0.0661 0.0531 0.0374 0.0193 0.0 0.0191 0.0365 0.0511 0.0736 0.0609 0.0458 0.0301 0.0215 0.0299 0.0454 0.0602 0.0828 0.0725 0.0608 0.0501 0.0456 0.0504 0.0615 0.0734 0.095 0.0877 0.0801 0.0736 0.0715 0.0753 0.0831 0.0911 0.111 0.1077 0.1037 0.1008 0.1009 0.1049 0.1106 0.1145 0.1319 0.1321 0.1316 0.1318 0.1342 0.1391 0.143 0.1421 0.1565 0.1597 0.1618 0.164 0.1686 0.1746 0.1767 0.1706 0.1815 0.1866 0.1897 0.1928 0.1994 0.2061 0.2067 0.196 0.0929
-7.000 3.000 35 0.0858 0.086 0.073 0.057 0.0387 0.0191 0.0 0.0172 0.0317 0.0949 0.0818 0.0658 0.0476 0.0299 0.0205 0.0273 0.0399 0.1043 0.0929 0.0789 0.0637 0.0503 0.0438 0.0463 0.0541 0.1162 0.1075 0.0963 0.0847 0.0748 0.0696 0.0696 0.0726 0.1322 0.1266 0.119 0.1106 0.1038 0.0996 0.0976 0.0956 0.1535 0.151 0.1466 0.1412 0.1371 0.1342 0.1299 0.1222 0.179 0.1787 0.1765 0.1734 0.1717 0.1703 0.1631 0.1494 0.2042 0.205 0.2039 0.2022 0.2026 0.2027 0.1926 0.1734 0.0995
-7.000 5.000 35 0.0959 0.1044 0.0911 0.075 0.0563 0.0365 0.0172 0.0 0.0145 0.1148 0.1014 0.0848 0.0655 0.0454 0.0273 0.018 0.0231 0.1245 0.1124 0.0971 0.0794 0.0614 0.0464 0.0386 0.0391 0.1364 0.1264 0.1133 0.0978 0.0827 0.0698 0.0615 0.058 0.1524 0.145 0.1346 0.1223 0.1096 0.0982 0.088 0.0799 0.1745 0.1692 0.1614 0.1518 0.1417 0.1312 0.1184 0.1044 0.1998 0.197 0.1905 0.1832 0.1755 0.1655 0.1495 0.1287 0.2248 0.2225 0.2167 0.2111 0.2055 0.196 0.1767 0.1497 0.1089
-7.000 7.000 35 0.107 0.1199 0.1064 0.0901 0.0712 0.0511 0.0317 0.0145 0.0 0.1319 0.1182 0.1012 0.0814 0.0603 0.04 0.0232 0.0149 0.1422 0.1294 0.1132 0.0941 0.0738 0.0546 0.0394 0.0317 0.1541 0.1431 0.1285 0.1111 0.0922 0.0741 0.0591 0.0494 0.1703 0.1614 0.149 0.1337 0.1168 0.0993 0.0825 0.0689 0.1927 0.1859 0.175 0.1618 0.1468 0.1293 0.1092 0.0902 0.2182 0.2127 0.2035 0.1915 0.1784 0.1604 0.136 0.111 0.2431 0.237 0.2281 0.2173 0.206 0.1872 0.1584 0.1281 0.1188
-5.000 -7.000 35 0.0814 0.0125 0.0195 0.0341 0.0527 0.0736 0.0949 0.1148 0.1319 0.0 0.0143 0.0319 0.0528 0.0759 0.0996 0.1218 0.1409 0.0127 0.0204 0.0362 0.0569 0.0804 0.105 0.1284 0.1483 0.0255 0.0326 0.0467 0.0666 0.0902 0.1156 0.1403 0.1608 0.0392 0.0478 0.0621 0.0821 0.1061 0.1326 0.1589 0.1797 0.0552 0.066 0.0818 0.1024 0.127 0.1545 0.1817 0.2018 0.0735 0.0867 0.1039 0.1249 0.1491 0.1767 0.2042 0.2233 0.0923 0.1071 0.1247 0.1448 0.1675 0.1944 0.2207 0.2381 0.0892
-5.000 -5.000 25 0.0717 0.0196 0.0154 0.0238 0.0407 0.0609 0.0818 0.1014 0.1182 0.0143 0.0 0.0176 0.0384 0.0614 0.0849 0.1069 0.1258 0.0204 0.0162 0.0254 0.044 0.0667 0.0907 0.1135 0.133 0.0324 0.0328 0.0411 0.0573 0.0788 0.1027 0.1262 0.1457 0.0473 0.0509 0.0607 0.0765 0.0975 0.1217 0.1459 0.1651 0.065 0.072 0.0838 0.1005 0.1215 0.1461 0.1706 0.1883 0.0853 0.0954 0.1091 0.1263 0.1471 0.1716 0.1955 0.2118 0.1061 0.1185 0.1326 0.1492 0.1692 0.1927 0.2161 0.2296 0.0812
-5.000 -3.000 25 0.062 0.0344 0.0238 0.0184 0.0277 0.0458 0.0658 0.0848 0.1012 0.0319 0.0176 0.0 0.0207 0.0435 0.0668 0.0885 0.1071 0.0361 0.0254 0.0197 0.0301 0.0503 0.0731 0.0952 0.114 0.0462 0.0409 0.0404 0.0491 0.0659 0.0871 0.1088 0.1269 0.0609 0.0601 0.0632 0.0728 0.0885 0.1088 0.1301 0.1469 0.0796 0.0829 0.0893 0.1004 0.1163 0.1364 0.157 0.1713 0.1016 0.1083 0.1174 0.1293 0.1454 0.1655 0.185 0.196 0.1241 0.1331 0.1435 0.1551 0.1707 0.1907 0.2086 0.2176 0.0737
-5.000 -1.000 25 0.0558 0.0533 0.0409 0.0277 0.0207 0.0301 0.0476 0.0655 0.0814 0.0528 0.0384 0.0207 0.0 0.0226 0.0456 0.067 0.0853 0.0564 0.0438 0.0301 0.0226 0.0331 0.0531 0.0739 0.092 0.0654 0.0568 0.0489 0.0466 0.0545 0.0704 0.089 0.1052 0.0797 0.0753 0.0723 0.0734 0.0815 0.0956 0.1121 0.1258 0.0991 0.0987 0.0997 0.1037 0.1127 0.1265 0.1416 0.1513 0.1222 0.1252 0.129 0.1351 0.1449 0.159 0.1725 0.1777 0.1459 0.151 0.1561 0.1631 0.1731 0.1876 0.1995 0.2007 0.0693
-5.000 1.000 25 0.0575 0.0747 0.0614 0.0459 0.0301 0.0215 0.0299 0.0454 0.0603 0.0759 0.0614 0.0435 0.0226 0.0 0.0227 0.0438 0.0619 0.0795 0.0662 0.0501 0.0331 0.0238 0.0336 0.0515 0.0683 0.0881 0.0776 0.0654 0.0543 0.0498 0.0559 0.0689 0.0822 0.1023 0.0952 0.0872 0.0808 0.0792 0.0847 0.0944 0.1031 0.1221 0.1186 0.1144 0.1115 0.1126 0.1185 0.1257 0.1297 0.1458 0.1454 0.1439 0.1436 0.147 0.1535 0.1586 0.1571 0.1698 0.1712 0.1711 0.172 0.1775 0.1846 0.1877 0.1814 0.0717
-5.000 3.000 25 0.0681 0.0966 0.0827 0.0662 0.0477 0.0299 0.0205 0.0273 0.04 0.0996 0.0849 0.0668 0.0456 0.0227 0.0 0.0209 0.0387 0.1035 0.0897 0.0726 0.0529 0.0335 0.0232 0.0311 0.0454 0.112 0.1003 0.0858 0.0697 0.0557 0.049 0.0522 0.0605 0.1264 0.1175 0.106 0.0939 0.084 0.0791 0.0796 0.082 0.1465 0.1405 0.1323 0.1236 0.1171 0.1138 0.1116 0.1081 0.1705 0.1668 0.1611 0.1551 0.1515 0.1498 0.1446 0.1348 0.1946 0.1917 0.1874 0.1833 0.1822 0.182 0.1739 0.1584 0.0813
-5.000 5.000 25 0.0833 0.1169 0.1026 0.0853 0.0658 0.0454 0.0273 0.018 0.0232 0.1218 0.1069 0.0885 0.067 0.0438 0.0209 0.0 0.0177 0.1262 0.1121 0.0943 0.0735 0.0514 0.0312 0.0205 0.0262 0.1349 0.1225 0.1065 0.0878 0.0686 0.0523 0.0433 0.0433 0.1498 0.1395 0.1259 0.1097 0.0938 0.08 0.07 0.0648 0.1703 0.1622 0.151 0.138 0.125 0.1126 0.1004 0.0892 0.1948 0.188 0.1786 0.1682 0.1579 0.1465 0.1314 0.1135 0.2179 0.2121 0.2031 0.1949 0.1872 0.1765 0.1584 0.1344 0.0951
-5.000 7.000 35 0.0985 0.1342 0.1194 0.1017 0.0815 0.0602 0.0399 0.0231 0.0149 0.1409 0.1258 0.1071 0.0853 0.0619 0.0387 0.0177 0.0 0.1459 0.1315 0.1133 0.0918 0.0686 0.0457 0.0263 0.0165 0.1551 0.142 0.1251 0.1049 0.0829 0.0614 0.0438 0.0341 0.1705 0.1592 0.1439 0.1254 0.105 0.0846 0.0664 0.0537 0.1914 0.1817 0.1681 0.1516 0.1334 0.1133 0.0926 0.075 0.2161 0.2073 0.1941 0.1794 0.1633 0.1431 0.1187 0.0957 0.238 0.2291 0.217 0.2033 0.1892 0.1686 0.1405 0.1126 0.1092
-3.000 -7.000 35 0.0746 0.0254 0.0317 0.0445 0.0622 0.0828 0.1043 0.1245 0.1422 0.0127 0.0204 0.0361 0.0564 0.0795 0.1035 0.1262 0.1459 0.0 0.0145 0.0327 0.0546 0.0794 0.1053 0.1301 0.1514 0.0129 0.0209 0.0376 0.0597 0.0853 0.1126 0.1393 0.1617 0.0268 0.0347 0.0501 0.072 0.0981 0.1269 0.1556 0.179 0.0429 0.0525 0.0684 0.0902 0.1164 0.1459 0.1758 0.1992 0.0613 0.0729 0.0896 0.111 0.1362 0.1651 0.1944 0.2162 0.0801 0.0931 0.1097 0.1296 0.1524 0.1795 0.2079 0.2278 0.0808
-3.000 -5.000 25 0.0615 0.0319 0.0317 0.039 0.0536 0.0725 0.0929 0.1124 0.1294 0.0204 0.0162 0.0254 0.0438 0.0662 0.0897 0.1121 0.1315 0.0145 0.0 0.0182 0.0402 0.0648 0.0905 0.1151 0.1362 0.0208 0.0167 0.0266 0.0466 0.0712 0.0979 0.124 0.146 0.0344 0.0351 0.0444 0.0622 0.0861 0.1133 0.1408 0.1631 0.052 0.0563 0.067 0.0844 0.1074 0.1346 0.1625 0.184 0.0722 0.0798 0.0919 0.109 0.1309 0.157 0.1838 0.203 0.0929 0.1028 0.1151 0.1311 0.1512 0.1755 0.2002 0.2179 0.0691
-3.000 -3.000 15 0.0464 0.045 0.0392 0.0383 0.0458 0.0608 0.0789 0.0971 0.1132 0.0362 0.0254 0.0197 0.0301 0.0501 0.0726 0.0943 0.1133 0.0327 0.0182 0.0 0.0218 0.0463 0.0717 0.0961 0.1168 0.0374 0.0266 0.0208 0.0321 0.054 0.0795 0.1048 0.126 0.0495 0.0442 0.0439 0.0536 0.0725 0.0968 0.1223 0.1431 0.0673 0.0666 0.0701 0.0804 0.0979 0.1211 0.1459 0.1649 0.0887 0.0918 0.0982 0.1089 0.1255 0.1477 0.1705 0.186 0.1107 0.1162 0.1241 0.1342 0.1497 0.1706 0.191 0.2031 0.0564
-3.000 -1.000 15 0.0339 0.0634 0.0541 0.046 0.0435 0.0501 0.0637 0.0794 0.0941 0.0569 0.044 0.0301 0.0226 0.0331 0.0529 0.0735 0.0918 0.0546 0.0402 0.0218 0.0 0.0243 0.0494 0.0734 0.0938 0.0591 0.0464 0.032 0.0242 0.0359 0.0583 0.0821 0.1024 0.0707 0.0617 0.0534 0.0512 0.0604 0.079 0.101 0.1195 0.0884 0.0837 0.0802 0.0816 0.0906 0.1073 0.1268 0.1423 0.1104 0.1092 0.1092 0.1129 0.1222 0.138 0.1553 0.1657 0.133 0.1341 0.1357 0.1407 0.1498 0.1651 0.18 0.1859 0.0472
-3.000 1.000 15 0.0353 0.085 0.0736 0.0612 0.0502 0.0456 0.0503 0.0614 0.0738 0.0804 0.0667 0.0503 0.0331 0.0238 0.0335 0.0514 0.0686 0.0794 0.0648 0.0463 0.0243 0.0 0.0249 0.0485 0.0685 0.0842 0.0707 0.0538 0.0359 0.0261 0.0373 0.0578 0.0766 0.0959 0.0849 0.0719 0.0601 0.0558 0.0636 0.0791 0.094 0.114 0.106 0.0972 0.0901 0.0892 0.0963 0.108 0.1174 0.136 0.1312 0.1254 0.1216 0.1235 0.1306 0.1392 0.1432 0.1581 0.1553 0.1514 0.1496 0.1537 0.1609 0.1669 0.1656 0.0492
-3.000 3.000 15 0.052 0.1076 0.0948 0.0799 0.0641 0.0504 0.0438 0.0464 0.0546 0.105 0.0907 0.0731 0.0531 0.0336 0.0232 0.0312 0.0457 0.1053 0.0905 0.0717 0.0494 0.0249 0.0 0.0233 0.0429 0.1106 0.0967 0.0788 0.058 0.0373 0.026 0.0352 0.0509 0.1231 0.1109 0.0953 0.0781 0.0632 0.0564 0.0604 0.0692 0.1417 0.1317 0.1188 0.1058 0.0956 0.0912 0.0916 0.0935 0.1637 0.1558 0.1458 0.1359 0.1295 0.1271 0.1241 0.1192 0.1848 0.1782 0.1701 0.1629 0.1596 0.1589 0.1528 0.1419 0.0635
-3.000 5.000 25 0.0737 0.129 0.1151 0.0986 0.08 0.0615 0.0463 0.0386 0.0394 0.1284 0.1135 0.0952 0.0739 0.0515 0.0311 0.0205 0.0263 0.1301 0.1151 0.0961 0.0734 0.0485 0.0233 0.0 0.0194 0.1363 0.122 0.1036 0.0815 0.0577 0.0353 0.023 0.0289 0.1498 0.1367 0.1196 0.0996 0.0788 0.0606 0.0499 0.0488 0.1692 0.1577 0.1424 0.1247 0.1077 0.0923 0.0804 0.0727 0.1911 0.1807 0.1672 0.153 0.1391 0.1254 0.1112 0.0968 0.2116 0.2011 0.189 0.1776 0.167 0.1546 0.1378 0.1174 0.0833
-3.000 7.000 35 0.0936 0.1469 0.1322 0.1145 0.0944 0.0734 0.0541 0.0391 0.0317 0.1483 0.133 0.114 0.092 0.0683 0.0454 0.0262 0.0165 0.1514 0.1362 0.1168 0.0938 0.0685 0.0429 0.0194 0.0 0.1586 0.144 0.125 0.1022 0.077 0.0514 0.0291 0.0177 0.1732 0.1595 0.1413 0.1194 0.0952 0.0705 0.0495 0.0374 0.1935 0.1806 0.1633 0.1429 0.1202 0.0967 0.0746 0.0587 0.215 0.2025 0.186 0.1675 0.1477 0.1245 0.0998 0.0792 0.2339 0.2211 0.2046 0.1883 0.171 0.1483 0.1209 0.0959 0.1025
-1.000 -7.000 35 0.0736 0.0382 0.0452 0.0576 0.0746 0.095 0.1162 0.1364 0.1541 0.0255 0.0324 0.0462 0.0654 0.0881 0.112 0.1349 0.1551 0.0129 0.0208 0.0374 0.0591 0.0842 0.1106 0.1363 0.1586 0.0 0.0153 0.035 0.059 0.0864 0.1156 0.1445 0.1692 0.0141 0.0231 0.0418 0.0664 0.095 0.1262 0.1575 0.1835 0.0304 0.0393 0.0567 0.0807 0.1092 0.1411 0.1735 0.1997 0.0488 0.0591 0.076 0.0983 0.1253 0.1559 0.1876 0.2124 0.0676 0.0787 0.0948 0.115 0.1384 0.1663 0.1954 0.2175 0.0777
-1.000 -5.000 25 0.0581 0.0457 0.0484 0.0564 0.0701 0.0877 0.1075 0.1264 0.1431 0.0326 0.0328 0.0409 0.0568 0.0776 0.1003 0.1225 0.142 0.0209 0.0167 0.0266 0.0464 0.0707 0.0967 0.122 0.144 0.0153 0.0 0.0197 0.0436 0.0709 0.1 0.1286 0.153 0.023 0.0186 0.0297 0.052 0.0796 0.1102 0.1409 0.1663 0.0391 0.0399 0.0502 0.0699 0.096 0.1263 0.1576 0.1826 0.0589 0.0634 0.0742 0.092 0.1154 0.1443 0.1741 0.1971 0.0792 0.0862 0.0968 0.1125 0.1333 0.1587 0.1856 0.2054 0.0623
-1.000 -3.000 15 0.0381 0.0587 0.0569 0.059 0.0668 0.0801 0.0963 0.1133 0.1285 0.0467 0.0411 0.0404 0.0489 0.0654 0.0858 0.1065 0.1251 0.0376 0.0266 0.0208 0.032 0.0538 0.0788 0.1036 0.125 0.035 0.0197 0.0 0.0239 0.0509 0.0798 0.1081 0.1321 0.0416 0.0296 0.0233 0.0359 0.0606 0.0899 0.1197 0.1443 0.0563 0.0501 0.0496 0.06 0.081 0.1084 0.1376 0.1609 0.076 0.0744 0.0775 0.0873 0.1055 0.1301 0.1573 0.1775 0.0968 0.0982 0.1031 0.1119 0.1276 0.1499 0.1732 0.1894 0.0434
-1.000 -1.000 5 0.0149 0.0768 0.0712 0.0673 0.0676 0.0736 0.0847 0.0978 0.1111 0.0666 0.0573 0.0491 0.0466 0.0543 0.0697 0.0878 0.1049 0.0597 0.0466 0.0321 0.0242 0.0359 0.058 0.0815 0.1022 0.059 0.0436 0.0239 0.0 0.0269 0.0555 0.0835 0.107 0.0659 0.0518 0.0359 0.0272 0.0405 0.0665 0.0947 0.1181 0.0802 0.0698 0.0601 0.0575 0.0676 0.0891 0.1146 0.1354 0.0994 0.093 0.0878 0.0886 0.0977 0.1162 0.1375 0.1544 0.1197 0.116 0.1135 0.1159 0.1243 0.1408 0.1591 0.17 0.0248
-1.000 1.000 5 0.0156 0.0985 0.09 0.0812 0.0741 0.0715 0.0748 0.0827 0.0922 0.0902 0.0788 0.0659 0.0545 0.0498 0.0557 0.0686 0.0829 0.0853 0.0712 0.054 0.0359 0.0261 0.0373 0.0577 0.077 0.0864 0.0709 0.0509 0.0269 0.0 0.0283 0.0559 0.0789 0.0942 0.0793 0.0605 0.0405 0.0298 0.0431 0.0674 0.0891 0.1088 0.0959 0.0809 0.0675 0.0632 0.0725 0.0908 0.1073 0.1276 0.1172 0.1061 0.0977 0.0971 0.1051 0.1183 0.128 0.1462 0.1384 0.1299 0.1246 0.1268 0.1343 0.1437 0.148 0.026
-1.000 3.000 15 0.0435 0.1218 0.111 0.0986 0.0859 0.0753 0.0696 0.0698 0.0741 0.1156 0.1027 0.0871 0.0704 0.0559 0.049 0.0523 0.0614 0.1126 0.0979 0.0795 0.0583 0.0373 0.026 0.0353 0.0514 0.1156 0.1 0.0798 0.0555 0.0283 0.0 0.0271 0.0495 0.1248 0.1093 0.0894 0.0662 0.0431 0.0305 0.0414 0.0592 0.14 0.1257 0.1077 0.0885 0.0722 0.0652 0.0696 0.079 0.1584 0.1456 0.13 0.1154 0.1047 0.1007 0.1006 0.1019 0.1751 0.1638 0.1512 0.1401 0.1338 0.132 0.1284 0.1228 0.0497
-1.000 5.000 25 0.0715 0.1442 0.1316 0.1165 0.0996 0.0831 0.0696 0.0615 0.0591 0.1403 0.1262 0.1088 0.089 0.0689 0.0522 0.0433 0.0438 0.1393 0.124 0.1048 0.0821 0.0578 0.0352 0.023 0.0291 0.1445 0.1286 0.1081 0.0835 0.0559 0.0271 0.0 0.022 0.1551 0.1393 0.1187 0.0941 0.0673 0.0415 0.027 0.0332 0.1714 0.156 0.1362 0.1137 0.0907 0.0699 0.0573 0.0548 0.1895 0.1746 0.1565 0.1367 0.1185 0.1014 0.0877 0.0778 0.2041 0.1898 0.1737 0.1583 0.1439 0.1293 0.1138 0.0978 0.0771
-1.000 7.000 35 0.0951 0.1623 0.1482 0.1311 0.1116 0.0911 0.0726 0.058 0.0494 0.1608 0.1457 0.1269 0.1052 0.0822 0.0605 0.0433 0.0341 0.1617 0.146 0.126 0.1024 0.0766 0.0509 0.0289 0.0177 0.1692 0.153 0.1321 0.107 0.0789 0.0495 0.022 0.0 0.1813 0.165 0.1438 0.1183 0.0897 0.0598 0.0333 0.0197 0.1986 0.1821 0.1609 0.1361 0.109 0.0805 0.0555 0.0409 0.2161 0.1995 0.1788 0.156 0.1308 0.1046 0.0792 0.0612 0.2281 0.2112 0.1917 0.1717 0.1509 0.1257 0.0991 0.0775 0.1009
1.000 -7.000 35 0.0798 0.0518 0.0604 0.0734 0.0908 0.111 0.1322 0.1524 0.1703 0.0392 0.0473 0.0609 0.0797 0.1023 0.1264 0.1498 0.1705 0.0268 0.0344 0.0495 0.0707 0.0959 0.1231 0.1498 0.1732 0.0141 0.023 0.0416 0.0659 0.0942 0.1248 0.1551 0.1813 0.0 0.0175 0.0399 0.0671 0.0979 0.1313 0.165 0.1935 0.0163 0.0266 0.0477 0.0748 0.1059 0.1399 0.1745 0.2029 0.0347 0.0442 0.0627 0.0872 0.1159 0.1482 0.1816 0.2084 0.0533 0.0629 0.079 0.0994 0.1245 0.1532 0.1835 0.2075 0.0809
1.000 -5.000 25 0.0642 0.0613 0.0665 0.076 0.0901 0.1077 0.1266 0.145 0.1614 0.0478 0.0509 0.0601 0.0753 0.0952 0.1175 0.1395 0.1592 0.0347 0.0351 0.0442 0.0617 0.0849 0.1109 0.1367 0.1595 0.0231 0.0186 0.0296 0.0518 0.0793 0.1093 0.1393 0.165 0.0175 0.0 0.0224 0.0495 0.0803 0.1135 0.1469 0.1751 0.0266 0.0213 0.0337 0.0583 0.0883 0.1219 0.156 0.1838 0.0443 0.0447 0.0549 0.0751 0.1014 0.1324 0.1648 0.1905 0.0635 0.0671 0.0763 0.0925 0.114 0.1415 0.1703 0.1928 0.0638
1.000 -3.000 15 0.0447 0.0756 0.0771 0.0818 0.0908 0.1037 0.119 0.1346 0.149 0.0621 0.0607 0.0632 0.0723 0.0872 0.106 0.1259 0.1439 0.0501 0.0444 0.0439 0.0534 0.0719 0.0953 0.1196 0.1413 0.0418 0.0297 0.0233 0.0359 0.0605 0.0894 0.1187 0.1438 0.0399 0.0224 0.0 0.027 0.0575 0.0906 0.1237 0.1514 0.0477 0.0337 0.0262 0.0399 0.0669 0.0993 0.1326 0.1595 0.0631 0.0552 0.0538 0.0639 0.0851 0.1134 0.1439 0.168 0.0811 0.0775 0.0789 0.0869 0.1036 0.1272 0.1539 0.1739 0.0418
1.000 -1.000 5 0.0256 0.0944 0.0922 0.0918 0.0943 0.1008 0.1106 0.1223 0.1337 0.0821 0.0765 0.0728 0.0734 0.0808 0.0939 0.1097 0.1254 0.072 0.0622 0.0536 0.0512 0.0601 0.0781 0.0996 0.1194 0.0664 0.052 0.0359 0.0272 0.0405 0.0662 0.0941 0.1183 0.0671 0.0495 0.027 0.0 0.0304 0.0632 0.096 0.1232 0.075 0.0584 0.04 0.0301 0.0447 0.0736 0.1052 0.131 0.0888 0.076 0.0642 0.0607 0.0708 0.0934 0.1202 0.1417 0.1044 0.0954 0.0881 0.0875 0.0956 0.1138 0.135 0.1518 0.0164
1.000 1.000 5 0.0268 0.1169 0.1113 0.1059 0.102 0.1009 0.1038 0.1096 0.1168 0.1061 0.0975 0.0885 0.0815 0.0792 0.084 0.0938 0.105 0.0981 0.0861 0.0725 0.0604 0.0558 0.0632 0.0788 0.0952 0.095 0.0796 0.0606 0.0405 0.0298 0.0431 0.0673 0.0897 0.0979 0.0803 0.0575 0.0304 0.0 0.0326 0.0649 0.0913 0.1064 0.0887 0.0671 0.0447 0.0331 0.0481 0.0754 0.0991 0.1191 0.1033 0.0858 0.0709 0.0664 0.0764 0.0959 0.1127 0.1321 0.1186 0.1054 0.096 0.0955 0.1036 0.1169 0.1262 0.0171
1.000 3.000 15 0.0515 0.1413 0.1328 0.1231 0.1133 0.1049 0.0996 0.0982 0.0993 0.1326 0.1217 0.1088 0.0956 0.0847 0.0791 0.08 0.0846 0.1269 0.1133 0.0968 0.079 0.0636 0.0564 0.0606 0.0705 0.1262 0.1102 0.0899 0.0665 0.0431 0.0305 0.0415 0.0598 0.1313 0.1135 0.0906 0.0632 0.0326 0.0 0.0315 0.0571 0.1406 0.1222 0.0993 0.0734 0.0481 0.0343 0.0464 0.0656 0.1523 0.1347 0.114 0.0933 0.0763 0.0692 0.0734 0.0825 0.1625 0.1465 0.1289 0.1138 0.1034 0.0998 0.0993 0.0998 0.0482
1.000 5.000 25 0.0802 0.1649 0.1538 0.1405 0.1256 0.1106 0.0976 0.088 0.0825 0.1589 0.1459 0.1301 0.1121 0.0944 0.0796 0.07 0.0664 0.1556 0.1408 0.1223 0.101 0.0791 0.0604 0.0499 0.0495 0.1575 0.1409 0.1197 0.0947 0.0674 0.0414 0.027 0.0333 0.165 0.1469 0.1237 0.096 0.0649 0.0315 0.0 0.0249 0.1751 0.1562 0.1324 0.105 0.0754 0.0465 0.03 0.0361 0.186 0.167 0.1443 0.1201 0.096 0.0737 0.0598 0.056 0.1935 0.1752 0.1551 0.1349 0.1169 0.0996 0.0853 0.0746 0.0798
1.000 7.000 35 0.1043 0.1827 0.1693 0.1531 0.1343 0.1145 0.0956 0.0799 0.0689 0.1797 0.1651 0.1469 0.1258 0.1031 0.082 0.0648 0.0537 0.179 0.1631 0.1431 0.1195 0.094 0.0692 0.0488 0.0374 0.1835 0.1663 0.1443 0.1181 0.0891 0.0592 0.0332 0.0197 0.1935 0.1751 0.1514 0.1232 0.0913 0.0571 0.0249 0.0 0.2042 0.1846 0.1601 0.1315 0.0998 0.0661 0.0362 0.0209 0.2141 0.1939 0.1695 0.1427 0.1139 0.0834 0.0564 0.0407 0.2185 0.1983 0.1756 0.1523 0.127 0.1005 0.0747 0.0566 0.1059
3.000 -7.000 35 0.0929 0.0677 0.0781 0.0926 0.1109 0.1319 0.1535 0.1745 0.1927 0.0552 0.065 0.0796 0.0991 0.1221 0.1465 0.1703 0.1914 0.0429 0.052 0.0673 0.0884 0.114 0.1417 0.1692 0.1935 0.0304 0.0391 0.0563 0.0802 0.1088 0.14 0.1714 0.1986 0.0163 0.0266 0.0477 0.075 0.1064 0.1406 0.1751 0.2042 0.0 0.0199 0.0449 0.0742 0.1067 0.1418 0.1776 0.2073 0.0182 0.0291 0.0509 0.078 0.1081 0.1413 0.1753 0.2027 0.0364 0.0451 0.0623 0.0843 0.1096 0.1387 0.1691 0.1934 0.091
3.000 -5.000 25 0.0795 0.0798 0.0874 0.0989 0.1141 0.1321 0.151 0.1692 0.1859 0.066 0.072 0.0829 0.0987 0.1186 0.1405 0.1622 0.1817 0.0525 0.0563 0.0666 0.0837 0.106 0.1317 0.1577 0.1806 0.0393 0.0399 0.0501 0.0698 0.0959 0.1257 0.156 0.1821 0.0266 0.0213 0.0337 0.0584 0.0887 0.1222 0.1562 0.1846 0.0199 0.0 0.0249 0.0541 0.0864 0.1214 0.157 0.1862 0.0291 0.023 0.0355 0.0599 0.0892 0.1219 0.1556 0.1824 0.0456 0.0449 0.0537 0.0716 0.0948 0.1229 0.1525 0.176 0.075
3.000 -3.000 15 0.0649 0.096 0.1005 0.1077 0.1184 0.1316 0.1466 0.1614 0.175 0.0818 0.0838 0.0893 0.0997 0.1144 0.1323 0.151 0.1681 0.0684 0.067 0.0701 0.0802 0.0972 0.1188 0.1424 0.1633 0.0567 0.0502 0.0496 0.0601 0.0809 0.1077 0.1362 0.1609 0.0477 0.0337 0.0262 0.04 0.0671 0.0993 0.1324 0.1601 0.0449 0.0249 0.0 0.029 0.0611 0.096 0.1314 0.1601 0.0513 0.0356 0.0271 0.0404 0.0667 0.0985 0.1314 0.1576 0.0637 0.0543 0.0516 0.0598 0.0786 0.1044 0.1325 0.1546 0.0564
3.000 -1.000 15 0.0545 0.1162 0.1172 0.1197 0.1245 0.1318 0.1412 0.1518 0.1618 0.1024 0.1005 0.1004 0.1037 0.1115 0.1236 0.138 0.1516 0.0902 0.0844 0.0804 0.0816 0.0901 0.1058 0.1247 0.1429 0.0807 0.0699 0.06 0.0575 0.0675 0.0885 0.1137 0.1361 0.0748 0.0583 0.0399 0.0301 0.0447 0.0734 0.105 0.1315 0.0742 0.0541 0.029 0.0 0.0321 0.0669 0.1018 0.13 0.0792 0.0604 0.0405 0.03 0.0442 0.0728 0.1042 0.1291 0.0877 0.0731 0.0603 0.056 0.0649 0.0858 0.1107 0.1304 0.0412
3.000 1.000 15 0.0571 0.1397 0.1371 0.1348 0.1336 0.1342 0.1371 0.1417 0.1468 0.127 0.1215 0.1163 0.1127 0.1126 0.1171 0.125 0.1334 0.1164 0.1074 0.0979 0.0906 0.0892 0.0956 0.1077 0.1202 0.1092 0.096 0.081 0.0676 0.0632 0.0722 0.0907 0.109 0.1059 0.0883 0.0669 0.0447 0.0331 0.0481 0.0754 0.0998 0.1067 0.0864 0.0611 0.0321 0.0 0.0346 0.069 0.0963 0.1104 0.0903 0.0671 0.0442 0.0327 0.0478 0.0749 0.0976 0.1152 0.0976 0.0795 0.0651 0.061 0.0705 0.0885 0.1037 0.0432
3.000 3.000 15 0.0748 0.1654 0.1596 0.1528 0.1456 0.1391 0.1342 0.1312 0.1293 0.1545 0.1461 0.1364 0.1265 0.1185 0.1138 0.1126 0.1133 0.1459 0.1346 0.1211 0.1073 0.0963 0.0912 0.0923 0.0967 0.1411 0.1263 0.1084 0.0891 0.0725 0.0652 0.0699 0.0805 0.1399 0.1219 0.0993 0.0736 0.0481 0.0343 0.0465 0.0661 0.1418 0.1214 0.096 0.0669 0.0346 0.0 0.0335 0.0597 0.1443 0.1235 0.099 0.0728 0.0478 0.0342 0.046 0.064 0.1457 0.1263 0.1054 0.0858 0.0705 0.064 0.0676 0.0751 0.0649
3.000 5.000 25 0.0989 0.1903 0.181 0.1698 0.1568 0.143 0.1299 0.1184 0.1092 0.1817 0.1706 0.157 0.1416 0.1257 0.1116 0.1004 0.0926 0.1758 0.1625 0.1459 0.1268 0.108 0.0916 0.0804 0.0746 0.1735 0.1576 0.1376 0.1146 0.0908 0.0696 0.0573 0.0555 0.1745 0.156 0.1326 0.1052 0.0754 0.0464 0.03 0.0362 0.1776 0.157 0.1314 0.1018 0.069 0.0335 0.0 0.0255 0.1787 0.1572 0.1319 0.1042 0.0749 0.046 0.0292 0.0344 0.1768 0.1561 0.1334 0.1106 0.0885 0.0676 0.054 0.0498 0.0932
3.000 7.000 35 0.1201 0.2075 0.1954 0.1797 0.1617 0.1421 0.1222 0.1044 0.0902 0.2018 0.1883 0.1713 0.1513 0.1297 0.1081 0.0892 0.075 0.1992 0.184 0.1649 0.1423 0.1174 0.0935 0.0727 0.0587 0.1997 0.1826 0.1609 0.1354 0.1073 0.079 0.0548 0.0409 0.2029 0.1838 0.1595 0.131 0.0991 0.0656 0.0361 0.0209 0.2073 0.1862 0.1601 0.13 0.0963 0.0597 0.0255 0.0 0.2066 0.1845 0.1583 0.1293 0.0979 0.0642 0.0344 0.0193 0.2013 0.1794 0.1551 0.1299 0.1033 0.0748 0.0495 0.0348 0.117
5.000 -7.000 35 0.1106 0.0859 0.0984 0.1147 0.1345 0.1565 0.179 0.1998 0.2182 0.0735 0.0853 0.1016 0.1222 0.1458 0.1705 0.1948 0.2161 0.0613 0.0722 0.0887 0.1104 0.136 0.1637 0.1911 0.215 0.0488 0.0589 0.076 0.0994 0.1276 0.1584 0.1895 0.2161 0.0347 0.0443 0.0631 0.0888 0.1191 0.1523 0.186 0.2141 0.0182 0.0291 0.0513 0.0792 0.1104 0.1443 0.1787 0.2066 0.0 0.0206 0.0453 0.0729 0.1024 0.1345 0.1674 0.1939 0.0178 0.0277 0.0471 0.0702 0.0952 0.1232 0.1522 0.1752 0.1058
5.000 -5.000 25 0.1007 0.1006 0.1107 0.1244 0.141 0.1597 0.1787 0.197 0.2127 0.0867 0.0954 0.1083 0.1252 0.1454 0.1668 0.188 0.2073 0.0729 0.0798 0.0918 0.1092 0.1312 0.1558 0.1807 0.2025 0.0591 0.0634 0.0744 0.093 0.1172 0.1456 0.1746 0.1995 0.0442 0.0447 0.0552 0.076 0.1033 0.1347 0.167 0.1939 0.0291 0.023 0.0356 0.0604 0.0903 0.1235 0.1572 0.1845 0.0206 0.0 0.0245 0.0519 0.0813 0.1133 0.1461 0.1722 0.0278 0.0214 0.0321 0.0528 0.0771 0.1049 0.1336 0.1562 0.0928
5.000 -3.000 25 0.0906 0.1187 0.126 0.1358 0.1479 0.1618 0.1765 0.1905 0.2035 0.1039 0.1091 0.1174 0.129 0.1439 0.1611 0.1786 0.1941 0.0896 0.0919 0.0982 0.1092 0.1254 0.1458 0.1672 0.186 0.076 0.0742 0.0775 0.0878 0.1061 0.13 0.1565 0.1788 0.0627 0.0549 0.0538 0.0642 0.0858 0.114 0.1443 0.1695 0.0509 0.0355 0.0271 0.0405 0.0671 0.099 0.1319 0.1583 0.0453 0.0245 0.0 0.0272 0.0566 0.0885 0.1211 0.1468 0.0478 0.0322 0.0239 0.0348 0.0568 0.0838 0.112 0.134 0.0796
5.000 -1.000 25 0.0854 0.1398 0.1437 0.149 0.1559 0.164 0.1734 0.1832 0.1915 0.1249 0.1263 0.1293 0.1351 0.1436 0.1551 0.1682 0.1794 0.111 0.109 0.1089 0.1129 0.1216 0.1359 0.153 0.1675 0.0983 0.092 0.0873 0.0886 0.0977 0.1154 0.1367 0.156 0.0872 0.0751 0.0639 0.0607 0.0709 0.0933 0.1201 0.1427 0.078 0.0599 0.0404 0.03 0.0442 0.0728 0.1042 0.1293 0.0729 0.0519 0.0272 0.0 0.0294 0.0614 0.0937 0.1188 0.0718 0.0533 0.0349 0.0254 0.0373 0.0618 0.0887 0.1097 0.0712
5.000 1.000 25 0.0894 0.1635 0.1641 0.1649 0.1662 0.1686 0.1717 0.1755 0.1784 0.1491 0.1471 0.1454 0.1449 0.147 0.1515 0.1579 0.1633 0.1362 0.1309 0.1255 0.1222 0.1235 0.1295 0.1391 0.1477 0.1253 0.1154 0.1055 0.0977 0.0971 0.1047 0.1185 0.1308 0.1159 0.1014 0.0851 0.0708 0.0664 0.0763 0.096 0.1139 0.1081 0.0892 0.0667 0.0442 0.0327 0.0478 0.0749 0.0979 0.1024 0.0813 0.0566 0.0294 0.0 0.0319 0.0636 0.0879 0.0979 0.0783 0.057 0.0373 0.0277 0.0408 0.064 0.0829 0.0745
5.000 3.000 25 0.1036 0.19 0.1872 0.1836 0.1792 0.1746 0.1703 0.1655 0.1604 0.1767 0.1716 0.1655 0.159 0.1535 0.1498 0.1465 0.1431 0.1651 0.157 0.1477 0.138 0.1306 0.1271 0.1254 0.1245 0.1559 0.1443 0.1301 0.1162 0.1051 0.1007 0.1014 0.1046 0.1482 0.1324 0.1134 0.0934 0.0764 0.0692 0.0737 0.0834 0.1413 0.1219 0.0985 0.0728 0.0478 0.0342 0.046 0.0642 0.1345 0.1133 0.0885 0.0614 0.0319 0.0 0.0307 0.0538 0.1265 0.1063 0.0841 0.0618 0.0408 0.0293 0.0391 0.0538 0.0908
5.000 5.000 25 0.123 0.2152 0.2089 0.2 0.1894 0.1767 0.1631 0.1495 0.136 0.2042 0.1955 0.185 0.1725 0.1586 0.1446 0.1314 0.1187 0.1944 0.1838 0.1705 0.1553 0.1392 0.1241 0.1112 0.0998 0.1876 0.1741 0.1573 0.1375 0.1183 0.1006 0.0877 0.0792 0.1816 0.1648 0.1439 0.1202 0.0959 0.0734 0.0598 0.0564 0.1753 0.1556 0.1314 0.1042 0.0749 0.046 0.0292 0.0344 0.1674 0.1461 0.1211 0.0937 0.0636 0.0307 0.0 0.0224 0.1558 0.1351 0.1123 0.0886 0.0639 0.0391 0.0244 0.0281 0.1128
5.000 7.000 35 0.1378 0.2311 0.2209 0.2075 0.19 0.1706 0.1494 0.1287 0.111 0.2233 0.2118 0.196 0.1777 0.1571 0.1348 0.1135 0.0957 0.2162 0.203 0.186 0.1657 0.1432 0.1192 0.0968 0.0792 0.2124 0.1971 0.1775 0.1544 0.128 0.1019 0.0778 0.0612 0.2084 0.1905 0.168 0.1417 0.1127 0.0825 0.056 0.0407 0.2027 0.1824 0.1576 0.1291 0.0976 0.064 0.0344 0.0193 0.1939 0.1722 0.1468 0.1188 0.0879 0.0538 0.0224 0.0 0.1784 0.1572 0.1337 0.109 0.0824 0.0534 0.0279 0.0153 0.1306
7.000 -7.000 35 0.1289 0.1047 0.1193 0.1375 0.1588 0.1815 0.2042 0.2248 0.2431 0.0923 0.1061 0.1241 0.1459 0.1698 0.1946 0.2179 0.238 0.0801 0.0929 0.1107 0.133 0.1581 0.1848 0.2116 0.2339 0.0676 0.0792 0.0968 0.1197 0.1462 0.1751 0.2041 0.2281 0.0533 0.0635 0.0811 0.1044 0.1321 0.1625 0.1935 0.2185 0.0364 0.0456 0.0637 0.0877 0.1152 0.1457 0.1768 0.2013 0.0178 0.0278 0.0478 0.0718 0.0979 0.1265 0.1558 0.1784 0.0 0.0179 0.0383 0.06 0.0826 0.1076 0.1337 0.1541 0.1217
7.000 -5.000 35 0.1218 0.1211 0.1338 0.1493 0.1673 0.1866 0.205 0.2225 0.237 0.1071 0.1185 0.1331 0.151 0.1712 0.1917 0.2121 0.2291 0.0931 0.1028 0.1162 0.1341 0.1553 0.1782 0.2011 0.2211 0.0787 0.0862 0.0982 0.116 0.1384 0.1638 0.1898 0.2112 0.0629 0.0671 0.0775 0.0954 0.1186 0.1465 0.1752 0.1983 0.0451 0.0449 0.0543 0.0731 0.0976 0.1263 0.1561 0.1794 0.0277 0.0214 0.0322 0.0533 0.0783 0.1063 0.1351 0.1572 0.0179 0.0 0.0202 0.0417 0.0642 0.0892 0.1153 0.1354 0.1116
7.000 -3.000 35 0.1149 0.1399 0.1497 0.162 0.1753 0.1897 0.2039 0.2167 0.2281 0.1247 0.1326 0.1435 0.1561 0.1711 0.1874 0.2031 0.217 0.1097 0.1151 0.1241 0.1357 0.1514 0.1701 0.189 0.2046 0.0948 0.0968 0.1031 0.1135 0.1299 0.1512 0.1737 0.1917 0.079 0.0763 0.0789 0.0881 0.1054 0.1289 0.1551 0.1756 0.0623 0.0537 0.0516 0.0603 0.0795 0.1054 0.1334 0.1551 0.0471 0.0321 0.0239 0.0349 0.057 0.0841 0.1123 0.1337 0.0383 0.0202 0.0 0.0214 0.0439 0.0691 0.0951 0.1149 0.1025
7.000 -1.000 35 0.1127 0.1606 0.1672 0.175 0.1841 0.1928 0.2022 0.2111 0.2173 0.1448 0.1492 0.1551 0.1631 0.172 0.1833 0.1949 0.2033 0.1296 0.1311 0.1342 0.1407 0.1496 0.1629 0.1776 0.1883 0.115 0.1125 0.1119 0.1159 0.1246 0.1401 0.1583 0.1717 0.0994 0.0925 0.0869 0.0875 0.096 0.1138 0.1349 0.1523 0.0843 0.0716 0.0598 0.056 0.0651 0.0858 0.1106 0.1299 0.0702 0.0528 0.0348 0.0254 0.0373 0.0618 0.0886 0.109 0.06 0.0417 0.0214 0.0 0.0228 0.0481 0.0739 0.0932 0.0979
7.000 1.000 35 0.1177 0.1834 0.1873 0.1911 0.1949 0.1994 0.2026 0.2055 0.206 0.1675 0.1692 0.1707 0.1731 0.1775 0.1822 0.1872 0.1892 0.1524 0.1512 0.1497 0.1498 0.1537 0.1596 0.167 0.171 0.1384 0.1333 0.1276 0.1243 0.1268 0.1338 0.1439 0.1509 0.1245 0.114 0.1036 0.0956 0.0955 0.1034 0.1169 0.127 0.1096 0.0948 0.0786 0.0649 0.061 0.0705 0.0885 0.1033 0.0952 0.0771 0.0568 0.0373 0.0277 0.0408 0.0639 0.0824 0.0826 0.0642 0.0439 0.0228 0.0 0.0253 0.0505 0.069 0.1022
7.000 3.000 35 0.13 0.2098 0.2102 0.2103 0.2088 0.2061 0.2027 0.196 0.1872 0.1944 0.1927 0.1907 0.1876 0.1846 0.182 0.1765 0.1686 0.1795 0.1755 0.1706 0.1651 0.1609 0.1589 0.1546 0.1483 0.1663 0.1587 0.1499 0.1408 0.1343 0.132 0.1293 0.1257 0.1532 0.1415 0.1272 0.1138 0.1036 0.0998 0.0996 0.1005 0.1387 0.1229 0.1044 0.0858 0.0705 0.064 0.0676 0.0748 0.1232 0.1049 0.0838 0.0618 0.0408 0.0293 0.0391 0.0534 0.1076 0.0892 0.0691 0.0481 0.0253 0.0 0.0243 0.0418 0.1158
7.000 5.000 35 0.1451 0.2346 0.2317 0.2259 0.218 0.2067 0.1926 0.1767 0.1584 0.2207 0.2161 0.2086 0.1995 0.1877 0.1739 0.1584 0.1405 0.2079 0.2002 0.191 0.18 0.1669 0.1528 0.1378 0.1209 0.1954 0.1856 0.1732 0.1591 0.1437 0.1284 0.1138 0.0991 0.1835 0.1703 0.1539 0.135 0.1169 0.0993 0.0853 0.0747 0.1691 0.1525 0.1325 0.1107 0.0885 0.0676 0.054 0.0495 0.1522 0.1336 0.112 0.0887 0.064 0.0391 0.0244 0.0279 0.1337 0.1153 0.0951 0.0739 0.0505 0.0243 0.0 0.0169 0.1321
7.000 7.000 35 0.1539 0.25 0.2417 0.2307 0.2149 0.196 0.1734 0.1497 0.1281 0.2381 0.2296 0.2176 0.2007 0.1814 0.1584 0.1344 0.1126 0.2278 0.2179 0.2031 0.1859 0.1656 0.1419 0.1174 0.0959 0.2175 0.2054 0.1894 0.17 0.148 0.1228 0.0978 0.0775 0.2075 0.1928 0.1739 0.1518 0.1262 0.0998 0.0746 0.0566 0.1934 0.176 0.1546 0.1304 0.1037 0.0751 0.0498 0.0348 0.1752 0.1562 0.134 0.1097 0.0829 0.0538 0.0281 0.0153 0.1541 0.1354 0.1149 0.0932 0.069 0.0418 0.0169 0.0 0.1446
0.500 0.000 0 0.0143 0.1004 0.0956 0.0918 0.0904 0.0929 0.0995 0.1089 0.1188 0.0892 0.0812 0.0737 0.0693 0.0717 0.0813 0.0951 0.1092 0.0808 0.0691 0.0564 0.0472 0.0492 0.0635 0.0833 0.1025 0.0777 0.0623 0.0434 0.0248 0.026 0.0497 0.0771 0.1009 0.0809 0.0638 0.0418 0.0164 0.0171 0.0482 0.0798 0.1059 0.091 0.075 0.0564 0.0412 0.0432 0.0649 0.0932 0.117 0.1058 0.0928 0.0796 0.0712 0.0745 0.0908 0.1128 0.1306 0.1217 0.1116 0.1025 0.0979 0.1022 0.1158 0.1321 0.1446 0.0