n 66
m 4
tmax 16.2
Vcpm 1.4
R 1
dmax 25.92
-0.500 0.000 0 0.0 0.0752 0.0684 0.0607 0.0551 0.055 0.0624 0.0762 0.0911 0.0722 0.0622 0.0512 0.0434 0.0437 0.0537 0.0711 0.0898 0.0701 0.0565 0.0408 0.0284 0.029 0.0445 0.0679 0.0917 0.0703 0.0545 0.0345 0.013 0.0136 0.0395 0.0698 0.0983 0.0741 0.0591 0.0404 0.0228 0.0242 0.0487 0.0813 0.1119 0.0808 0.0693 0.0567 0.048 0.0518 0.072 0.1024 0.132 0.0882 0.0818 0.0751 0.073 0.0803 0.0998 0.1282 0.1535 0.095 0.0927 0.091 0.0937 0.1042 0.1246 0.1515 0.1731 0.0127
-7.000 -7.000 35 0.0752 0.0 0.0078 0.0181 0.0296 0.0406 0.0516 0.0645 0.0782 0.0077 0.013 0.0237 0.0363 0.0485 0.0609 0.0755 0.0905 0.018 0.0237 0.0344 0.0476 0.0607 0.0746 0.0913 0.1079 0.0307 0.0379 0.0494 0.0633 0.0777 0.0938 0.1133 0.1317 0.045 0.054 0.0672 0.0827 0.0991 0.1186 0.1418 0.1619 0.0592 0.0701 0.0854 0.103 0.1223 0.1461 0.1734 0.1959 0.0713 0.0837 0.101 0.1208 0.1429 0.1706 0.2022 0.2268 0.0803 0.0937 0.1121 0.1334 0.1572 0.1878 0.2223 0.25 0.0853
-7.000 -5.000 35 0.0684 0.0078 0.0 0.0102 0.0215 0.0322 0.0431 0.0561 0.0696 0.0129 0.0106 0.0167 0.0277 0.0392 0.0512 0.0657 0.0806 0.0235 0.0243 0.0302 0.0402 0.0513 0.0642 0.0804 0.0966 0.0374 0.0409 0.048 0.0578 0.0691 0.0833 0.1017 0.1191 0.0532 0.0595 0.0685 0.0795 0.0921 0.109 0.1303 0.1486 0.0689 0.0781 0.0896 0.1028 0.1181 0.1386 0.1633 0.1828 0.0826 0.0944 0.1083 0.124 0.1424 0.1667 0.1949 0.2157 0.0931 0.1068 0.1224 0.1401 0.1608 0.188 0.2194 0.2418 0.0796
-7.000 -3.000 35 0.0607 0.0181 0.0102 0.0 0.011 0.0216 0.0324 0.0455 0.059 0.0234 0.0167 0.0126 0.018 0.0278 0.0394 0.0539 0.0685 0.0339 0.03 0.0287 0.0325 0.0404 0.052 0.0676 0.0832 0.0482 0.0474 0.0484 0.0521 0.0592 0.0714 0.0882 0.1046 0.0649 0.0672 0.0709 0.0758 0.0839 0.0977 0.1169 0.1332 0.0818 0.0874 0.0943 0.1015 0.1121 0.1293 0.1511 0.1672 0.0968 0.1054 0.1155 0.1254 0.1393 0.1606 0.1852 0.2018 0.1087 0.1195 0.1322 0.1443 0.1612 0.186 0.2133 0.2309 0.0729
-7.000 -1.000 35 0.0551 0.0296 0.0215 0.011 0.0 0.0105 0.0216 0.0348 0.0484 0.0359 0.0277 0.018 0.0125 0.0172 0.0278 0.0421 0.0565 0.0467 0.0399 0.0324 0.0285 0.0314 0.0407 0.0553 0.0702 0.061 0.0566 0.0516 0.0488 0.0514 0.0608 0.0762 0.0907 0.0782 0.0765 0.0743 0.0734 0.0772 0.0885 0.1049 0.1187 0.0955 0.0971 0.0983 0.1005 0.1071 0.1218 0.1403 0.1525 0.111 0.1158 0.1204 0.1263 0.1367 0.1556 0.1767 0.1877 0.1235 0.1309 0.1382 0.1475 0.1613 0.1844 0.2082 0.2188 0.0677
-7.000 1.000 35 0.055 0.0406 0.0322 0.0216 0.0105 0.0 0.0114 0.0248 0.0382 0.0482 0.0392 0.0279 0.0172 0.0122 0.0184 0.0314 0.0451 0.0595 0.0509 0.0403 0.0313 0.0281 0.0335 0.0456 0.0585 0.0743 0.067 0.0582 0.0508 0.0491 0.0555 0.0674 0.0788 0.0911 0.0866 0.0803 0.0753 0.0761 0.0848 0.0975 0.1068 0.1083 0.1072 0.1044 0.103 0.1078 0.1202 0.1341 0.1408 0.1237 0.126 0.127 0.1299 0.14 0.1567 0.1725 0.1767 0.1362 0.1414 0.1457 0.1526 0.1676 0.1887 0.2068 0.2095 0.0679
-7.000 3.000 35 0.0624 0.0516 0.0431 0.0324 0.0216 0.0114 0.0 0.0133 0.0263 0.0606 0.0513 0.0395 0.0278 0.0183 0.0141 0.0211 0.0327 0.0728 0.0634 0.0515 0.0404 0.0334 0.0322 0.038 0.0467 0.0881 0.0797 0.069 0.0594 0.0549 0.0562 0.062 0.0675 0.1053 0.0992 0.0911 0.0844 0.0832 0.0874 0.0934 0.0954 0.1228 0.12 0.1158 0.1133 0.1168 0.1252 0.1313 0.1291 0.1391 0.1393 0.1396 0.1421 0.1512 0.1646 0.1711 0.1648 0.152 0.1552 0.1596 0.1669 0.1814 0.1999 0.2073 0.1978 0.0758
-7.000 5.000 35 0.0762 0.0645 0.0561 0.0455 0.0348 0.0248 0.0133 0.0 0.0124 0.0751 0.0657 0.0538 0.0419 0.0313 0.0211 0.015 0.0196 0.0886 0.0788 0.0665 0.0546 0.0453 0.0381 0.034 0.0348 0.105 0.096 0.0845 0.074 0.0668 0.0622 0.0584 0.0557 0.1232 0.1164 0.1076 0.0999 0.096 0.094 0.0897 0.0826 0.1421 0.1382 0.1335 0.1305 0.1311 0.1323 0.1272 0.1145 0.1588 0.1591 0.1586 0.1612 0.1674 0.1723 0.1666 0.148 0.1726 0.1764 0.1801 0.1881 0.1996 0.2081 0.2024 0.1789 0.09
-7.000 7.000 35 0.0911 0.0782 0.0696 0.059 0.0484 0.0382 0.0263 0.0124 0.0 0.0901 0.0805 0.0685 0.0564 0.0452 0.0329 0.0197 0.012 0.1051 0.095 0.0823 0.0699 0.0589 0.0473 0.0352 0.0271 0.1228 0.1134 0.1015 0.0899 0.0799 0.0694 0.0571 0.046 0.1423 0.1351 0.1256 0.1165 0.1091 0.0995 0.0856 0.0698 0.1624 0.1585 0.1525 0.1478 0.1441 0.1361 0.1196 0.0981 0.1801 0.18 0.1793 0.179 0.1801 0.1741 0.155 0.1275 0.1957 0.1982 0.2018 0.2061 0.2116 0.2076 0.1866 0.1542 0.105
-5.000 -7.000 35 0.0722 0.0077 0.0129 0.0234 0.0359 0.0482 0.0606 0.0751 0.0901 0.0 0.0106 0.0242 0.0394 0.0539 0.0682 0.0849 0.102 0.0103 0.017 0.0306 0.0468 0.063 0.0797 0.0991 0.1182 0.023 0.0297 0.0428 0.0595 0.0771 0.0966 0.1193 0.141 0.0371 0.0451 0.0588 0.0762 0.0957 0.1184 0.1453 0.1696 0.0511 0.0607 0.0757 0.0944 0.1159 0.1424 0.1734 0.2 0.063 0.0739 0.0903 0.1103 0.1336 0.1631 0.1977 0.2267 0.0718 0.0836 0.1006 0.1213 0.1454 0.1768 0.2131 0.2438 0.081
-5.000 -5.000 25 0.0622 0.013 0.0106 0.0167 0.0277 0.0392 0.0513 0.0657 0.0805 0.0106 0.0 0.0135 0.0284 0.0426 0.0568 0.0734 0.0905 0.0169 0.0137 0.0215 0.0357 0.0508 0.0671 0.0862 0.1051 0.0295 0.0302 0.0375 0.0503 0.0655 0.0836 0.1055 0.1264 0.0448 0.0487 0.0572 0.07 0.086 0.1064 0.1315 0.1543 0.0601 0.0672 0.0777 0.0918 0.1095 0.133 0.1614 0.1854 0.0735 0.0832 0.0958 0.1116 0.1314 0.1578 0.189 0.2148 0.0838 0.0953 0.1094 0.1266 0.1479 0.1761 0.2097 0.2362 0.0722
-5.000 -3.000 25 0.0512 0.0237 0.0167 0.0126 0.018 0.0279 0.0395 0.0538 0.0685 0.0242 0.0135 0.0 0.0145 0.0285 0.0426 0.0593 0.0764 0.0304 0.0214 0.0161 0.0232 0.0362 0.0518 0.0707 0.0893 0.0423 0.0372 0.0358 0.041 0.0521 0.0683 0.0891 0.1091 0.0575 0.0564 0.0582 0.0639 0.0749 0.0925 0.1152 0.1362 0.0735 0.0762 0.0814 0.0889 0.1015 0.1214 0.1468 0.1678 0.0878 0.0939 0.1024 0.1121 0.1272 0.1503 0.1779 0.1988 0.0992 0.1077 0.1188 0.1305 0.1478 0.1734 0.2028 0.2249 0.0626
-5.000 -1.000 25 0.0434 0.0363 0.0277 0.018 0.0125 0.0172 0.0278 0.0419 0.0564 0.0394 0.0284 0.0145 0.0 0.0139 0.0283 0.0452 0.0623 0.0463 0.0355 0.0232 0.0162 0.0226 0.0367 0.0552 0.0734 0.0581 0.0496 0.0407 0.0365 0.041 0.0539 0.0732 0.0919 0.0728 0.0679 0.0628 0.0611 0.0662 0.0799 0.1001 0.1184 0.0891 0.0876 0.0865 0.0881 0.0955 0.1118 0.1334 0.1504 0.1035 0.1057 0.1084 0.1137 0.1243 0.1442 0.1677 0.1832 0.1151 0.1202 0.1259 0.1346 0.1482 0.1714 0.197 0.2118 0.0559
-5.000 1.000 25 0.0437 0.0485 0.0392 0.0278 0.0172 0.0122 0.0183 0.0313 0.0452 0.0539 0.0426 0.0285 0.0139 0.0 0.0148 0.0319 0.0488 0.0621 0.0504 0.0361 0.0225 0.0161 0.0242 0.0409 0.0582 0.0742 0.0637 0.0512 0.0406 0.0373 0.0446 0.06 0.0762 0.0892 0.0811 0.072 0.0648 0.0644 0.0734 0.0886 0.1022 0.1047 0.1007 0.0953 0.0923 0.0962 0.1082 0.1242 0.1354 0.1187 0.1186 0.1175 0.119 0.1281 0.1441 0.1614 0.1699 0.1301 0.1332 0.1358 0.1415 0.1555 0.1754 0.1945 0.2012 0.0566
-5.000 3.000 25 0.0537 0.0609 0.0512 0.0394 0.0278 0.0184 0.0141 0.0211 0.0329 0.0682 0.0568 0.0426 0.0283 0.0148 0.0 0.017 0.0333 0.0781 0.0661 0.0513 0.0365 0.0241 0.0184 0.0273 0.0418 0.0912 0.08 0.0661 0.053 0.0442 0.0426 0.0496 0.0602 0.1068 0.0978 0.0866 0.0769 0.0723 0.0741 0.0807 0.0869 0.1226 0.1172 0.1104 0.1052 0.1057 0.1119 0.1183 0.12 0.1369 0.1353 0.1334 0.1336 0.1399 0.1512 0.1578 0.1551 0.1492 0.1503 0.1528 0.1581 0.1699 0.1861 0.1934 0.1876 0.0667
-5.000 5.000 25 0.0711 0.0755 0.0657 0.0539 0.0421 0.0314 0.0211 0.015 0.0197 0.0849 0.0734 0.0593 0.0452 0.0319 0.017 0.0 0.0156 0.0967 0.0846 0.0697 0.0547 0.0408 0.0273 0.0192 0.0248 0.1114 0.1 0.0857 0.0716 0.0597 0.0497 0.0439 0.0444 0.1284 0.119 0.1073 0.096 0.0876 0.0811 0.0754 0.071 0.1453 0.1394 0.1319 0.1256 0.1219 0.119 0.1129 0.1029 0.1611 0.1584 0.1559 0.1553 0.1574 0.1585 0.1522 0.1364 0.1735 0.1751 0.1764 0.1813 0.1888 0.1937 0.1876 0.1671 0.0843
-5.000 7.000 35 0.0898 0.0905 0.0806 0.0685 0.0565 0.0451 0.0327 0.0196 0.012 0.102 0.0905 0.0764 0.0623 0.0488 0.0333 0.0156 0.0 0.1157 0.1035 0.0884 0.0731 0.0584 0.0421 0.0249 0.0151 0.1324 0.1207 0.1061 0.0912 0.077 0.0612 0.045 0.0342 0.151 0.1414 0.129 0.1164 0.1039 0.0896 0.0728 0.0582 0.1692 0.1629 0.1545 0.146 0.1376 0.1248 0.1062 0.0865 0.186 0.1835 0.1788 0.1754 0.1718 0.1614 0.141 0.1158 0.199 0.1998 0.2004 0.2007 0.2016 0.1936 0.1719 0.1423 0.103
-3.000 -7.000 35 0.0701 0.018 0.0235 0.0339 0.0467 0.0595 0.0728 0.0886 0.1051 0.0103 0.0169 0.0304 0.0463 0.0621 0.0781 0.0967 0.1157 0.0 0.0133 0.0302 0.0492 0.068 0.0871 0.1092 0.1313 0.0126 0.0204 0.0367 0.0567 0.0777 0.1006 0.1268 0.1519 0.0266 0.0341 0.0491 0.0692 0.0919 0.1183 0.1491 0.1774 0.0403 0.0487 0.0638 0.0838 0.1079 0.1373 0.1719 0.2032 0.052 0.0614 0.0768 0.0971 0.1216 0.1529 0.19 0.2229 0.0605 0.0707 0.0862 0.1062 0.1304 0.162 0.2001 0.234 0.0767
-3.000 -5.000 25 0.0565 0.0237 0.0243 0.03 0.0399 0.0509 0.0634 0.0788 0.095 0.017 0.0137 0.0214 0.0355 0.0504 0.0661 0.0846 0.1035 0.0133 0.0 0.0168 0.0355 0.0539 0.0729 0.095 0.117 0.0204 0.0164 0.0258 0.0434 0.0633 0.0855 0.1113 0.136 0.0339 0.0347 0.0433 0.0591 0.0791 0.104 0.1335 0.1607 0.0485 0.0529 0.0626 0.0781 0.0986 0.1256 0.1582 0.1875 0.0613 0.0686 0.0799 0.096 0.1172 0.1458 0.1804 0.2103 0.0713 0.0805 0.093 0.1096 0.1312 0.1603 0.1954 0.2264 0.0642
-3.000 -3.000 15 0.0408 0.0344 0.0302 0.0287 0.0324 0.0403 0.0515 0.0665 0.0823 0.0306 0.0215 0.0161 0.0232 0.0361 0.0513 0.0697 0.0884 0.0302 0.0168 0.0 0.0183 0.0365 0.0555 0.0776 0.0995 0.0365 0.0257 0.0196 0.0286 0.0459 0.0672 0.0925 0.1166 0.0486 0.0429 0.0418 0.0491 0.0643 0.0867 0.1146 0.1404 0.0627 0.0619 0.0648 0.0728 0.088 0.1117 0.1414 0.168 0.0758 0.0789 0.0854 0.095 0.1114 0.1366 0.1677 0.1939 0.0864 0.0924 0.1015 0.1126 0.1301 0.1566 0.1883 0.214 0.0504
-3.000 -1.000 15 0.0284 0.0476 0.0402 0.0325 0.0285 0.0313 0.0404 0.0546 0.0699 0.0468 0.0357 0.0232 0.0162 0.0225 0.0365 0.0547 0.0731 0.0492 0.0355 0.0183 0.0 0.0181 0.0374 0.0598 0.0816 0.0559 0.043 0.0285 0.0204 0.0293 0.0486 0.0731 0.0965 0.0673 0.0579 0.0485 0.0449 0.0521 0.0701 0.0956 0.1194 0.0804 0.0757 0.0714 0.0717 0.08 0.099 0.1249 0.148 0.0934 0.0925 0.0927 0.097 0.1077 0.1289 0.1557 0.1767 0.1037 0.1062 0.1099 0.1174 0.1307 0.1541 0.1818 0.2013 0.0405
-3.000 1.000 15 0.029 0.0607 0.0513 0.0404 0.0314 0.0281 0.0334 0.0453 0.0589 0.063 0.0508 0.0362 0.0226 0.0161 0.0241 0.0408 0.0584 0.068 0.0539 0.0365 0.0181 0.0 0.0197 0.0422 0.0637 0.0759 0.0622 0.0454 0.0291 0.0213 0.0323 0.0544 0.0763 0.0873 0.076 0.0627 0.0513 0.0486 0.0587 0.0788 0.099 0.1003 0.0924 0.0841 0.0781 0.0802 0.0923 0.1116 0.1282 0.1121 0.109 0.1051 0.1044 0.1118 0.1271 0.1467 0.1607 0.1217 0.1222 0.1226 0.1265 0.1387 0.1574 0.1778 0.1892 0.0417
-3.000 3.000 15 0.0445 0.0746 0.0642 0.052 0.0407 0.0335 0.0322 0.0381 0.0473 0.0797 0.0671 0.0518 0.0367 0.0242 0.0184 0.0273 0.0421 0.0871 0.0729 0.0555 0.0374 0.0197 0.0 0.0222 0.043 0.0971 0.0831 0.0659 0.048 0.0322 0.0245 0.0359 0.0543 0.1095 0.0975 0.0828 0.0684 0.0582 0.0562 0.0646 0.0776 0.1229 0.1144 0.1037 0.0949 0.0908 0.0939 0.1013 0.1085 0.1346 0.1302 0.1252 0.122 0.1245 0.1328 0.1399 0.1421 0.1442 0.1434 0.1432 0.1455 0.1539 0.1673 0.1748 0.1732 0.056
-3.000 5.000 25 0.0679 0.0913 0.0804 0.0676 0.0553 0.0456 0.038 0.034 0.0352 0.0991 0.0862 0.0707 0.0552 0.0409 0.0273 0.0192 0.0249 0.1092 0.095 0.0776 0.0598 0.0422 0.0222 0.0 0.02 0.1215 0.1076 0.0903 0.0721 0.0542 0.0359 0.0249 0.0319 0.1359 0.1238 0.1086 0.0929 0.0783 0.0648 0.0566 0.0566 0.1505 0.1417 0.1306 0.1192 0.1101 0.1016 0.094 0.0879 0.1628 0.1579 0.1519 0.1471 0.1438 0.1401 0.133 0.1208 0.1734 0.1714 0.1702 0.1711 0.1737 0.1746 0.168 0.1511 0.0789
-3.000 7.000 35 0.0917 0.1079 0.0966 0.0832 0.0702 0.0585 0.0467 0.0348 0.0271 0.1182 0.1051 0.0893 0.0734 0.0582 0.0418 0.0248 0.0151 0.1313 0.117 0.0995 0.0816 0.0637 0.043 0.02 0.0 0.146 0.132 0.1145 0.0959 0.0768 0.0547 0.032 0.0193 0.1626 0.1503 0.1347 0.1177 0.0998 0.0789 0.0574 0.0434 0.1787 0.1695 0.1575 0.1444 0.1293 0.1111 0.0896 0.0716 0.1915 0.1859 0.1783 0.1703 0.1611 0.1454 0.1233 0.1007 0.2022 0.1999 0.1955 0.1923 0.1881 0.1757 0.1534 0.1268 0.103
-1.000 -7.000 35 0.0703 0.0307 0.0374 0.0482 0.061 0.0743 0.0881 0.105 0.1228 0.023 0.0295 0.0423 0.0581 0.0742 0.0912 0.1114 0.1324 0.0126 0.0204 0.0365 0.0559 0.0759 0.0971 0.1215 0.146 0.0 0.0153 0.0348 0.0574 0.081 0.1065 0.1359 0.1647 0.0138 0.0223 0.0403 0.0632 0.089 0.1186 0.1529 0.185 0.0273 0.0349 0.0507 0.0726 0.0989 0.131 0.1688 0.2038 0.0386 0.0466 0.0614 0.0818 0.1075 0.1402 0.1794 0.2158 0.0469 0.0554 0.0696 0.0887 0.1127 0.1443 0.1826 0.2183 0.0738
-1.000 -5.000 25 0.0545 0.0379 0.0409 0.0474 0.0566 0.067 0.0797 0.096 0.1134 0.0297 0.0302 0.0372 0.0496 0.0637 0.08 0.1 0.1207 0.0204 0.0164 0.0257 0.043 0.0622 0.0831 0.1076 0.132 0.0153 0.0 0.0195 0.0418 0.0651 0.0905 0.1199 0.1485 0.0223 0.018 0.0286 0.049 0.0736 0.1027 0.1363 0.1678 0.0349 0.0359 0.0452 0.063 0.0868 0.1174 0.154 0.1876 0.0468 0.0513 0.0613 0.0778 0.1004 0.1312 0.1687 0.203 0.0562 0.0628 0.0736 0.0895 0.1112 0.1408 0.1773 0.2106 0.0584
-1.000 -3.000 15 0.0345 0.0494 0.048 0.0484 0.0516 0.0582 0.069 0.0845 0.1015 0.0428 0.0375 0.0358 0.0407 0.0512 0.0661 0.0857 0.1061 0.0367 0.0258 0.0196 0.0285 0.0454 0.0659 0.0903 0.1145 0.0348 0.0195 0.0 0.022 0.0451 0.0706 0.1 0.1285 0.0401 0.0285 0.0221 0.033 0.0548 0.0827 0.1157 0.1464 0.0504 0.045 0.0446 0.0536 0.0725 0.1005 0.1352 0.1671 0.0614 0.061 0.0648 0.0742 0.0921 0.1197 0.1545 0.186 0.0707 0.0738 0.0805 0.0908 0.1084 0.1356 0.1693 0.199 0.0395
-1.000 -1.000 5 0.013 0.0633 0.0578 0.0521 0.0488 0.0508 0.0594 0.074 0.0899 0.0595 0.0503 0.041 0.0365 0.0406 0.053 0.0716 0.0912 0.0567 0.0434 0.0286 0.0204 0.0291 0.048 0.0721 0.0959 0.0574 0.0418 0.022 0.0 0.0231 0.0489 0.0786 0.1067 0.0624 0.0486 0.0329 0.0244 0.0361 0.0614 0.0932 0.1229 0.0711 0.062 0.0531 0.0507 0.0606 0.0838 0.1153 0.1445 0.0805 0.0764 0.0732 0.0755 0.0864 0.1094 0.1396 0.1673 0.0891 0.0886 0.0898 0.0955 0.1081 0.1316 0.1614 0.1858 0.022
-1.000 1.000 5 0.0136 0.0777 0.0691 0.0592 0.0514 0.0491 0.0549 0.0668 0.0799 0.0771 0.0655 0.0521 0.041 0.0373 0.0442 0.0597 0.077 0.0777 0.0633 0.0459 0.0293 0.0213 0.0322 0.0542 0.0768 0.081 0.0651 0.0451 0.0231 0.0 0.0261 0.0557 0.0834 0.0867 0.0721 0.0541 0.0359 0.0272 0.0417 0.07 0.0976 0.0948 0.0838 0.0708 0.0599 0.0584 0.0715 0.0964 0.1208 0.1032 0.0962 0.0892 0.0849 0.0895 0.1043 0.127 0.1466 0.1101 0.1076 0.1051 0.1062 0.1157 0.1331 0.155 0.1718 0.0231
-1.000 3.000 15 0.0395 0.0938 0.0833 0.0714 0.0608 0.0555 0.0562 0.0622 0.0694 0.0966 0.0836 0.0683 0.0539 0.0446 0.0426 0.0497 0.0612 0.1006 0.0855 0.0672 0.0486 0.0323 0.0245 0.0359 0.0547 0.1065 0.0905 0.0706 0.0489 0.0261 0.0 0.0291 0.0557 0.1141 0.0994 0.0808 0.0607 0.0415 0.0317 0.046 0.0689 0.1225 0.1108 0.0964 0.0819 0.0709 0.0691 0.079 0.0945 0.1304 0.1228 0.1133 0.1059 0.103 0.1074 0.1158 0.1244 0.1366 0.1328 0.1291 0.1275 0.1314 0.1412 0.1493 0.1528 0.0461
-1.000 5.000 25 0.0698 0.1133 0.1017 0.0882 0.0762 0.0674 0.062 0.0584 0.0571 0.1193 0.1055 0.0891 0.0732 0.06 0.0496 0.0439 0.045 0.1268 0.1113 0.0925 0.0731 0.0544 0.0359 0.0249 0.032 0.1359 0.1199 0.1 0.0786 0.0557 0.0291 0.0 0.0256 0.1458 0.1312 0.1126 0.0919 0.0697 0.0461 0.0317 0.0401 0.1555 0.1437 0.1286 0.1122 0.0956 0.079 0.0688 0.0684 0.1636 0.1555 0.1454 0.1345 0.1254 0.1157 0.1073 0.1 0.1694 0.1649 0.1597 0.1557 0.1527 0.1488 0.1416 0.1293 0.0767
-1.000 7.000 35 0.0983 0.1317 0.1191 0.1046 0.0907 0.0788 0.0675 0.0557 0.046 0.141 0.1264 0.1091 0.0919 0.0762 0.0602 0.0444 0.0342 0.1519 0.136 0.1166 0.0965 0.0763 0.0543 0.0319 0.0193 0.1647 0.1485 0.1285 0.1067 0.0834 0.0557 0.0256 0.0 0.1768 0.162 0.1432 0.1218 0.0979 0.0694 0.0403 0.0241 0.1879 0.1758 0.16 0.1419 0.121 0.0954 0.069 0.0521 0.1963 0.1874 0.1759 0.1628 0.146 0.1254 0.1009 0.0808 0.2011 0.1953 0.1879 0.1797 0.1699 0.1529 0.1297 0.1065 0.1061
1.000 -7.000 35 0.0741 0.045 0.0532 0.0649 0.0782 0.0911 0.1053 0.1232 0.1423 0.0371 0.0448 0.0575 0.0728 0.0892 0.1068 0.1284 0.151 0.0266 0.0339 0.0486 0.0673 0.0873 0.1095 0.1359 0.1626 0.0138 0.0223 0.0401 0.0624 0.0867 0.1141 0.1458 0.1768 0.0 0.0158 0.0362 0.0607 0.088 0.1195 0.1563 0.1917 0.0132 0.0215 0.0391 0.0625 0.0903 0.124 0.1637 0.2011 0.0242 0.0312 0.0459 0.0666 0.0926 0.1258 0.1658 0.2037 0.0324 0.0394 0.0522 0.0702 0.0937 0.1244 0.1623 0.1988 0.0738
1.000 -5.000 25 0.0591 0.054 0.0595 0.0672 0.0765 0.0866 0.0992 0.1164 0.1351 0.0451 0.0487 0.0564 0.0679 0.0811 0.0978 0.119 0.1414 0.0341 0.0347 0.0429 0.0579 0.076 0.0975 0.1238 0.1503 0.0223 0.018 0.0285 0.0486 0.0721 0.0994 0.1312 0.162 0.0158 0.0 0.0204 0.0448 0.072 0.1035 0.1403 0.1755 0.0215 0.0175 0.0281 0.0493 0.0762 0.1095 0.1487 0.1855 0.0314 0.0325 0.0415 0.0589 0.083 0.1152 0.1543 0.1911 0.04 0.0439 0.0529 0.068 0.0893 0.119 0.1559 0.1911 0.0579
1.000 -3.000 15 0.0404 0.0672 0.0685 0.0709 0.0743 0.0803 0.0911 0.1076 0.1256 0.0588 0.0572 0.0582 0.0628 0.072 0.0866 0.1073 0.129 0.0491 0.0433 0.0418 0.0485 0.0627 0.0828 0.1086 0.1347 0.0403 0.0286 0.0221 0.0329 0.0541 0.0808 0.1126 0.1432 0.0362 0.0204 0.0 0.0241 0.0512 0.0829 0.1197 0.1546 0.0391 0.0281 0.0222 0.0341 0.0582 0.0906 0.1291 0.165 0.0462 0.0416 0.0419 0.0513 0.0713 0.1013 0.1389 0.174 0.0535 0.0534 0.0571 0.0665 0.0841 0.1115 0.1465 0.1793 0.0375
1.000 -1.000 5 0.0228 0.0827 0.0795 0.0758 0.0734 0.0753 0.0844 0.0999 0.1165 0.0762 0.07 0.0639 0.0611 0.0648 0.0769 0.096 0.1164 0.0692 0.0591 0.0491 0.0449 0.0513 0.0684 0.0929 0.1177 0.0632 0.049 0.033 0.0244 0.0359 0.0607 0.0919 0.1218 0.0607 0.0448 0.0241 0.0 0.0272 0.0591 0.096 0.1305 0.0622 0.0491 0.034 0.0259 0.0396 0.0692 0.1064 0.1409 0.0667 0.0587 0.0511 0.0501 0.0614 0.0869 0.1214 0.1537 0.0719 0.0685 0.0664 0.0695 0.0812 0.1047 0.1358 0.1652 0.0146
1.000 1.000 5 0.0242 0.0991 0.0921 0.0839 0.0772 0.0761 0.0832 0.096 0.1091 0.0957 0.086 0.0749 0.0662 0.0644 0.0723 0.0876 0.1039 0.0919 0.0791 0.0643 0.0521 0.0486 0.0582 0.0783 0.0998 0.089 0.0736 0.0548 0.0361 0.0272 0.0415 0.0697 0.0979 0.088 0.072 0.0512 0.0272 0.0 0.0322 0.0689 0.1026 0.089 0.0752 0.0577 0.0395 0.0307 0.048 0.081 0.1131 0.0916 0.0818 0.0704 0.061 0.061 0.0759 0.1034 0.1303 0.0948 0.0891 0.0834 0.0808 0.0866 0.1025 0.1263 0.1474 0.0155
1.000 3.000 15 0.0487 0.1186 0.109 0.0977 0.0885 0.0848 0.0874 0.094 0.0995 0.1184 0.1064 0.0925 0.0799 0.0734 0.0741 0.0811 0.0896 0.1183 0.104 0.0867 0.0701 0.0587 0.0562 0.0648 0.0789 0.1186 0.1027 0.0827 0.0614 0.0417 0.0317 0.0461 0.0694 0.1195 0.1035 0.0829 0.0591 0.0322 0.0 0.0359 0.0682 0.1209 0.107 0.089 0.0685 0.0478 0.0368 0.0535 0.0799 0.1225 0.112 0.099 0.0858 0.0756 0.0743 0.0853 0.1023 0.1241 0.1174 0.1097 0.1037 0.102 0.1073 0.1164 0.1261 0.0461
1.000 5.000 25 0.0813 0.1418 0.1303 0.1169 0.1049 0.0975 0.0934 0.0897 0.0856 0.1453 0.1315 0.1152 0.1001 0.0886 0.0807 0.0754 0.0728 0.1491 0.1335 0.1146 0.0956 0.0788 0.0646 0.0566 0.0574 0.1529 0.1363 0.1157 0.0932 0.07 0.046 0.0317 0.0403 0.1563 0.1403 0.1197 0.096 0.0689 0.0359 0.0 0.0311 0.1585 0.1446 0.1264 0.1051 0.0807 0.0535 0.0367 0.0462 0.1596 0.1488 0.1349 0.1193 0.1027 0.0852 0.0743 0.0738 0.16 0.1526 0.1436 0.1338 0.1253 0.116 0.1079 0.1011 0.0818
1.000 7.000 35 0.1119 0.1619 0.1486 0.1332 0.1187 0.1068 0.0954 0.0826 0.0698 0.1696 0.1543 0.1362 0.1184 0.1022 0.0869 0.071 0.0582 0.1774 0.1607 0.1404 0.1194 0.099 0.0776 0.0566 0.0434 0.185 0.1678 0.1464 0.1229 0.0976 0.0689 0.0401 0.0241 0.1917 0.1755 0.1546 0.1305 0.1026 0.0682 0.0311 0.0 0.1946 0.1804 0.1618 0.1396 0.113 0.0801 0.0463 0.0276 0.1952 0.1838 0.1689 0.1511 0.1295 0.1023 0.0739 0.0558 0.1941 0.1856 0.1747 0.1621 0.1455 0.125 0.1007 0.0809 0.1148
3.000 -7.000 35 0.0808 0.0592 0.0689 0.0818 0.0955 0.1083 0.1228 0.1421 0.1624 0.0511 0.0601 0.0735 0.0891 0.1047 0.1226 0.1453 0.1692 0.0403 0.0485 0.0627 0.0804 0.1003 0.1229 0.1505 0.1787 0.0273 0.0349 0.0504 0.0711 0.0948 0.1225 0.1555 0.1879 0.0132 0.0215 0.0391 0.0622 0.089 0.1209 0.1585 0.1946 0.0 0.0141 0.0328 0.0561 0.0836 0.1171 0.1572 0.1957 0.0109 0.0179 0.033 0.0536 0.0791 0.1115 0.1507 0.1883 0.019 0.0247 0.0365 0.0536 0.0757 0.1048 0.141 0.1762 0.077
3.000 -5.000 25 0.0693 0.0701 0.0781 0.0874 0.0971 0.1072 0.12 0.1382 0.1585 0.0607 0.0672 0.0762 0.0876 0.1007 0.1172 0.1394 0.1629 0.0487 0.0529 0.0619 0.0757 0.0924 0.1144 0.1417 0.1695 0.0349 0.0359 0.045 0.062 0.0838 0.1108 0.1437 0.1758 0.0215 0.0175 0.0281 0.0491 0.0752 0.107 0.1446 0.1804 0.0141 0.0 0.0188 0.0421 0.0695 0.1031 0.1432 0.1816 0.0179 0.0148 0.0241 0.043 0.068 0.1002 0.1392 0.1764 0.025 0.026 0.0336 0.0482 0.0691 0.0978 0.1336 0.1682 0.0641
3.000 -3.000 15 0.0567 0.0854 0.0896 0.0943 0.0983 0.1044 0.1158 0.1335 0.1525 0.0757 0.0777 0.0814 0.0865 0.0953 0.1104 0.1319 0.1545 0.0638 0.0626 0.0648 0.0714 0.0841 0.1037 0.1306 0.1575 0.0507 0.0452 0.0446 0.0531 0.0708 0.0964 0.1286 0.16 0.0391 0.0281 0.0222 0.034 0.0577 0.089 0.1264 0.1618 0.0328 0.0188 0.0 0.0232 0.0506 0.0844 0.1246 0.1626 0.0333 0.0242 0.0193 0.0303 0.0531 0.0847 0.1234 0.1598 0.0373 0.0339 0.0344 0.0428 0.0606 0.0879 0.1228 0.1562 0.0486
3.000 -1.000 15 0.048 0.103 0.1028 0.1015 0.1005 0.103 0.1133 0.1305 0.1478 0.0944 0.0918 0.0889 0.0881 0.0923 0.1052 0.1256 0.146 0.0838 0.0781 0.0728 0.0717 0.0781 0.0949 0.1192 0.1444 0.0726 0.063 0.0536 0.0507 0.0599 0.0819 0.1122 0.1419 0.0625 0.0493 0.0341 0.0259 0.0395 0.0685 0.1051 0.1396 0.0561 0.0421 0.0232 0.0 0.0277 0.0618 0.102 0.1395 0.0541 0.0431 0.0303 0.0236 0.0371 0.0664 0.1039 0.1391 0.0552 0.0488 0.043 0.0427 0.0535 0.0773 0.1098 0.141 0.036
3.000 1.000 15 0.0518 0.1223 0.1181 0.1121 0.1071 0.1078 0.1168 0.1311 0.1441 0.1159 0.1095 0.1015 0.0955 0.0962 0.1057 0.1219 0.1376 0.1079 0.0986 0.088 0.08 0.0802 0.0908 0.1101 0.1293 0.0989 0.0868 0.0725 0.0606 0.0584 0.0709 0.0956 0.121 0.0903 0.0762 0.0582 0.0396 0.0307 0.0478 0.0807 0.113 0.0836 0.0695 0.0506 0.0277 0.0 0.0344 0.0742 0.1107 0.0795 0.0679 0.053 0.0371 0.0296 0.0471 0.0805 0.1132 0.0779 0.07 0.0608 0.0536 0.0545 0.0692 0.0955 0.1217 0.0391
3.000 3.000 15 0.072 0.1461 0.1386 0.1293 0.1218 0.1202 0.1252 0.1323 0.1361 0.1424 0.133 0.1214 0.1118 0.1082 0.1119 0.119 0.1248 0.1373 0.1256 0.1117 0.099 0.0923 0.0939 0.1016 0.1111 0.131 0.1174 0.1005 0.0838 0.0715 0.0691 0.079 0.0954 0.124 0.1095 0.0906 0.0692 0.048 0.0368 0.0535 0.0801 0.1171 0.1031 0.0844 0.0618 0.0344 0.0 0.0388 0.0738 0.1115 0.0998 0.0844 0.0662 0.0471 0.0367 0.0537 0.0804 0.1076 0.099 0.0883 0.0775 0.0692 0.0688 0.0798 0.0964 0.0626
3.000 5.000 25 0.1024 0.1734 0.1633 0.1511 0.1403 0.1341 0.1313 0.1272 0.1196 0.1734 0.1614 0.1468 0.1334 0.1242 0.1183 0.1129 0.1062 0.1719 0.1582 0.1414 0.1249 0.1116 0.1013 0.094 0.0896 0.1688 0.154 0.1352 0.1153 0.0964 0.079 0.0688 0.069 0.1637 0.1487 0.1291 0.1064 0.081 0.0535 0.0367 0.0463 0.1572 0.1432 0.1246 0.102 0.0742 0.0388 0.0 0.0335 0.1502 0.1383 0.1225 0.1034 0.0804 0.0536 0.0369 0.0465 0.1441 0.1349 0.1233 0.11 0.0953 0.0796 0.0697 0.0695 0.0968
3.000 7.000 35 0.132 0.1959 0.1828 0.1672 0.1525 0.1408 0.1291 0.1145 0.0981 0.2 0.1854 0.1678 0.1504 0.1354 0.12 0.1029 0.0865 0.2032 0.1875 0.168 0.148 0.1282 0.1085 0.0879 0.0716 0.2038 0.1876 0.1671 0.1445 0.1208 0.0945 0.0684 0.0521 0.2011 0.1855 0.165 0.1409 0.1131 0.0799 0.0462 0.0276 0.1957 0.1816 0.1626 0.1395 0.1107 0.0738 0.0335 0.0 0.1869 0.1747 0.1584 0.1382 0.1128 0.0802 0.0464 0.0276 0.1786 0.1687 0.1557 0.1401 0.1206 0.0955 0.0691 0.0521 0.1293
5.000 -7.000 35 0.0882 0.0713 0.0826 0.0968 0.111 0.1237 0.1391 0.1588 0.1801 0.063 0.0735 0.0878 0.1035 0.1187 0.1369 0.1611 0.186 0.052 0.0613 0.0758 0.0934 0.1121 0.1346 0.1628 0.1915 0.0386 0.0468 0.0614 0.0805 0.1032 0.1304 0.1636 0.1963 0.0242 0.0314 0.0462 0.0667 0.0916 0.1225 0.1596 0.1952 0.0109 0.0179 0.0333 0.0541 0.0795 0.1115 0.1502 0.1869 0.0 0.0111 0.026 0.0453 0.0689 0.0991 0.1364 0.1727 0.0081 0.0134 0.025 0.041 0.0615 0.0883 0.1218 0.1545 0.0818
5.000 -5.000 25 0.0818 0.0837 0.0944 0.1054 0.1158 0.126 0.1393 0.1591 0.18 0.0739 0.0832 0.0939 0.1057 0.1186 0.1353 0.1584 0.1835 0.0614 0.0686 0.0789 0.0925 0.109 0.1302 0.1579 0.1859 0.0466 0.0513 0.061 0.0764 0.0962 0.1228 0.1555 0.1874 0.0312 0.0325 0.0416 0.0587 0.0818 0.112 0.1488 0.1838 0.0179 0.0148 0.0242 0.0431 0.0679 0.0998 0.1383 0.1747 0.0111 0.0 0.0151 0.0344 0.058 0.0884 0.1258 0.1619 0.0135 0.0112 0.0184 0.0333 0.0535 0.0804 0.1139 0.1465 0.0735
5.000 -3.000 25 0.0751 0.101 0.1083 0.1155 0.1204 0.127 0.1396 0.1586 0.1793 0.0903 0.0958 0.1024 0.1084 0.1175 0.1334 0.1559 0.1788 0.0768 0.0799 0.0854 0.0927 0.1051 0.1252 0.1519 0.1783 0.0614 0.0613 0.0648 0.0732 0.0892 0.1133 0.1454 0.1759 0.0459 0.0415 0.0419 0.0511 0.0704 0.099 0.1349 0.1689 0.033 0.0241 0.0193 0.0303 0.053 0.0844 0.1225 0.1584 0.026 0.0151 0.0 0.0192 0.043 0.0736 0.1111 0.147 0.0253 0.0185 0.015 0.0238 0.0425 0.0691 0.1025 0.1346 0.0649
5.000 -1.000 25 0.073 0.1208 0.124 0.1254 0.1263 0.1299 0.1421 0.1612 0.179 0.1103 0.1116 0.1121 0.1137 0.119 0.1336 0.1553 0.1754 0.0971 0.096 0.095 0.097 0.1044 0.122 0.1471 0.1703 0.0818 0.0778 0.0742 0.0755 0.0849 0.1059 0.1345 0.1628 0.0666 0.0589 0.0513 0.0501 0.061 0.0858 0.1193 0.1511 0.0536 0.043 0.0303 0.0236 0.0371 0.0662 0.1034 0.1382 0.0453 0.0344 0.0192 0.0 0.024 0.055 0.0926 0.1279 0.0419 0.0336 0.0239 0.0189 0.0303 0.0553 0.0879 0.1191 0.0602
5.000 1.000 25 0.0803 0.1429 0.1424 0.1393 0.1367 0.14 0.1512 0.1674 0.1801 0.1336 0.1314 0.1272 0.1243 0.1281 0.1399 0.1574 0.1718 0.1216 0.1172 0.1114 0.1077 0.1118 0.1245 0.1438 0.1611 0.1075 0.1004 0.0921 0.0864 0.0895 0.103 0.1254 0.146 0.0926 0.083 0.0713 0.0614 0.061 0.0756 0.1027 0.1295 0.0791 0.068 0.0531 0.0371 0.0296 0.0471 0.0804 0.1128 0.0689 0.058 0.043 0.024 0.0 0.0312 0.0684 0.1027 0.0629 0.0541 0.0427 0.0303 0.0246 0.04 0.0694 0.0985 0.0665
5.000 3.000 25 0.0998 0.1706 0.1667 0.1606 0.1556 0.1567 0.1646 0.1723 0.1741 0.1631 0.1578 0.1503 0.1442 0.1441 0.1512 0.1585 0.1614 0.1529 0.1458 0.1366 0.1289 0.1271 0.1328 0.1401 0.1454 0.1402 0.1312 0.1197 0.1094 0.1043 0.1074 0.1157 0.1254 0.1258 0.1152 0.1013 0.0869 0.0759 0.0743 0.0852 0.1023 0.1115 0.1002 0.0847 0.0664 0.0471 0.0367 0.0536 0.0802 0.0991 0.0884 0.0736 0.055 0.0312 0.0 0.0362 0.069 0.0906 0.0817 0.0698 0.0556 0.0401 0.0316 0.0468 0.0706 0.0873
5.000 5.000 25 0.1282 0.2022 0.1949 0.1852 0.1767 0.1725 0.1711 0.1666 0.155 0.1977 0.189 0.1779 0.1677 0.1614 0.1578 0.1522 0.141 0.19 0.1804 0.1677 0.1557 0.1467 0.1399 0.133 0.1233 0.1794 0.1687 0.1545 0.1396 0.127 0.1158 0.1073 0.1009 0.1658 0.1543 0.1389 0.1214 0.1034 0.0853 0.0743 0.0739 0.1507 0.1392 0.1234 0.1039 0.0805 0.0537 0.0369 0.0464 0.1364 0.1258 0.1111 0.0926 0.0684 0.0362 0.0 0.0314 0.1251 0.1159 0.1037 0.0885 0.0695 0.0468 0.0323 0.0409 0.1176
5.000 7.000 35 0.1535 0.2268 0.2157 0.2018 0.1877 0.1767 0.1648 0.148 0.1275 0.2267 0.2148 0.1988 0.1832 0.1699 0.1551 0.1364 0.1158 0.2229 0.2103 0.1939 0.1767 0.1607 0.1421 0.1208 0.1007 0.2158 0.203 0.186 0.1673 0.1466 0.1244 0.1 0.0808 0.2037 0.1911 0.174 0.1537 0.1303 0.1023 0.0738 0.0558 0.1883 0.1764 0.1598 0.1391 0.1132 0.0804 0.0465 0.0276 0.1727 0.1619 0.147 0.1279 0.1027 0.069 0.0314 0.0 0.158 0.1484 0.1355 0.1193 0.0981 0.0702 0.0408 0.0242 0.1459
7.000 -7.000 35 0.095 0.0803 0.0931 0.1087 0.1235 0.1362 0.152 0.1726 0.1957 0.0718 0.0838 0.0992 0.1151 0.1301 0.1492 0.1735 0.199 0.0605 0.0713 0.0864 0.1037 0.1217 0.1442 0.1734 0.2022 0.0469 0.0562 0.0707 0.0891 0.1101 0.1366 0.1694 0.2011 0.0324 0.04 0.0535 0.0719 0.0948 0.1241 0.16 0.1941 0.019 0.025 0.0373 0.0552 0.0779 0.1076 0.1441 0.1786 0.0081 0.0135 0.0253 0.0419 0.0629 0.0906 0.1251 0.158 0.0 0.0081 0.0191 0.0336 0.0518 0.076 0.1066 0.1369 0.087
7.000 -5.000 35 0.0927 0.0937 0.1068 0.1195 0.1309 0.1414 0.1552 0.1764 0.1982 0.0836 0.0953 0.1077 0.1202 0.1332 0.1503 0.1751 0.1998 0.0707 0.0805 0.0924 0.1062 0.1222 0.1434 0.1714 0.1999 0.0554 0.0628 0.0738 0.0886 0.1076 0.1328 0.1649 0.1953 0.0394 0.0439 0.0534 0.0685 0.0891 0.1174 0.1526 0.1856 0.0247 0.026 0.0339 0.0488 0.07 0.099 0.1349 0.1687 0.0134 0.0112 0.0185 0.0336 0.0541 0.0817 0.1159 0.1484 0.0081 0.0 0.0112 0.0257 0.044 0.0683 0.0991 0.1293 0.0829
7.000 -3.000 35 0.091 0.1121 0.1224 0.1322 0.1382 0.1457 0.1596 0.1801 0.2018 0.1006 0.1094 0.1188 0.1259 0.1358 0.1528 0.1764 0.2004 0.0862 0.093 0.1015 0.1099 0.1226 0.1432 0.1702 0.1955 0.0696 0.0736 0.0805 0.0898 0.1051 0.1291 0.1597 0.1879 0.0522 0.0529 0.0571 0.0664 0.0834 0.1097 0.1436 0.1747 0.0365 0.0336 0.0344 0.043 0.0608 0.0883 0.1233 0.1557 0.025 0.0184 0.015 0.0239 0.0427 0.0698 0.1037 0.1355 0.0191 0.0112 0.0 0.0145 0.033 0.0575 0.0884 0.1184 0.0798
7.000 -1.000 35 0.0937 0.1334 0.1401 0.1443 0.1475 0.1526 0.1669 0.1881 0.2061 0.1213 0.1266 0.1305 0.1346 0.1415 0.1581 0.1813 0.2007 0.1062 0.1096 0.1126 0.1174 0.1265 0.1455 0.1711 0.1923 0.0887 0.0895 0.0908 0.0955 0.1062 0.1275 0.1557 0.1797 0.0702 0.068 0.0665 0.0695 0.0808 0.1037 0.1338 0.1621 0.0536 0.0482 0.0428 0.0427 0.0536 0.0775 0.11 0.1401 0.041 0.0333 0.0238 0.0189 0.0303 0.0556 0.0885 0.1193 0.0336 0.0257 0.0145 0.0 0.0187 0.0436 0.0746 0.1041 0.0805
7.000 1.000 35 0.1042 0.1572 0.1608 0.1612 0.1613 0.1676 0.1814 0.1996 0.2116 0.1454 0.1479 0.1478 0.1482 0.1555 0.1699 0.1888 0.2016 0.1304 0.1312 0.1301 0.1307 0.1387 0.1539 0.1737 0.1881 0.1127 0.1112 0.1084 0.1081 0.1157 0.1314 0.1527 0.1699 0.0937 0.0893 0.0841 0.0812 0.0866 0.102 0.1253 0.1455 0.0757 0.0691 0.0606 0.0535 0.0545 0.0692 0.0953 0.1206 0.0615 0.0535 0.0425 0.0303 0.0246 0.0401 0.0695 0.0981 0.0518 0.044 0.033 0.0187 0.0 0.0251 0.0558 0.0845 0.0899
7.000 3.000 35 0.1246 0.1878 0.188 0.186 0.1844 0.1887 0.1999 0.2081 0.2076 0.1768 0.1761 0.1734 0.1714 0.1754 0.1861 0.1937 0.1936 0.162 0.1603 0.1566 0.1541 0.1574 0.1673 0.1746 0.1757 0.1443 0.1408 0.1356 0.1316 0.1331 0.1412 0.1488 0.1529 0.1244 0.119 0.1115 0.1047 0.1025 0.1073 0.116 0.125 0.1048 0.0978 0.0879 0.0773 0.0692 0.0688 0.0796 0.0955 0.0883 0.0804 0.0691 0.0553 0.04 0.0316 0.0468 0.0702 0.076 0.0683 0.0575 0.0436 0.0251 0.0 0.0298 0.0572 0.1105
7.000 5.000 35 0.1515 0.2223 0.2194 0.2133 0.2082 0.2068 0.2073 0.2024 0.1866 0.2131 0.2097 0.2028 0.197 0.1945 0.1934 0.1876 0.1719 0.2001 0.1954 0.1883 0.1818 0.1778 0.1748 0.168 0.1534 0.1826 0.1773 0.1693 0.1614 0.155 0.1493 0.1416 0.1297 0.1623 0.1559 0.1465 0.1358 0.1263 0.1164 0.1079 0.1007 0.141 0.1336 0.1228 0.1098 0.0955 0.0798 0.0697 0.0691 0.1218 0.1139 0.1025 0.0879 0.0694 0.0468 0.0323 0.0408 0.1066 0.0991 0.0884 0.0746 0.0558 0.0298 0.0 0.0262 0.1378
7.000 7.000 35 0.1731 0.25 0.2418 0.2309 0.2188 0.2095 0.1978 0.1789 0.1542 0.2438 0.2362 0.2249 0.2118 0.2012 0.1876 0.1671 0.1423 0.234 0.2264 0.214 0.2013 0.1892 0.1732 0.1511 0.1268 0.2183 0.2106 0.199 0.1858 0.1718 0.1528 0.1293 0.1065 0.1988 0.1911 0.1793 0.1652 0.1474 0.1261 0.1011 0.0809 0.1762 0.1682 0.1562 0.141 0.1217 0.0964 0.0695 0.0521 0.1545 0.1465 0.1346 0.1191 0.0985 0.0706 0.0409 0.0242 0.1369 0.1293 0.1184 0.1041 0.0845 0.0572 0.0262 0.0 0.1628
0.500 0.000 0 0.0127 0.0853 0.0796 0.0729 0.0677 0.0679 0.0758 0.09 0.105 0.081 0.0722 0.0626 0.0559 0.0566 0.0667 0.0843 0.103 0.0767 0.0642 0.0504 0.0405 0.0417 0.056 0.0789 0.103 0.0738 0.0584 0.0395 0.022 0.0231 0.0461 0.0767 0.1061 0.0738 0.0579 0.0375 0.0146 0.0155 0.0461 0.0818 0.1148 0.077 0.0641 0.0486 0.036 0.0391 0.0626 0.0968 0.1293 0.0818 0.0735 0.0649 0.0602 0.0665 0.0873 0.1176 0.1459 0.087 0.0829 0.0798 0.0805 0.0899 0.1105 0.1378 0.1628 0.0