n 66
m 4
tmax 28.8
Vcpm 1.2
R 0.8
dmax 46.08
-0.500 0.000 0 0.0 0.0962 0.0869 0.0789 0.0755 0.0797 0.0914 0.1061 0.1202 0.0892 0.0757 0.0631 0.0559 0.0591 0.0734 0.0929 0.1108 0.0847 0.0665 0.0479 0.0342 0.036 0.0556 0.0816 0.1044 0.0842 0.0626 0.0388 0.0147 0.0154 0.0447 0.0763 0.1023 0.0893 0.0672 0.044 0.0242 0.0253 0.0502 0.0813 0.1072 0.0993 0.0796 0.061 0.0491 0.0511 0.0689 0.0955 0.1188 0.1119 0.0958 0.0817 0.0741 0.0767 0.0916 0.1151 0.1341 0.1244 0.1119 0.1013 0.0962 0.0992 0.113 0.1349 0.1512 0.0136
-7.000 -7.000 35 0.0962 0.0 0.0129 0.0286 0.0459 0.0647 0.0854 0.1067 0.1254 0.0125 0.0201 0.035 0.0528 0.0727 0.0953 0.1187 0.1386 0.0274 0.0347 0.0481 0.0651 0.0851 0.1087 0.1337 0.1544 0.0449 0.0534 0.0661 0.0822 0.1016 0.1254 0.1516 0.1725 0.0651 0.075 0.0877 0.1029 0.1211 0.1446 0.1714 0.192 0.0871 0.0984 0.1111 0.1254 0.1422 0.1647 0.1921 0.2129 0.109 0.1214 0.1341 0.1474 0.1626 0.184 0.2113 0.2324 0.1286 0.1419 0.1544 0.1668 0.1804 0.2003 0.2273 0.25 0.1062
-7.000 -5.000 35 0.0869 0.0129 0.0 0.0155 0.0327 0.0514 0.0721 0.0933 0.1118 0.0201 0.0157 0.0239 0.0397 0.059 0.0812 0.1042 0.1238 0.0346 0.0342 0.0409 0.0542 0.0723 0.095 0.1192 0.1391 0.0532 0.0554 0.0621 0.0738 0.0906 0.1129 0.1379 0.1575 0.0748 0.0793 0.0862 0.0969 0.1123 0.134 0.1592 0.1778 0.0984 0.1047 0.1118 0.1215 0.1355 0.1564 0.1817 0.2002 0.1218 0.1296 0.1366 0.1455 0.158 0.1776 0.2037 0.2218 0.1429 0.1518 0.1586 0.1667 0.1778 0.1959 0.2223 0.2413 0.0981
-7.000 -3.000 35 0.0789 0.0286 0.0155 0.0 0.0171 0.0358 0.0565 0.0776 0.096 0.0349 0.0239 0.0178 0.0263 0.0436 0.0651 0.0876 0.1067 0.0479 0.0409 0.0384 0.0447 0.0592 0.0801 0.1029 0.1217 0.066 0.0622 0.0617 0.0674 0.0803 0.1003 0.123 0.1406 0.0878 0.0865 0.0873 0.0926 0.1044 0.1239 0.1464 0.1622 0.1119 0.1124 0.1141 0.1189 0.1297 0.1488 0.1715 0.1857 0.1358 0.1377 0.1401 0.1442 0.1539 0.1726 0.1961 0.2103 0.1573 0.1603 0.163 0.1666 0.1752 0.1932 0.2178 0.2327 0.0912
-7.000 -1.000 35 0.0755 0.0459 0.0327 0.0171 0.0 0.0188 0.0396 0.0605 0.0785 0.0526 0.0397 0.0263 0.0194 0.0289 0.0483 0.0697 0.088 0.065 0.0542 0.0447 0.0417 0.0492 0.066 0.0862 0.1031 0.0823 0.074 0.0675 0.0665 0.0738 0.0896 0.1082 0.1229 0.1037 0.0976 0.093 0.0932 0.1007 0.1166 0.1347 0.146 0.1274 0.1231 0.1197 0.1206 0.1281 0.1446 0.163 0.1714 0.1509 0.1481 0.1456 0.1468 0.1541 0.1713 0.191 0.1977 0.1719 0.1703 0.1685 0.1699 0.1767 0.1946 0.2164 0.2231 0.089
-7.000 1.000 35 0.0797 0.0647 0.0514 0.0358 0.0188 0.0 0.0206 0.0412 0.0588 0.0724 0.0588 0.0435 0.0289 0.0216 0.0319 0.0503 0.0674 0.0848 0.0722 0.0591 0.049 0.0466 0.0546 0.0691 0.0828 0.1018 0.0908 0.0802 0.0736 0.0742 0.0825 0.0942 0.1033 0.1227 0.1134 0.1049 0.1006 0.1036 0.1132 0.1234 0.1283 0.1457 0.1381 0.1312 0.1284 0.1332 0.1447 0.1547 0.1552 0.1684 0.1624 0.1567 0.1549 0.1611 0.1747 0.186 0.1833 0.1885 0.1838 0.1792 0.1783 0.1855 0.2012 0.2151 0.2108 0.0939
-7.000 3.000 35 0.0914 0.0854 0.0721 0.0565 0.0396 0.0206 0.0 0.0201 0.0373 0.0945 0.0806 0.0647 0.0481 0.0319 0.0229 0.0311 0.0454 0.1076 0.094 0.0792 0.0654 0.0544 0.0497 0.0533 0.0617 0.1247 0.1121 0.099 0.0884 0.0818 0.0798 0.0807 0.0832 0.1454 0.1341 0.1229 0.1148 0.1118 0.1125 0.1113 0.1079 0.168 0.158 0.1485 0.1425 0.1424 0.146 0.1438 0.1346 0.1901 0.1813 0.1734 0.1692 0.1715 0.1784 0.1764 0.1621 0.2093 0.2018 0.1955 0.1928 0.1972 0.2075 0.2072 0.1892 0.1054
-7.000 5.000 35 0.1061 0.1067 0.0933 0.0776 0.0605 0.0412 0.0201 0.0 0.0171 0.1172 0.1031 0.0868 0.0693 0.0503 0.0312 0.0205 0.0262 0.1313 0.1171 0.1012 0.0851 0.069 0.0536 0.0443 0.0442 0.149 0.1352 0.1204 0.1062 0.0937 0.0813 0.071 0.0658 0.1695 0.1565 0.143 0.1315 0.122 0.1121 0.1 0.0892 0.1919 0.1795 0.1674 0.158 0.1516 0.1443 0.1304 0.1136 0.2128 0.202 0.1911 0.1837 0.1801 0.1757 0.1609 0.138 0.2307 0.2213 0.212 0.2067 0.2055 0.2042 0.1899 0.1618 0.1196
-7.000 7.000 35 0.1202 0.1254 0.1118 0.096 0.0785 0.0588 0.0373 0.0171 0.0 0.1373 0.1229 0.1063 0.0882 0.0679 0.0458 0.0263 0.0165 0.1524 0.1376 0.1209 0.1032 0.084 0.0628 0.0446 0.035 0.1706 0.1558 0.1395 0.123 0.1053 0.0857 0.0671 0.055 0.191 0.1764 0.1607 0.1457 0.1309 0.1124 0.0919 0.0758 0.2126 0.1985 0.1833 0.1699 0.1576 0.1408 0.1179 0.0968 0.2322 0.219 0.2055 0.1933 0.1834 0.1687 0.1439 0.1173 0.2488 0.2362 0.2243 0.2139 0.2064 0.1941 0.1685 0.1368 0.1319
-5.000 -7.000 35 0.0892 0.0125 0.0201 0.0349 0.0526 0.0724 0.0945 0.1172 0.1373 0.0 0.0155 0.034 0.0543 0.0761 0.1006 0.1261 0.1482 0.0149 0.0238 0.041 0.0614 0.084 0.1099 0.1371 0.1601 0.0325 0.0407 0.0557 0.0747 0.0967 0.1228 0.1513 0.1748 0.0527 0.0617 0.0755 0.0928 0.1134 0.1388 0.1678 0.1914 0.0746 0.0847 0.0979 0.1137 0.1322 0.1562 0.1851 0.2083 0.0964 0.1074 0.12 0.1344 0.1508 0.173 0.2016 0.2252 0.1158 0.1276 0.1397 0.1527 0.1672 0.1877 0.2151 0.2391 0.098
-5.000 -5.000 25 0.0757 0.0201 0.0157 0.0239 0.0397 0.0588 0.0806 0.1031 0.1229 0.0155 0.0 0.0183 0.0384 0.0602 0.0846 0.1101 0.1319 0.0238 0.0185 0.0278 0.0459 0.0678 0.0933 0.1203 0.1428 0.0407 0.0397 0.047 0.0618 0.0817 0.1069 0.1346 0.1572 0.0617 0.0635 0.0703 0.0828 0.1005 0.1244 0.1523 0.1745 0.0849 0.0889 0.0955 0.1063 0.1219 0.1441 0.1715 0.1928 0.1079 0.1136 0.12 0.1294 0.143 0.1634 0.1903 0.2119 0.1287 0.1356 0.1417 0.15 0.1618 0.1802 0.2069 0.2284 0.0857
-5.000 -3.000 25 0.0631 0.035 0.0239 0.0178 0.0263 0.0435 0.0647 0.0868 0.1063 0.034 0.0183 0.0 0.02 0.0418 0.0664 0.0917 0.1134 0.041 0.0278 0.0206 0.0302 0.0499 0.0748 0.1012 0.1232 0.0558 0.047 0.0439 0.0506 0.0666 0.0899 0.1163 0.1377 0.0758 0.0706 0.0694 0.075 0.0885 0.1101 0.1359 0.156 0.0987 0.096 0.0961 0.1008 0.1125 0.1327 0.1578 0.1761 0.1217 0.1209 0.1219 0.1258 0.1359 0.1548 0.1797 0.1969 0.1424 0.1431 0.1446 0.1479 0.1566 0.1742 0.1992 0.2173 0.0747
-5.000 -1.000 25 0.0559 0.0528 0.0397 0.0263 0.0194 0.0289 0.0481 0.0693 0.0882 0.0543 0.0384 0.02 0.0 0.022 0.0466 0.0717 0.093 0.0614 0.046 0.0302 0.0222 0.0331 0.0556 0.0808 0.1019 0.075 0.062 0.0507 0.0469 0.0551 0.0742 0.0977 0.1169 0.0937 0.0834 0.0753 0.0736 0.081 0.0984 0.12 0.1369 0.1155 0.1076 0.1015 0.1008 0.1079 0.1248 0.1458 0.1592 0.1374 0.1315 0.1269 0.1269 0.1334 0.1503 0.1716 0.183 0.1572 0.1529 0.1494 0.1498 0.1558 0.1727 0.1952 0.2061 0.0692
-5.000 1.000 25 0.0591 0.0727 0.059 0.0436 0.0289 0.0216 0.0319 0.0503 0.0679 0.0761 0.0602 0.0418 0.022 0.0 0.0245 0.0492 0.0699 0.0841 0.0678 0.0499 0.0331 0.0249 0.037 0.0588 0.0782 0.0973 0.0821 0.0667 0.0551 0.0524 0.0619 0.079 0.0943 0.1151 0.1017 0.0891 0.0811 0.0816 0.0913 0.1054 0.1155 0.1356 0.1242 0.1139 0.1083 0.111 0.122 0.1349 0.1409 0.1561 0.1468 0.1383 0.1344 0.1387 0.1514 0.1648 0.1672 0.1743 0.1669 0.1601 0.1574 0.1629 0.1773 0.1926 0.1933 0.073
-5.000 3.000 25 0.0734 0.0953 0.0812 0.0651 0.0483 0.0319 0.0229 0.0312 0.0458 0.1006 0.0846 0.0664 0.0466 0.0245 0.0 0.024 0.0442 0.1096 0.0931 0.0745 0.0554 0.037 0.0267 0.0364 0.0525 0.1232 0.1069 0.0896 0.0738 0.0616 0.0568 0.0611 0.07 0.1406 0.1254 0.11 0.0977 0.0906 0.0893 0.0908 0.0927 0.1602 0.1465 0.1334 0.1239 0.1207 0.1227 0.1227 0.1184 0.1793 0.1675 0.1566 0.1496 0.1494 0.1548 0.1548 0.1453 0.1964 0.1861 0.1773 0.1725 0.1747 0.1836 0.1851 0.1719 0.0865
-5.000 5.000 25 0.0929 0.1187 0.1042 0.0876 0.0697 0.0503 0.0311 0.0205 0.0263 0.1261 0.1101 0.0917 0.0717 0.0492 0.024 0.0 0.0199 0.1363 0.1194 0.1004 0.0803 0.0587 0.0365 0.0238 0.0298 0.1505 0.1335 0.1149 0.0966 0.0786 0.0613 0.0504 0.0493 0.1679 0.1514 0.1341 0.1179 0.1043 0.091 0.0793 0.0721 0.1866 0.1711 0.1555 0.1424 0.1323 0.1225 0.1095 0.0962 0.2048 0.1904 0.1768 0.1664 0.1598 0.1535 0.1399 0.1206 0.2197 0.2076 0.1958 0.188 0.1844 0.1817 0.1687 0.1443 0.1048
-5.000 7.000 35 0.1108 0.1386 0.1238 0.1067 0.088 0.0674 0.0454 0.0262 0.0165 0.1482 0.1319 0.1134 0.093 0.0699 0.0442 0.0199 0.0 0.1595 0.1423 0.1228 0.102 0.0787 0.0529 0.0299 0.0185 0.1743 0.1566 0.137 0.1169 0.0952 0.0711 0.0499 0.0384 0.1917 0.1739 0.1549 0.1362 0.1167 0.0951 0.0735 0.059 0.2093 0.192 0.174 0.1572 0.1413 0.1218 0.0989 0.0799 0.2259 0.2097 0.1927 0.1781 0.1653 0.1486 0.1243 0.1004 0.2386 0.224 0.2097 0.1968 0.1869 0.1731 0.1485 0.1197 0.1211
-3.000 -7.000 35 0.0847 0.0274 0.0346 0.0479 0.065 0.0848 0.1076 0.1313 0.1524 0.0149 0.0238 0.041 0.0614 0.0841 0.1096 0.1363 0.1595 0.0 0.0182 0.0395 0.0625 0.087 0.1144 0.1437 0.1687 0.0176 0.0277 0.0471 0.0698 0.0945 0.1227 0.1532 0.1788 0.0377 0.0466 0.063 0.0835 0.1068 0.1343 0.1654 0.1913 0.0596 0.0688 0.0832 0.101 0.1223 0.148 0.1787 0.2047 0.0812 0.0909 0.104 0.1199 0.1382 0.1616 0.1912 0.2169 0.1004 0.1107 0.1227 0.1367 0.1525 0.1733 0.2018 0.2277 0.0912
-3.000 -5.000 25 0.0665 0.0347 0.0342 0.0409 0.0542 0.0722 0.094 0.1171 0.1376 0.0238 0.0185 0.0278 0.046 0.0678 0.0931 0.1194 0.1423 0.0182 0.0 0.0211 0.0438 0.0682 0.0957 0.1249 0.1497 0.0277 0.0212 0.0316 0.0517 0.0756 0.1036 0.1338 0.159 0.0466 0.045 0.0526 0.0685 0.0896 0.1161 0.1465 0.1716 0.0689 0.0702 0.0768 0.0896 0.1075 0.1318 0.1615 0.1862 0.0914 0.0947 0.1007 0.1113 0.1265 0.1482 0.1766 0.2004 0.1116 0.1165 0.1221 0.131 0.1438 0.1628 0.1899 0.214 0.074
-3.000 -3.000 15 0.0479 0.0481 0.0409 0.0384 0.0447 0.0591 0.0792 0.1012 0.1209 0.041 0.0278 0.0206 0.0302 0.0499 0.0745 0.1004 0.1228 0.0395 0.0211 0.0 0.0227 0.0472 0.0748 0.1039 0.1284 0.0472 0.0317 0.0232 0.0338 0.0553 0.0826 0.1123 0.1369 0.0632 0.0527 0.0487 0.0556 0.0724 0.0972 0.1263 0.15 0.0838 0.0771 0.0752 0.0804 0.0939 0.1159 0.1438 0.1663 0.1052 0.1014 0.1008 0.1048 0.1158 0.1356 0.1621 0.1831 0.1249 0.123 0.1233 0.1265 0.1356 0.1533 0.1789 0.1993 0.0576
-3.000 -1.000 15 0.0342 0.0651 0.0542 0.0447 0.0417 0.049 0.0654 0.0851 0.1032 0.0614 0.0459 0.0302 0.0222 0.0331 0.0554 0.0803 0.102 0.0625 0.0438 0.0227 0.0 0.0247 0.0525 0.0814 0.1055 0.07 0.0519 0.0338 0.0247 0.0365 0.0613 0.0898 0.1134 0.0842 0.0688 0.0558 0.0512 0.0595 0.08 0.1063 0.1277 0.1024 0.0904 0.0808 0.0783 0.0852 0.1034 0.1273 0.1464 0.1221 0.1127 0.1055 0.1041 0.1102 0.1271 0.1503 0.1664 0.1399 0.1329 0.1274 0.1267 0.1321 0.1483 0.1714 0.1864 0.047
-3.000 1.000 15 0.036 0.0851 0.0723 0.0592 0.0492 0.0466 0.0544 0.069 0.084 0.084 0.0678 0.0499 0.0331 0.0249 0.037 0.0587 0.0787 0.087 0.0682 0.0472 0.0247 0.0 0.0278 0.0562 0.0796 0.095 0.0759 0.0554 0.0365 0.0274 0.0411 0.0658 0.0874 0.1082 0.0904 0.0728 0.0596 0.0564 0.0671 0.0866 0.1035 0.1248 0.1092 0.0949 0.0856 0.0856 0.0964 0.1128 0.1243 0.1421 0.1291 0.1176 0.1109 0.1131 0.1248 0.1405 0.1487 0.1577 0.1473 0.1381 0.1334 0.137 0.1501 0.1667 0.1725 0.0495
-3.000 3.000 15 0.0556 0.1087 0.095 0.0801 0.066 0.0546 0.0497 0.0536 0.0628 0.1099 0.0933 0.0748 0.0556 0.037 0.0267 0.0365 0.0529 0.1144 0.0957 0.0748 0.0525 0.0278 0.0 0.0276 0.0501 0.1233 0.1039 0.0826 0.0612 0.041 0.03 0.041 0.0585 0.1362 0.1172 0.0975 0.0798 0.0669 0.0623 0.0675 0.0767 0.1515 0.134 0.1169 0.1032 0.0957 0.0954 0.0981 0.1 0.167 0.1517 0.1374 0.1271 0.1237 0.1273 0.1295 0.1256 0.1805 0.1677 0.1562 0.1488 0.1486 0.1558 0.1591 0.1512 0.0665
-3.000 5.000 25 0.0816 0.1337 0.1192 0.1029 0.0862 0.0691 0.0533 0.0443 0.0446 0.1371 0.1203 0.1012 0.0808 0.0588 0.0364 0.0238 0.0299 0.1437 0.1249 0.1039 0.0814 0.0562 0.0276 0.0 0.0222 0.1533 0.1336 0.1118 0.0893 0.0656 0.041 0.0265 0.0327 0.1663 0.1465 0.1254 0.1051 0.0859 0.0675 0.0553 0.0531 0.1808 0.1619 0.1427 0.1251 0.111 0.0978 0.0855 0.0766 0.1944 0.1773 0.1606 0.1468 0.1367 0.1281 0.1157 0.1007 0.2062 0.191 0.177 0.1665 0.1603 0.1559 0.1443 0.1242 0.0902
-3.000 7.000 35 0.1044 0.1544 0.1391 0.1217 0.1031 0.0828 0.0617 0.0442 0.035 0.1601 0.1428 0.1232 0.1019 0.0782 0.0525 0.0298 0.0185 0.1687 0.1497 0.1284 0.1055 0.0796 0.0501 0.0222 0.0 0.179 0.1589 0.1366 0.1132 0.0877 0.0589 0.0328 0.0198 0.1921 0.1714 0.1493 0.1269 0.1037 0.0777 0.0537 0.0404 0.2057 0.1855 0.1644 0.1442 0.1237 0.1014 0.0779 0.0612 0.2173 0.1984 0.1792 0.1616 0.1457 0.1265 0.1026 0.0815 0.2267 0.2097 0.1923 0.1777 0.1654 0.1499 0.1263 0.1007 0.1118
-1.000 -7.000 35 0.0842 0.0449 0.0532 0.066 0.0823 0.1018 0.1247 0.149 0.1706 0.0325 0.0407 0.0558 0.075 0.0973 0.1232 0.1505 0.1743 0.0176 0.0277 0.0472 0.07 0.095 0.1233 0.1533 0.179 0.0 0.0209 0.0449 0.0702 0.0966 0.1262 0.1583 0.1857 0.0201 0.0312 0.0524 0.0767 0.1028 0.1322 0.1649 0.1926 0.0417 0.0508 0.068 0.0892 0.1129 0.1406 0.1729 0.2008 0.063 0.0719 0.0862 0.1039 0.1249 0.1498 0.1807 0.2087 0.082 0.091 0.1034 0.1187 0.1361 0.1581 0.1869 0.2142 0.0875
-1.000 -5.000 25 0.0626 0.0534 0.0554 0.0622 0.074 0.0908 0.1121 0.1352 0.1558 0.0407 0.0397 0.047 0.062 0.0821 0.1069 0.1335 0.1566 0.0277 0.0212 0.0317 0.0519 0.0759 0.1039 0.1336 0.1589 0.0209 0.0 0.0237 0.0487 0.0751 0.1047 0.1368 0.1639 0.0312 0.0237 0.0348 0.0564 0.0815 0.1107 0.1432 0.1704 0.0509 0.0486 0.0562 0.0725 0.0939 0.1206 0.1523 0.1795 0.0722 0.0729 0.079 0.0915 0.1089 0.1325 0.1626 0.1893 0.0917 0.0943 0.0997 0.1096 0.1239 0.1441 0.172 0.1977 0.0661
-1.000 -3.000 15 0.0388 0.0661 0.0621 0.0617 0.0675 0.0802 0.099 0.1204 0.1395 0.0557 0.047 0.0439 0.0507 0.0667 0.0896 0.1149 0.137 0.0471 0.0316 0.0232 0.0338 0.0554 0.0826 0.1118 0.1366 0.0449 0.0237 0.0 0.025 0.0514 0.0812 0.1133 0.1401 0.0525 0.0349 0.0253 0.0365 0.0591 0.0876 0.1196 0.1463 0.0683 0.0564 0.0516 0.0584 0.0753 0.1002 0.1308 0.1566 0.087 0.0793 0.0769 0.0816 0.0944 0.1157 0.1443 0.169 0.1048 0.1002 0.0991 0.1026 0.1127 0.1309 0.1574 0.1807 0.0434
-1.000 -1.000 5 0.0147 0.0822 0.0738 0.0674 0.0665 0.0736 0.0884 0.1062 0.123 0.0747 0.0618 0.0506 0.0469 0.0551 0.0738 0.0966 0.1169 0.0698 0.0517 0.0338 0.0247 0.0365 0.0612 0.0893 0.1132 0.0702 0.0487 0.025 0.0 0.0267 0.0567 0.0887 0.1151 0.0771 0.0565 0.0365 0.0264 0.0386 0.0648 0.0956 0.1212 0.09 0.0729 0.0585 0.0532 0.0612 0.0821 0.1101 0.1335 0.1053 0.0922 0.0819 0.0788 0.0849 0.1027 0.1279 0.1493 0.1207 0.1106 0.1031 0.1011 0.1063 0.1221 0.1461 0.1651 0.024
-1.000 1.000 5 0.0154 0.1016 0.0906 0.0803 0.0738 0.0742 0.0818 0.0937 0.1053 0.0967 0.0817 0.0666 0.0551 0.0524 0.0616 0.0786 0.0952 0.0945 0.0756 0.0553 0.0365 0.0274 0.041 0.0656 0.0877 0.0966 0.0751 0.0514 0.0267 0.0 0.0301 0.0616 0.0872 0.1035 0.082 0.0592 0.0386 0.0289 0.0435 0.0705 0.0939 0.1145 0.0948 0.0757 0.0614 0.0578 0.0691 0.0905 0.109 0.1272 0.1105 0.0954 0.0854 0.085 0.096 0.1145 0.1281 0.1393 0.1259 0.1141 0.1071 0.1086 0.1204 0.1383 0.1494 0.0251
-1.000 3.000 15 0.0447 0.1254 0.1129 0.1003 0.0896 0.0825 0.0798 0.0813 0.0857 0.1228 0.1069 0.0899 0.0742 0.0619 0.0568 0.0613 0.0711 0.1227 0.1036 0.0826 0.0613 0.0411 0.03 0.041 0.0589 0.1262 0.1047 0.0812 0.0567 0.0301 0.0 0.0304 0.055 0.1333 0.1114 0.0879 0.0647 0.0435 0.0321 0.0444 0.063 0.143 0.1221 0.1009 0.0821 0.0689 0.065 0.0714 0.0813 0.1535 0.1349 0.117 0.1029 0.0955 0.0966 0.1012 0.104 0.163 0.1474 0.133 0.1228 0.1197 0.1248 0.1299 0.1279 0.0498
-1.000 5.000 25 0.0763 0.1516 0.1379 0.123 0.1082 0.0942 0.0807 0.071 0.0671 0.1513 0.1346 0.1163 0.0977 0.079 0.0611 0.0504 0.0499 0.1532 0.1338 0.1123 0.0898 0.0658 0.041 0.0265 0.0328 0.1583 0.1368 0.1133 0.0887 0.0616 0.0304 0.0 0.0239 0.1656 0.1433 0.1194 0.0951 0.0702 0.0444 0.0287 0.0347 0.1745 0.1528 0.1303 0.1089 0.0895 0.0712 0.0587 0.0556 0.1832 0.1633 0.1435 0.1257 0.112 0.1001 0.0887 0.0789 0.1902 0.1729 0.1565 0.1431 0.1339 0.1273 0.1171 0.102 0.0802
-1.000 7.000 35 0.1023 0.1725 0.1575 0.1406 0.1229 0.1033 0.0832 0.0658 0.055 0.1748 0.1572 0.1377 0.1169 0.0943 0.07 0.0493 0.0384 0.1788 0.159 0.1369 0.1134 0.0874 0.0585 0.0327 0.0198 0.1857 0.1639 0.1401 0.1151 0.0872 0.055 0.0239 0.0 0.193 0.1703 0.1458 0.1207 0.0938 0.0633 0.0348 0.0205 0.2012 0.1787 0.155 0.1316 0.108 0.0816 0.056 0.0412 0.2081 0.187 0.1654 0.145 0.1249 0.1036 0.0796 0.0614 0.2123 0.1934 0.1746 0.1577 0.1428 0.1254 0.1026 0.0806 0.1057
1.000 -7.000 35 0.0893 0.0651 0.0748 0.0878 0.1037 0.1227 0.1454 0.1695 0.191 0.0527 0.0617 0.0758 0.0937 0.1151 0.1406 0.1679 0.1917 0.0377 0.0466 0.0632 0.0842 0.1082 0.1362 0.1663 0.1921 0.0201 0.0312 0.0525 0.0771 0.1035 0.1333 0.1656 0.193 0.0 0.023 0.0486 0.0753 0.1026 0.1327 0.1663 0.1954 0.0214 0.0329 0.0547 0.0794 0.1055 0.1346 0.1678 0.1969 0.0424 0.0512 0.0679 0.0886 0.1115 0.1379 0.1696 0.1987 0.061 0.0692 0.0825 0.0991 0.1187 0.1416 0.171 0.1995 0.0886
1.000 -5.000 25 0.0672 0.075 0.0793 0.0865 0.0976 0.1134 0.1341 0.1565 0.1764 0.0617 0.0635 0.0706 0.0834 0.1017 0.1254 0.1514 0.1739 0.0466 0.045 0.0527 0.0688 0.0904 0.1172 0.1465 0.1714 0.0312 0.0237 0.0349 0.0565 0.082 0.1114 0.1433 0.1703 0.023 0.0 0.0254 0.0518 0.079 0.1092 0.1428 0.1716 0.0329 0.0247 0.0361 0.0579 0.083 0.1118 0.1449 0.1736 0.0513 0.0486 0.0558 0.0716 0.0921 0.1175 0.1488 0.1772 0.0696 0.0697 0.0753 0.0869 0.103 0.1246 0.1533 0.1808 0.0653
1.000 -3.000 15 0.044 0.0877 0.0862 0.0873 0.093 0.1049 0.1229 0.143 0.1607 0.0755 0.0703 0.0694 0.0753 0.0891 0.11 0.1341 0.1549 0.063 0.0526 0.0487 0.0558 0.0728 0.0975 0.1254 0.1493 0.0524 0.0348 0.0253 0.0365 0.0592 0.0879 0.1194 0.1458 0.0486 0.0254 0.0 0.0263 0.0536 0.084 0.1177 0.1462 0.0548 0.0361 0.026 0.0372 0.0596 0.0879 0.1206 0.1487 0.0683 0.0559 0.051 0.0573 0.0733 0.097 0.1274 0.1545 0.0833 0.0755 0.0729 0.0771 0.0888 0.1082 0.1356 0.1615 0.0402
1.000 -1.000 5 0.0242 0.1029 0.0969 0.0926 0.0932 0.1006 0.1148 0.1315 0.1457 0.0928 0.0828 0.075 0.0736 0.0811 0.0977 0.1179 0.1362 0.0835 0.0685 0.0556 0.0512 0.0596 0.0798 0.1051 0.1269 0.0767 0.0564 0.0365 0.0264 0.0386 0.0647 0.0951 0.1207 0.0753 0.0518 0.0263 0.0 0.0275 0.0583 0.092 0.12 0.0798 0.058 0.0372 0.0266 0.0386 0.0645 0.0963 0.1234 0.0892 0.0718 0.0574 0.0518 0.0591 0.079 0.1073 0.1322 0.1002 0.0873 0.0772 0.0739 0.0793 0.0955 0.1205 0.1434 0.0151
1.000 1.000 5 0.0253 0.1211 0.1123 0.1044 0.1007 0.1036 0.1118 0.122 0.1309 0.1134 0.1005 0.0885 0.081 0.0816 0.0906 0.1043 0.1167 0.1068 0.0896 0.0724 0.0595 0.0564 0.0669 0.0859 0.1037 0.1028 0.0815 0.0591 0.0386 0.0289 0.0435 0.0702 0.0938 0.1026 0.079 0.0536 0.0275 0.0 0.0311 0.0643 0.0915 0.1062 0.0834 0.0598 0.0386 0.0287 0.0435 0.0716 0.0963 0.1126 0.0927 0.0736 0.0593 0.0555 0.0667 0.0891 0.1091 0.1203 0.1039 0.0894 0.0797 0.0789 0.0896 0.1091 0.1248 0.0157
1.000 3.000 15 0.0502 0.1446 0.134 0.1239 0.1166 0.1132 0.1125 0.1121 0.1124 0.1388 0.1244 0.1101 0.0984 0.0913 0.0893 0.091 0.0951 0.1343 0.1161 0.0972 0.08 0.0671 0.0623 0.0675 0.0777 0.1322 0.1107 0.0876 0.0648 0.0435 0.0321 0.0444 0.0633 0.1327 0.1092 0.084 0.0583 0.0311 0.0 0.0322 0.0581 0.1357 0.1125 0.0882 0.0646 0.0434 0.0326 0.0458 0.0653 0.1399 0.1188 0.0977 0.0792 0.0666 0.0638 0.0717 0.0825 0.1445 0.1265 0.1095 0.0961 0.0894 0.0917 0.0987 0.1032 0.0457
1.000 5.000 25 0.0813 0.1714 0.1592 0.1464 0.1347 0.1234 0.1113 0.1 0.0919 0.1678 0.1523 0.1359 0.12 0.1054 0.0908 0.0793 0.0735 0.1654 0.1465 0.1263 0.1063 0.0866 0.0675 0.0553 0.0537 0.1649 0.1432 0.1196 0.0956 0.0705 0.0444 0.0287 0.0348 0.1663 0.1428 0.1177 0.092 0.0643 0.0322 0.0 0.025 0.1686 0.1451 0.1204 0.0958 0.0712 0.0457 0.0298 0.0357 0.171 0.1492 0.127 0.1062 0.0879 0.0711 0.0596 0.0563 0.1731 0.154 0.1354 0.1189 0.1067 0.097 0.0878 0.0784 0.0787
1.000 7.000 35 0.1072 0.192 0.1778 0.1622 0.146 0.1283 0.1079 0.0892 0.0758 0.1914 0.1745 0.156 0.1369 0.1155 0.0927 0.0721 0.059 0.1913 0.1716 0.15 0.1277 0.1035 0.0767 0.0531 0.0404 0.1926 0.1704 0.1463 0.1212 0.0939 0.063 0.0347 0.0205 0.1954 0.1716 0.1462 0.12 0.0915 0.0581 0.025 0.0 0.1967 0.1729 0.1477 0.1222 0.0956 0.0652 0.0358 0.0206 0.1976 0.1751 0.1518 0.1291 0.1068 0.0819 0.0564 0.0407 0.1973 0.1772 0.1569 0.138 0.1197 0.1008 0.0783 0.0598 0.1059
3.000 -7.000 35 0.0993 0.0871 0.0984 0.1119 0.1274 0.1457 0.168 0.1919 0.2126 0.0746 0.0849 0.0987 0.1155 0.1356 0.1602 0.1866 0.2093 0.0596 0.0689 0.0838 0.1024 0.1248 0.1515 0.1808 0.2057 0.0417 0.0509 0.0683 0.09 0.1145 0.143 0.1745 0.2012 0.0214 0.0329 0.0548 0.0798 0.1062 0.1357 0.1686 0.1967 0.0 0.0231 0.0486 0.0748 0.1012 0.1301 0.1632 0.1928 0.0207 0.0316 0.0522 0.0755 0.0999 0.1268 0.1585 0.1878 0.0391 0.047 0.0621 0.0808 0.1015 0.1251 0.1543 0.1829 0.0948
3.000 -5.000 25 0.0796 0.0984 0.1047 0.1124 0.1231 0.1381 0.158 0.1795 0.1985 0.0847 0.0889 0.096 0.1076 0.1242 0.1465 0.1711 0.192 0.0688 0.0702 0.0771 0.0904 0.1092 0.134 0.1619 0.1855 0.0508 0.0486 0.0564 0.0729 0.0948 0.1221 0.1528 0.1787 0.0329 0.0247 0.0361 0.058 0.0834 0.1125 0.1451 0.1729 0.0231 0.0 0.0252 0.0511 0.0775 0.1064 0.1396 0.169 0.0316 0.0236 0.0343 0.0548 0.0782 0.1048 0.1365 0.1654 0.0471 0.0444 0.0509 0.0651 0.0836 0.1063 0.1351 0.1631 0.0731
3.000 -3.000 15 0.061 0.1111 0.1118 0.1141 0.1197 0.1312 0.1485 0.1674 0.1833 0.0979 0.0955 0.0961 0.1015 0.1139 0.1334 0.1555 0.174 0.0832 0.0768 0.0752 0.0808 0.0949 0.1169 0.1427 0.1644 0.068 0.0562 0.0516 0.0585 0.0757 0.1009 0.1303 0.155 0.0547 0.0361 0.026 0.0372 0.0598 0.0882 0.1204 0.1477 0.0486 0.0252 0.0 0.0258 0.0522 0.0813 0.1147 0.1439 0.0524 0.0343 0.0246 0.035 0.0559 0.082 0.1134 0.1418 0.0624 0.0509 0.0462 0.0519 0.0662 0.0873 0.1155 0.1426 0.0517
3.000 -1.000 15 0.0491 0.1254 0.1215 0.1189 0.1206 0.1284 0.1425 0.158 0.1699 0.1137 0.1063 0.1008 0.1008 0.1083 0.1239 0.1424 0.1572 0.101 0.0896 0.0804 0.0783 0.0856 0.1032 0.1251 0.1442 0.0892 0.0725 0.0584 0.0532 0.0614 0.0821 0.1089 0.1316 0.0794 0.0579 0.0372 0.0266 0.0386 0.0646 0.0958 0.1222 0.0748 0.0511 0.0258 0.0 0.0266 0.0561 0.0896 0.1184 0.0758 0.0549 0.035 0.0249 0.0359 0.06 0.0907 0.1181 0.0813 0.0652 0.0519 0.0468 0.0532 0.0709 0.0975 0.1227 0.0363
3.000 1.000 15 0.0511 0.1422 0.1355 0.1297 0.1281 0.1332 0.1424 0.1516 0.1576 0.1322 0.1219 0.1125 0.1079 0.111 0.1207 0.1323 0.1413 0.1223 0.1075 0.0939 0.0852 0.0856 0.0957 0.111 0.1237 0.1129 0.0939 0.0753 0.0612 0.0578 0.0689 0.0895 0.108 0.1055 0.083 0.0596 0.0386 0.0287 0.0434 0.0712 0.0956 0.1012 0.0775 0.0522 0.0266 0.0 0.03 0.0633 0.0912 0.1003 0.0784 0.056 0.036 0.0266 0.0405 0.0682 0.0934 0.1022 0.0838 0.0664 0.0533 0.0497 0.06 0.0819 0.1028 0.0377
3.000 3.000 15 0.0689 0.1647 0.1564 0.1488 0.1446 0.1447 0.146 0.1443 0.1408 0.1562 0.1441 0.1327 0.1248 0.122 0.1227 0.1225 0.1218 0.148 0.1318 0.1159 0.1034 0.0964 0.0954 0.0978 0.1014 0.1406 0.1206 0.1002 0.0821 0.0691 0.065 0.0712 0.0816 0.1346 0.1118 0.0879 0.0645 0.0435 0.0326 0.0457 0.0652 0.1301 0.1064 0.0813 0.0561 0.03 0.0 0.0324 0.0588 0.1276 0.1053 0.0823 0.0601 0.0405 0.0309 0.0446 0.0645 0.1266 0.1072 0.088 0.0712 0.0601 0.0585 0.0676 0.0795 0.0582
3.000 5.000 25 0.0955 0.1921 0.1817 0.1715 0.163 0.1547 0.1438 0.1304 0.1179 0.1851 0.1715 0.1578 0.1458 0.1349 0.1227 0.1095 0.0989 0.1787 0.1615 0.1438 0.1273 0.1128 0.0981 0.0855 0.0779 0.1729 0.1523 0.1308 0.1101 0.0905 0.0714 0.0587 0.056 0.1678 0.1449 0.1206 0.0963 0.0716 0.0458 0.0298 0.0358 0.1632 0.1396 0.1147 0.0896 0.0633 0.0324 0.0 0.0253 0.1591 0.1367 0.1133 0.0904 0.0677 0.0444 0.0296 0.0354 0.1556 0.1357 0.1157 0.097 0.081 0.0669 0.0575 0.0547 0.0877
3.000 7.000 35 0.1188 0.2129 0.2002 0.1857 0.1714 0.1552 0.1346 0.1136 0.0968 0.2083 0.1928 0.1761 0.1592 0.1409 0.1184 0.0962 0.0799 0.2047 0.1862 0.1663 0.1464 0.1243 0.1 0.0766 0.0612 0.2008 0.1795 0.1566 0.1335 0.109 0.0813 0.0556 0.0412 0.1969 0.1736 0.1487 0.1234 0.0963 0.0653 0.0357 0.0206 0.1928 0.169 0.1439 0.1184 0.0912 0.0588 0.0253 0.0 0.1869 0.1642 0.1404 0.1166 0.0921 0.064 0.0354 0.02 0.1813 0.1608 0.1398 0.1195 0.0998 0.078 0.0545 0.039 0.1131
5.000 -7.000 35 0.1119 0.109 0.1218 0.1358 0.1509 0.1684 0.1901 0.2128 0.2322 0.0964 0.1079 0.1217 0.1374 0.1561 0.1793 0.2048 0.2259 0.0812 0.0914 0.1052 0.1221 0.1421 0.167 0.1944 0.2173 0.063 0.0722 0.087 0.1053 0.1272 0.1535 0.1832 0.2081 0.0424 0.0513 0.0683 0.0892 0.1126 0.1399 0.171 0.1976 0.0207 0.0316 0.0524 0.0758 0.1003 0.1276 0.1591 0.1869 0.0 0.0212 0.0444 0.068 0.0917 0.1175 0.148 0.1768 0.0182 0.0277 0.0457 0.066 0.0872 0.1104 0.1386 0.1663 0.1042
5.000 -5.000 25 0.0958 0.1214 0.1296 0.1377 0.1481 0.1624 0.1813 0.202 0.219 0.1074 0.1136 0.1209 0.1315 0.1468 0.1675 0.1904 0.2097 0.0909 0.0947 0.1014 0.1127 0.1291 0.1517 0.1773 0.1984 0.0719 0.0729 0.0793 0.0922 0.1105 0.1349 0.1633 0.187 0.0512 0.0486 0.0559 0.0718 0.0927 0.1188 0.1492 0.1751 0.0316 0.0236 0.0343 0.0549 0.0784 0.1053 0.1367 0.1642 0.0212 0.0 0.0229 0.0463 0.07 0.0958 0.1264 0.1551 0.0278 0.0206 0.0299 0.0478 0.0681 0.0911 0.1193 0.1467 0.0862
5.000 -3.000 25 0.0817 0.1341 0.1366 0.1401 0.1456 0.1567 0.1734 0.1911 0.2055 0.12 0.12 0.1219 0.1269 0.1383 0.1566 0.1768 0.1927 0.104 0.1007 0.1008 0.1055 0.1176 0.1374 0.1606 0.1792 0.0862 0.079 0.0769 0.0819 0.0954 0.117 0.1435 0.1654 0.0679 0.0558 0.051 0.0574 0.0736 0.0977 0.127 0.1518 0.0522 0.0343 0.0246 0.035 0.056 0.0823 0.1133 0.1404 0.0444 0.0229 0.0 0.0233 0.047 0.073 0.1039 0.1324 0.0458 0.0299 0.0214 0.0305 0.0486 0.0711 0.0992 0.1263 0.0702
5.000 -1.000 25 0.0741 0.1474 0.1455 0.1442 0.1468 0.1549 0.1692 0.1837 0.1933 0.1344 0.1294 0.1258 0.1269 0.1344 0.1496 0.1664 0.1781 0.1199 0.1113 0.1048 0.1041 0.1109 0.1271 0.1468 0.1616 0.1039 0.0915 0.0816 0.0788 0.0854 0.1029 0.1257 0.145 0.0886 0.0716 0.0573 0.0518 0.0593 0.0792 0.1062 0.1291 0.0755 0.0548 0.035 0.0249 0.036 0.0601 0.0904 0.1166 0.068 0.0463 0.0233 0.0 0.0238 0.0502 0.0814 0.1096 0.0662 0.0478 0.0305 0.0217 0.0311 0.0519 0.0796 0.1059 0.0606
5.000 1.000 25 0.0767 0.1626 0.158 0.1539 0.1541 0.1611 0.1715 0.1801 0.1834 0.1508 0.143 0.1359 0.1334 0.1387 0.1494 0.1598 0.1653 0.1382 0.1265 0.1158 0.1102 0.1131 0.1237 0.1367 0.1457 0.1249 0.1089 0.0944 0.0849 0.085 0.0955 0.112 0.1249 0.1115 0.0921 0.0733 0.0591 0.0555 0.0666 0.0879 0.1068 0.0999 0.0782 0.0559 0.0359 0.0266 0.0405 0.0677 0.0921 0.0917 0.07 0.047 0.0238 0.0 0.0269 0.0581 0.0856 0.0874 0.0682 0.0486 0.0312 0.0229 0.0352 0.0605 0.085 0.0626
5.000 3.000 25 0.0916 0.184 0.1776 0.1726 0.1713 0.1747 0.1784 0.1757 0.1687 0.173 0.1634 0.1548 0.1503 0.1514 0.1548 0.1535 0.1486 0.1616 0.1482 0.1356 0.1271 0.1248 0.1273 0.1281 0.1265 0.1498 0.1325 0.1157 0.1027 0.096 0.0966 0.1001 0.1036 0.1379 0.1175 0.097 0.079 0.0667 0.0638 0.0711 0.0819 0.1268 0.1048 0.082 0.06 0.0405 0.0309 0.0444 0.064 0.1175 0.0958 0.073 0.0502 0.0269 0.0 0.0305 0.0565 0.111 0.0915 0.0714 0.0521 0.0352 0.0274 0.0406 0.0602 0.0784
5.000 5.000 25 0.1151 0.2113 0.2037 0.1961 0.191 0.186 0.1764 0.1609 0.1439 0.2016 0.1903 0.1797 0.1716 0.1648 0.1548 0.1399 0.1243 0.1912 0.1766 0.1621 0.1503 0.1405 0.1295 0.1157 0.1026 0.1807 0.1626 0.1443 0.1279 0.1145 0.1012 0.0887 0.0796 0.1696 0.1488 0.1274 0.1073 0.0891 0.0717 0.0596 0.0564 0.1585 0.1365 0.1134 0.0907 0.0682 0.0446 0.0296 0.0354 0.148 0.1264 0.1039 0.0814 0.0581 0.0305 0.0 0.0246 0.1394 0.1198 0.0995 0.0796 0.0602 0.0405 0.0277 0.0336 0.1034
5.000 7.000 35 0.1341 0.2324 0.2218 0.2103 0.1977 0.1833 0.1621 0.138 0.1173 0.2252 0.2119 0.1969 0.183 0.1672 0.1453 0.1206 0.1004 0.2169 0.2004 0.1831 0.1664 0.1487 0.1256 0.1007 0.0815 0.2087 0.1893 0.169 0.1493 0.1281 0.104 0.0789 0.0614 0.1987 0.1772 0.1545 0.1322 0.1091 0.0825 0.0563 0.0407 0.1878 0.1654 0.1418 0.1181 0.0934 0.0645 0.0354 0.02 0.1768 0.1551 0.1324 0.1096 0.0856 0.0565 0.0246 0.0 0.1657 0.1459 0.1252 0.1046 0.0837 0.0595 0.0335 0.0188 0.1249
7.000 -7.000 35 0.1244 0.1286 0.1429 0.1573 0.1719 0.1885 0.2093 0.2307 0.2488 0.1158 0.1287 0.1424 0.1572 0.1743 0.1964 0.2197 0.2386 0.1004 0.1116 0.1249 0.1399 0.1577 0.1805 0.2062 0.2267 0.082 0.0917 0.1048 0.1207 0.1393 0.163 0.1902 0.2123 0.061 0.0696 0.0833 0.1002 0.1203 0.1445 0.1731 0.1973 0.0391 0.0471 0.0624 0.0813 0.1022 0.1266 0.1556 0.1813 0.0182 0.0278 0.0458 0.0662 0.0874 0.111 0.1394 0.1657 0.0 0.0179 0.0374 0.0573 0.0772 0.0987 0.125 0.1514 0.1148
7.000 -5.000 35 0.1119 0.1419 0.1518 0.1603 0.1703 0.1838 0.2018 0.2213 0.2362 0.1276 0.1356 0.1431 0.1529 0.1669 0.1861 0.2076 0.224 0.1107 0.1165 0.123 0.1329 0.1473 0.1677 0.191 0.2097 0.091 0.0943 0.1002 0.1106 0.1259 0.1474 0.1729 0.1934 0.0692 0.0697 0.0755 0.0873 0.1039 0.1265 0.154 0.1772 0.047 0.0444 0.0509 0.0652 0.0838 0.1072 0.1357 0.1608 0.0277 0.0206 0.0299 0.0478 0.0682 0.0915 0.1198 0.1459 0.0179 0.0 0.0193 0.039 0.0589 0.0804 0.1068 0.1332 0.1005
7.000 -3.000 35 0.1013 0.1544 0.1586 0.163 0.1685 0.1792 0.1955 0.212 0.2243 0.1397 0.1417 0.1446 0.1494 0.1601 0.1773 0.1958 0.2097 0.1227 0.1221 0.1233 0.1274 0.1381 0.1562 0.177 0.1923 0.1034 0.0997 0.0991 0.1031 0.1141 0.133 0.1565 0.1746 0.0825 0.0753 0.0729 0.0772 0.0894 0.1095 0.1354 0.1569 0.0621 0.0509 0.0462 0.0519 0.0664 0.088 0.1157 0.1398 0.0457 0.0299 0.0214 0.0305 0.0486 0.0714 0.0995 0.1252 0.0374 0.0193 0.0 0.0196 0.0395 0.0612 0.0879 0.1142 0.0887
7.000 -1.000 35 0.0962 0.1668 0.1667 0.1666 0.1699 0.1783 0.1928 0.2067 0.2139 0.1527 0.15 0.1479 0.1498 0.1574 0.1725 0.188 0.1968 0.1367 0.131 0.1265 0.1267 0.1334 0.1488 0.1665 0.1777 0.1187 0.1096 0.1026 0.1011 0.1071 0.1228 0.1431 0.1577 0.0991 0.0869 0.0771 0.0739 0.0797 0.0961 0.1189 0.138 0.0808 0.0651 0.0519 0.0468 0.0533 0.0712 0.097 0.1195 0.066 0.0478 0.0305 0.0217 0.0312 0.0521 0.0796 0.1046 0.0573 0.039 0.0196 0.0 0.02 0.0421 0.069 0.0952 0.0823
7.000 1.000 35 0.0992 0.1804 0.1778 0.1752 0.1767 0.1855 0.1972 0.2055 0.2064 0.1672 0.1618 0.1566 0.1558 0.1629 0.1747 0.1844 0.1869 0.1525 0.1438 0.1356 0.1321 0.137 0.1486 0.1603 0.1654 0.1361 0.1239 0.1127 0.1063 0.1086 0.1197 0.1339 0.1428 0.1187 0.103 0.0888 0.0793 0.0789 0.0894 0.1067 0.1197 0.1015 0.0836 0.0662 0.0532 0.0497 0.0601 0.081 0.0998 0.0872 0.0681 0.0486 0.0311 0.0229 0.0352 0.0602 0.0837 0.0772 0.0589 0.0395 0.02 0.0 0.0226 0.0498 0.0754 0.0848
7.000 3.000 35 0.113 0.2003 0.1959 0.1932 0.1946 0.2012 0.2075 0.2042 0.1941 0.1877 0.1802 0.1742 0.1727 0.1773 0.1836 0.1817 0.1731 0.1733 0.1628 0.1533 0.1483 0.1501 0.1558 0.1559 0.1499 0.1581 0.1441 0.1309 0.1221 0.1204 0.1248 0.1273 0.1254 0.1416 0.1246 0.1082 0.0955 0.0896 0.0917 0.097 0.1008 0.1251 0.1063 0.0873 0.0709 0.06 0.0585 0.0669 0.078 0.1104 0.0911 0.0711 0.0519 0.0352 0.0274 0.0405 0.0595 0.0987 0.0804 0.0612 0.0421 0.0226 0.0 0.0268 0.0511 0.0987
7.000 5.000 35 0.1349 0.2273 0.2223 0.2178 0.2164 0.2151 0.2072 0.1899 0.1685 0.2151 0.2069 0.1992 0.1952 0.1926 0.1851 0.1687 0.1485 0.2018 0.1899 0.1789 0.1714 0.1667 0.1591 0.1443 0.1263 0.1869 0.172 0.1574 0.1461 0.1383 0.1299 0.1171 0.1026 0.171 0.1533 0.1356 0.1205 0.1091 0.0987 0.0878 0.0783 0.1543 0.1351 0.1155 0.0975 0.0819 0.0676 0.0575 0.0545 0.1386 0.1193 0.0992 0.0796 0.0605 0.0406 0.0277 0.0335 0.125 0.1068 0.0879 0.069 0.0498 0.0268 0.0 0.0227 0.1211
7.000 7.000 35 0.1512 0.25 0.2413 0.2327 0.2231 0.2108 0.1892 0.1618 0.1368 0.2391 0.2284 0.2173 0.2061 0.1933 0.1719 0.1443 0.1197 0.2277 0.214 0.1993 0.1864 0.1725 0.1512 0.1242 0.1007 0.2142 0.1977 0.1807 0.1651 0.1494 0.1279 0.102 0.0806 0.1995 0.1808 0.1615 0.1434 0.1248 0.1032 0.0784 0.0598 0.1829 0.1631 0.1426 0.1227 0.1028 0.0795 0.0547 0.039 0.1663 0.1467 0.1263 0.1059 0.085 0.0602 0.0336 0.0188 0.1514 0.1332 0.1142 0.0952 0.0754 0.0511 0.0227 0.0 0.1401
0.500 0.000 0 0.0136 0.1062 0.0981 0.0912 0.089 0.0939 0.1054 0.1196 0.1319 0.098 0.0857 0.0747 0.0692 0.073 0.0865 0.1048 0.1211 0.0912 0.074 0.0576 0.047 0.0495 0.0665 0.0902 0.1118 0.0875 0.0661 0.0434 0.024 0.0251 0.0498 0.0802 0.1057 0.0886 0.0653 0.0402 0.0151 0.0157 0.0457 0.0787 0.1059 0.0948 0.0731 0.0517 0.0363 0.0377 0.0582 0.0877 0.1131 0.1042 0.0862 0.0702 0.0606 0.0626 0.0784 0.1034 0.1249 0.1148 0.1005 0.0887 0.0823 0.0848 0.0987 0.1211 0.1401 0.0