n 64
m 2
tmax 15.0
Vcpm 1.2
R 0.8
dmax 21.0
0.000 -7.000 0 0.0 0.0071 0.0072 0.0166 0.0113 0.0165 0.0303 0.0208 0.0203 0.028 0.0491 0.0354 0.0295 0.0326 0.0417 0.0723 0.0551 0.0446 0.0424 0.0477 0.0576 0.0964 0.0793 0.0653 0.0579 0.0589 0.0655 0.0749 0.119 0.1045 0.0899 0.0793 0.0754 0.0781 0.0853 0.0931 0.1285 0.1158 0.1043 0.0971 0.0961 0.1 0.1062 0.1404 0.1308 0.1224 0.1184 0.1191 0.1231 0.156 0.1487 0.1436 0.1419 0.1437 0.1742 0.1694 0.1667 0.1669 0.1934 0.1917 0.1907 0.2139 0.2138 0.2343
-1.000 -6.000 6 0.0071 0.0 0.0113 0.0098 0.0092 0.0202 0.0238 0.0153 0.0206 0.0323 0.043 0.0291 0.0269 0.0346 0.0471 0.0663 0.0489 0.0402 0.0422 0.0515 0.0643 0.0902 0.0728 0.06 0.0561 0.0608 0.0711 0.0832 0.1117 0.0977 0.0838 0.0758 0.0758 0.0824 0.0927 0.1033 0.1206 0.1093 0.0997 0.0959 0.0986 0.1062 0.1157 0.1332 0.1247 0.1196 0.1191 0.1239 0.1317 0.1494 0.1443 0.1425 0.1449 0.1506 0.1679 0.1668 0.1674 0.1719 0.1891 0.1901 0.1938 0.2112 0.2139 0.2319
1.000 -6.000 6 0.0072 0.0113 0.0 0.0207 0.009 0.0093 0.0352 0.0207 0.0144 0.0208 0.0549 0.0369 0.0259 0.0256 0.0346 0.0792 0.058 0.0429 0.0366 0.0404 0.0505 0.1044 0.0834 0.0649 0.0538 0.0519 0.0579 0.0677 0.128 0.1098 0.0912 0.0765 0.0693 0.0706 0.0774 0.0857 0.1352 0.1185 0.103 0.0923 0.0888 0.0917 0.098 0.1453 0.131 0.1189 0.1119 0.111 0.1145 0.1579 0.147 0.1382 0.1342 0.1348 0.1738 0.1652 0.16 0.1581 0.1915 0.1857 0.1829 0.2092 0.2072 0.2279
-2.000 -5.000 12 0.0166 0.0098 0.0207 0.0 0.0153 0.0293 0.0143 0.0129 0.0268 0.0419 0.0335 0.0218 0.0283 0.0421 0.0578 0.0564 0.04 0.0371 0.0464 0.0606 0.0764 0.0805 0.063 0.0539 0.0566 0.0674 0.082 0.0971 0.1016 0.0876 0.0758 0.073 0.0793 0.0914 0.1057 0.1189 0.1099 0.0994 0.0942 0.096 0.1049 0.1175 0.1309 0.1228 0.117 0.1165 0.1223 0.1326 0.1452 0.1393 0.1388 0.142 0.1505 0.1619 0.1601 0.1629 0.1699 0.1797 0.1833 0.1885 0.198 0.2062 0.2152 0.2288
0.000 -5.000 6 0.0113 0.0092 0.009 0.0153 0.0 0.0144 0.0291 0.012 0.0115 0.0255 0.0489 0.0284 0.0187 0.0256 0.04 0.0729 0.0499 0.0346 0.0327 0.0426 0.0571 0.0978 0.0753 0.0565 0.0476 0.0509 0.0621 0.0759 0.1202 0.1016 0.0825 0.0691 0.0659 0.0722 0.0837 0.0957 0.126 0.1096 0.0947 0.087 0.088 0.0959 0.1065 0.1353 0.1222 0.1121 0.1089 0.1128 0.121 0.1485 0.1386 0.1335 0.1335 0.1391 0.165 0.1588 0.157 0.1601 0.1828 0.1812 0.1818 0.2029 0.2036 0.2233
2.000 -5.000 12 0.0165 0.0202 0.0093 0.0293 0.0144 0.0 0.0443 0.0259 0.0114 0.0115 0.0652 0.0428 0.0258 0.0179 0.0253 0.0901 0.0649 0.0446 0.0319 0.0313 0.0411 0.1161 0.0914 0.0682 0.0515 0.0443 0.0482 0.0584 0.1397 0.1188 0.0959 0.076 0.0639 0.0615 0.0673 0.0762 0.1454 0.1246 0.1044 0.0887 0.0809 0.0817 0.0877 0.1528 0.134 0.1172 0.1056 0.1016 0.1037 0.1632 0.1468 0.1335 0.126 0.1242 0.1753 0.1627 0.1529 0.1483 0.1901 0.18 0.1744 0.2061 0.1993 0.2214
-3.000 -4.000 18 0.0303 0.0238 0.0352 0.0143 0.0291 0.0443 0.0 0.0218 0.0402 0.0575 0.0192 0.0179 0.0371 0.0561 0.0746 0.0418 0.0287 0.0382 0.0567 0.0759 0.0948 0.0647 0.0492 0.0478 0.0611 0.0796 0.0989 0.1172 0.086 0.0719 0.0653 0.0713 0.0867 0.1055 0.1244 0.141 0.0938 0.0861 0.0871 0.098 0.1148 0.1336 0.1514 0.1068 0.1063 0.1129 0.127 0.1448 0.1633 0.1257 0.1304 0.1417 0.1578 0.1762 0.1487 0.1574 0.1718 0.1896 0.1733 0.1861 0.2022 0.1985 0.2141 0.2241
-1.000 -4.000 12 0.0208 0.0153 0.0207 0.0129 0.012 0.0259 0.0218 0.0 0.0187 0.0364 0.04 0.0166 0.0154 0.0327 0.0513 0.0631 0.0381 0.0252 0.0336 0.0508 0.0693 0.0876 0.0632 0.0453 0.0429 0.0547 0.072 0.0897 0.1095 0.0895 0.0702 0.0609 0.0651 0.0786 0.0955 0.1113 0.1136 0.0971 0.0844 0.0822 0.0904 0.1047 0.1204 0.1223 0.11 0.1044 0.1073 0.118 0.1322 0.1357 0.1286 0.1282 0.1351 0.1469 0.1525 0.1512 0.1545 0.164 0.1729 0.1751 0.1825 0.195 0.1997 0.216
1.000 -4.000 12 0.0203 0.0206 0.0144 0.0268 0.0115 0.0114 0.0402 0.0187 0.0 0.0179 0.0601 0.0346 0.0146 0.0142 0.0312 0.0843 0.0566 0.0337 0.0227 0.0311 0.0478 0.1097 0.0828 0.0576 0.0408 0.0392 0.0506 0.0665 0.1327 0.1099 0.0852 0.065 0.0557 0.0598 0.0723 0.0862 0.1353 0.1138 0.0931 0.079 0.076 0.0832 0.095 0.1411 0.1224 0.1063 0.0984 0.0996 0.108 0.1506 0.1355 0.1245 0.1213 0.1254 0.1634 0.1518 0.1463 0.1463 0.1789 0.1715 0.1695 0.195 0.1929 0.2131
3.000 -4.000 18 0.028 0.0323 0.0208 0.0419 0.0255 0.0115 0.0575 0.0364 0.0179 0.0 0.0793 0.0536 0.0318 0.014 0.0138 0.1051 0.0767 0.0514 0.0313 0.0215 0.0295 0.1317 0.1037 0.0761 0.0531 0.038 0.0367 0.0465 0.156 0.1319 0.1048 0.0794 0.0604 0.0517 0.055 0.0644 0.1585 0.1346 0.1093 0.0874 0.0735 0.07 0.0749 0.1639 0.1403 0.1179 0.1004 0.0913 0.0907 0.1708 0.1492 0.1305 0.1175 0.112 0.1801 0.1612 0.1462 0.1375 0.1902 0.1758 0.1647 0.2027 0.1913 0.2163
-4.000 -3.000 24 0.0491 0.043 0.0549 0.0335 0.0489 0.0652 0.0192 0.04 0.0601 0.0793 0.0 0.0287 0.054 0.0763 0.0973 0.0222 0.0222 0.0479 0.0734 0.0969 0.1188 0.0446 0.0329 0.0465 0.0715 0.097 0.121 0.1427 0.0647 0.0525 0.0545 0.0732 0.0983 0.1239 0.1478 0.1681 0.0724 0.0698 0.0806 0.1022 0.1279 0.1533 0.1762 0.0875 0.0931 0.1097 0.1334 0.1593 0.1841 0.1085 0.1205 0.1409 0.1659 0.1919 0.1334 0.1503 0.173 0.1991 0.1604 0.1807 0.2055 0.1883 0.2104 0.2146
-2.000 -3.000 18 0.0354 0.0291 0.0369 0.0218 0.0284 0.0428 0.0179 0.0166 0.0346 0.0536 0.0287 0.0 0.0252 0.0477 0.0689 0.0492 0.0214 0.0203 0.043 0.066 0.088 0.0718 0.0462 0.0319 0.0432 0.0653 0.0882 0.1096 0.0934 0.0715 0.0542 0.0531 0.0689 0.0908 0.1132 0.1329 0.0957 0.0791 0.0718 0.079 0.097 0.1187 0.1397 0.1039 0.0945 0.0954 0.1078 0.127 0.148 0.1176 0.1159 0.1228 0.1384 0.1581 0.137 0.1408 0.1525 0.1697 0.1597 0.1675 0.1825 0.183 0.1955 0.2063
0.000 -3.000 12 0.0295 0.0269 0.0259 0.0283 0.0187 0.0258 0.0371 0.0154 0.0146 0.0318 0.054 0.0252 0.0 0.0227 0.0441 0.0761 0.0454 0.0192 0.0182 0.0391 0.0608 0.0995 0.0704 0.0431 0.0291 0.0394 0.0597 0.0803 0.122 0.0972 0.0704 0.0511 0.0492 0.0632 0.0829 0.1016 0.122 0.0991 0.0781 0.0684 0.0737 0.0894 0.1076 0.126 0.1071 0.0933 0.0914 0.101 0.1167 0.1347 0.1205 0.1145 0.1178 0.1297 0.1479 0.1394 0.1387 0.1464 0.1638 0.1616 0.1648 0.1828 0.1844 0.203
2.000 -3.000 18 0.0326 0.0346 0.0256 0.0421 0.0256 0.0179 0.0561 0.0327 0.0142 0.014 0.0763 0.0477 0.0227 0.0 0.0215 0.1007 0.0695 0.0409 0.0175 0.0169 0.0365 0.1256 0.0955 0.0652 0.0394 0.0268 0.0364 0.0545 0.1493 0.1231 0.0935 0.0659 0.0473 0.0454 0.0578 0.0741 0.149 0.1229 0.0958 0.0737 0.0635 0.0678 0.0806 0.1511 0.1267 0.1038 0.0884 0.0851 0.0922 0.1563 0.1348 0.117 0.1085 0.1094 0.1646 0.1474 0.1352 0.1314 0.1757 0.1625 0.1564 0.1893 0.1809 0.203
4.000 -3.000 24 0.0417 0.0471 0.0346 0.0578 0.04 0.0253 0.0746 0.0513 0.0312 0.0138 0.0973 0.0689 0.0441 0.0215 0.0 0.1239 0.0926 0.0636 0.038 0.0164 0.0156 0.1507 0.1202 0.0889 0.0603 0.0366 0.0246 0.0326 0.1759 0.149 0.1181 0.0875 0.0612 0.0435 0.0409 0.0502 0.1761 0.1485 0.1183 0.0901 0.0683 0.0578 0.0598 0.1777 0.1502 0.122 0.0976 0.0814 0.0763 0.1816 0.1546 0.1296 0.1099 0.099 0.1865 0.1618 0.1411 0.1262 0.1932 0.172 0.1553 0.2004 0.1846 0.2101
-5.000 -2.000 30 0.0723 0.0663 0.0792 0.0564 0.0729 0.0901 0.0418 0.0631 0.0843 0.1051 0.0222 0.0492 0.0761 0.1007 0.1239 0.0 0.0329 0.0654 0.0948 0.1215 0.1462 0.022 0.0236 0.0544 0.0873 0.1179 0.1459 0.1708 0.0417 0.0329 0.0496 0.0805 0.1135 0.1448 0.1731 0.1969 0.0498 0.0548 0.0779 0.1097 0.143 0.1744 0.2021 0.0671 0.0816 0.1085 0.1412 0.1745 0.2054 0.0906 0.1114 0.1408 0.174 0.2071 0.1177 0.1427 0.1737 0.2074 0.1468 0.1741 0.2065 0.1754 0.2051 0.2024
-3.000 -2.000 24 0.0551 0.0489 0.058 0.04 0.0499 0.0649 0.0287 0.0381 0.0566 0.0767 0.0222 0.0214 0.0454 0.0695 0.0926 0.0329 0.0 0.0319 0.0611 0.0877 0.1123 0.0525 0.0244 0.0244 0.0532 0.0827 0.1102 0.1349 0.072 0.0493 0.0361 0.0511 0.0792 0.1085 0.1358 0.1591 0.0724 0.0578 0.0595 0.0801 0.1083 0.1372 0.1634 0.0806 0.0765 0.0877 0.1113 0.1395 0.1674 0.0965 0.1013 0.1185 0.1437 0.1717 0.1183 0.1295 0.1504 0.1766 0.143 0.1594 0.1823 0.1688 0.1886 0.1949
-1.000 -2.000 18 0.0446 0.0402 0.0429 0.0371 0.0346 0.0446 0.0382 0.0252 0.0337 0.0514 0.0479 0.0203 0.0192 0.0409 0.0636 0.0654 0.0319 0.0 0.0291 0.0558 0.0805 0.0859 0.0542 0.0238 0.0229 0.0492 0.0762 0.1006 0.1058 0.079 0.0508 0.0354 0.0486 0.0739 0.0999 0.1227 0.1036 0.0786 0.0594 0.0587 0.0766 0.1014 0.1259 0.1056 0.0866 0.0784 0.0865 0.1066 0.1305 0.1139 0.1026 0.1033 0.1168 0.1376 0.1274 0.1245 0.1313 0.1479 0.1461 0.149 0.161 0.1675 0.1747 0.1888
1.000 -2.000 18 0.0424 0.0422 0.0366 0.0464 0.0327 0.0319 0.0567 0.0336 0.0227 0.0313 0.0734 0.043 0.0182 0.0175 0.038 0.0948 0.0611 0.0291 0.0 0.0268 0.0515 0.1174 0.0849 0.0512 0.022 0.0211 0.0453 0.0693 0.1384 0.1104 0.0783 0.0485 0.0331 0.0449 0.0677 0.0894 0.1357 0.1073 0.078 0.0571 0.0552 0.0709 0.092 0.135 0.1088 0.0859 0.0755 0.0814 0.0983 0.1382 0.1166 0.1015 0.0995 0.1098 0.1458 0.1296 0.1229 0.1263 0.1576 0.1477 0.1468 0.1715 0.1688 0.1884
3.000 -2.000 24 0.0477 0.0515 0.0404 0.0606 0.0426 0.0313 0.0759 0.0508 0.0311 0.0215 0.0969 0.066 0.0391 0.0169 0.0164 0.1215 0.0877 0.0558 0.0268 0.0 0.0246 0.1465 0.1136 0.0794 0.0473 0.0203 0.0194 0.0408 0.1692 0.1406 0.1073 0.0739 0.045 0.0304 0.0407 0.0594 0.167 0.137 0.1043 0.0739 0.053 0.0505 0.0631 0.1654 0.1357 0.1058 0.0814 0.07 0.0738 0.166 0.1382 0.1131 0.0961 0.0919 0.1691 0.145 0.1255 0.1159 0.175 0.156 0.1427 0.1837 0.1694 0.1948
5.000 -2.000 30 0.0576 0.0643 0.0505 0.0764 0.0571 0.0411 0.0948 0.0693 0.0478 0.0295 0.1188 0.088 0.0608 0.0365 0.0156 0.1462 0.1123 0.0805 0.0515 0.0246 0.0 0.1734 0.1404 0.106 0.0732 0.0434 0.0183 0.0169 0.1981 0.1691 0.1352 0.1006 0.0682 0.0408 0.0268 0.0344 0.1968 0.166 0.1316 0.0977 0.0678 0.0475 0.0435 0.1953 0.1637 0.1302 0.0988 0.0741 0.0616 0.1946 0.1632 0.132 0.105 0.0866 0.1956 0.1652 0.1378 0.116 0.1972 0.1701 0.1476 0.2007 0.1779 0.2048
-6.000 -1.000 36 0.0964 0.0902 0.1044 0.0805 0.0978 0.1161 0.0647 0.0876 0.1097 0.1317 0.0446 0.0718 0.0995 0.1256 0.1507 0.022 0.0525 0.0859 0.1174 0.1465 0.1734 0.0 0.0329 0.0696 0.106 0.1399 0.171 0.1987 0.0195 0.0223 0.0547 0.0926 0.1304 0.1658 0.1977 0.2248 0.0298 0.0475 0.0813 0.1199 0.1585 0.1944 0.2261 0.0507 0.0754 0.111 0.1503 0.1893 0.2251 0.0764 0.1056 0.1425 0.1821 0.2208 0.105 0.1369 0.1746 0.2142 0.1344 0.1681 0.2067 0.1631 0.1984 0.1906
-4.000 -1.000 30 0.0793 0.0728 0.0834 0.063 0.0753 0.0914 0.0492 0.0632 0.0828 0.1037 0.0329 0.0462 0.0704 0.0955 0.1202 0.0236 0.0244 0.0542 0.0849 0.1136 0.1404 0.0329 0.0 0.0361 0.0719 0.1054 0.1361 0.1635 0.0497 0.0245 0.026 0.0595 0.0958 0.1302 0.1615 0.1882 0.0473 0.0365 0.0543 0.0878 0.1239 0.1583 0.1889 0.0561 0.0605 0.0849 0.1188 0.1546 0.1885 0.0749 0.0891 0.1171 0.1513 0.1865 0.0994 0.12 0.1499 0.1842 0.1266 0.1511 0.1823 0.1547 0.1813 0.1812
-2.000 -1.000 24 0.0653 0.06 0.0649 0.0539 0.0565 0.0682 0.0478 0.0453 0.0576 0.0761 0.0465 0.0319 0.0431 0.0652 0.0889 0.0544 0.0244 0.0238 0.0512 0.0794 0.106 0.0696 0.0361 0.0 0.0354 0.0686 0.0992 0.1265 0.0866 0.0577 0.0267 0.0267 0.0588 0.0921 0.1228 0.1491 0.0803 0.0541 0.0393 0.0558 0.0869 0.1193 0.1488 0.0802 0.0631 0.0646 0.0868 0.1175 0.1487 0.0884 0.0828 0.0942 0.1192 0.1493 0.1045 0.1083 0.1258 0.152 0.1259 0.1362 0.1574 0.1493 0.1651 0.1729
0.000 -1.000 18 0.0579 0.0561 0.0538 0.0566 0.0476 0.0515 0.0611 0.0429 0.0408 0.0531 0.0715 0.0432 0.0291 0.0394 0.0603 0.0873 0.0532 0.0229 0.022 0.0473 0.0732 0.106 0.0719 0.0354 0.0 0.0331 0.0636 0.0908 0.1243 0.0944 0.0595 0.0263 0.0256 0.0553 0.0852 0.1111 0.1171 0.0866 0.0556 0.0389 0.0536 0.0817 0.1096 0.1139 0.0856 0.0646 0.0639 0.0834 0.1102 0.115 0.0934 0.0843 0.0929 0.1144 0.1223 0.1093 0.1096 0.1238 0.1346 0.1306 0.1373 0.1516 0.154 0.1711
2.000 -1.000 24 0.0589 0.0608 0.0519 0.0674 0.0509 0.0443 0.0796 0.0547 0.0392 0.038 0.097 0.0653 0.0394 0.0268 0.0366 0.1179 0.0827 0.0492 0.0211 0.0203 0.0434 0.1399 0.1054 0.0686 0.0331 0.0 0.0304 0.0575 0.1602 0.1298 0.094 0.0571 0.0247 0.0237 0.0504 0.0756 0.1535 0.1215 0.0862 0.0535 0.0367 0.0496 0.0737 0.1492 0.1171 0.085 0.0622 0.0601 0.0767 0.1468 0.1174 0.0924 0.0811 0.0872 0.148 0.124 0.1077 0.1053 0.1535 0.1357 0.1284 0.1632 0.1524 0.1747
4.000 -1.000 30 0.0655 0.0711 0.0579 0.082 0.0621 0.0482 0.0989 0.072 0.0506 0.0367 0.121 0.0882 0.0597 0.0364 0.0246 0.1459 0.1102 0.0762 0.0453 0.0194 0.0183 0.171 0.1361 0.0992 0.0636 0.0304 0.0 0.0268 0.1934 0.1627 0.1265 0.0889 0.0531 0.0226 0.0212 0.0434 0.1879 0.1551 0.1184 0.0816 0.0496 0.0332 0.0435 0.1836 0.1496 0.1137 0.0804 0.0574 0.0539 0.1796 0.1463 0.1136 0.0871 0.0743 0.1773 0.1466 0.1196 0.1011 0.1774 0.1514 0.1306 0.1805 0.1604 0.1865
6.000 -1.000 36 0.0749 0.0832 0.0677 0.0971 0.0759 0.0584 0.1172 0.0897 0.0665 0.0465 0.1427 0.1096 0.0803 0.0545 0.0326 0.1708 0.1349 0.1006 0.0693 0.0408 0.0169 0.1987 0.1635 0.1265 0.0908 0.0575 0.0268 0.0 0.2233 0.1923 0.1558 0.1178 0.0812 0.0474 0.0195 0.0174 0.2191 0.1859 0.1484 0.1101 0.074 0.0436 0.028 0.2154 0.1803 0.1424 0.1051 0.0722 0.0496 0.2107 0.1751 0.1385 0.1044 0.0774 0.2062 0.1717 0.1381 0.1091 0.2036 0.171 0.1419 0.2018 0.1733 0.2022
-7.000 0.000 42 0.119 0.1117 0.128 0.1016 0.1202 0.1397 0.086 0.1095 0.1327 0.156 0.0647 0.0934 0.122 0.1493 0.1759 0.0417 0.072 0.1058 0.1384 0.1692 0.1981 0.0195 0.0497 0.0866 0.1243 0.1602 0.1934 0.2233 0.0 0.0298 0.0667 0.1072 0.1476 0.1857 0.2203 0.25 0.0197 0.0505 0.0898 0.1321 0.1739 0.213 0.2478 0.0428 0.0761 0.1169 0.1601 0.2026 0.2419 0.0689 0.1048 0.1466 0.1904 0.233 0.0971 0.1346 0.1768 0.2205 0.1258 0.1641 0.2065 0.1534 0.1928 0.1795
-5.000 0.000 36 0.1045 0.0977 0.1098 0.0876 0.1016 0.1188 0.0719 0.0895 0.1099 0.1319 0.0525 0.0715 0.0972 0.1231 0.149 0.0329 0.0493 0.079 0.1104 0.1406 0.1691 0.0223 0.0245 0.0577 0.0944 0.1298 0.1627 0.1923 0.0298 0.0 0.0365 0.0764 0.1162 0.1537 0.1879 0.2172 0.0226 0.0252 0.0604 0.1013 0.1421 0.1804 0.2145 0.0342 0.053 0.0891 0.13 0.171 0.2091 0.0573 0.0831 0.1202 0.1611 0.2017 0.0847 0.1144 0.152 0.1925 0.1137 0.1454 0.1832 0.142 0.175 0.1685
-3.000 0.000 30 0.0899 0.0838 0.0912 0.0758 0.0825 0.0959 0.0653 0.0702 0.0852 0.1048 0.0545 0.0542 0.0704 0.0935 0.1181 0.0496 0.0361 0.0508 0.0783 0.1073 0.1352 0.0547 0.026 0.0267 0.0595 0.094 0.1265 0.1558 0.0667 0.0365 0.0 0.0393 0.0786 0.1158 0.1496 0.1786 0.056 0.0271 0.0283 0.0647 0.104 0.1415 0.1749 0.0529 0.04 0.0588 0.0945 0.1331 0.1697 0.062 0.0656 0.0909 0.1265 0.1641 0.0814 0.0951 0.1237 0.1589 0.1057 0.1259 0.1559 0.1317 0.1557 0.1579
-1.000 0.000 24 0.0793 0.0758 0.0765 0.073 0.0691 0.076 0.0713 0.0609 0.065 0.0794 0.0732 0.0531 0.0511 0.0659 0.0875 0.0805 0.0511 0.0354 0.0485 0.0739 0.1006 0.0926 0.0595 0.0267 0.0263 0.0571 0.0889 0.1178 0.1072 0.0764 0.0393 0.0 0.0389 0.0758 0.1093 0.1381 0.0961 0.0631 0.029 0.029 0.064 0.1003 0.1331 0.0884 0.0587 0.0424 0.06 0.0933 0.1279 0.0872 0.0677 0.0689 0.0922 0.1246 0.0946 0.0877 0.099 0.125 0.1097 0.1127 0.1304 0.1298 0.1394 0.1511
1.000 0.000 24 0.0754 0.0758 0.0693 0.0793 0.0659 0.0639 0.0867 0.0651 0.0557 0.0604 0.0983 0.0689 0.0492 0.0473 0.0612 0.1135 0.0792 0.0486 0.0331 0.045 0.0682 0.1304 0.0958 0.0588 0.0256 0.0247 0.0531 0.0812 0.1476 0.1162 0.0786 0.0389 0.0 0.0367 0.0701 0.0986 0.137 0.103 0.0647 0.0286 0.0279 0.0602 0.092 0.1281 0.0937 0.0598 0.0419 0.0576 0.0874 0.1228 0.0915 0.0687 0.0678 0.0883 0.1221 0.0983 0.0885 0.0972 0.1276 0.1133 0.1133 0.1379 0.1334 0.1529
3.000 0.000 30 0.0781 0.0824 0.0706 0.0914 0.0722 0.0615 0.1055 0.0786 0.0598 0.0517 0.1239 0.0908 0.0632 0.0454 0.0435 0.1448 0.1085 0.0739 0.0449 0.0304 0.0408 0.1658 0.1302 0.0921 0.0553 0.0237 0.0226 0.0474 0.1857 0.1537 0.1158 0.0758 0.0367 0.0 0.0332 0.0614 0.1763 0.1416 0.1024 0.0623 0.027 0.0257 0.0538 0.1674 0.1313 0.0928 0.0576 0.0393 0.0527 0.1603 0.1248 0.0902 0.0659 0.0634 0.1551 0.1233 0.0967 0.0847 0.1537 0.1282 0.1111 0.1568 0.1382 0.1641
5.000 0.000 36 0.0853 0.0927 0.0774 0.1057 0.0837 0.0673 0.1244 0.0955 0.0723 0.055 0.1478 0.1132 0.0829 0.0578 0.0409 0.1731 0.1358 0.0999 0.0677 0.0407 0.0268 0.1977 0.1615 0.1228 0.0852 0.0504 0.0212 0.0195 0.2203 0.1879 0.1496 0.1093 0.0701 0.0332 0.0 0.028 0.2124 0.1773 0.1376 0.0966 0.0574 0.0241 0.0222 0.2041 0.1672 0.127 0.0873 0.0527 0.0348 0.1965 0.1589 0.1202 0.0845 0.0598 0.1889 0.1528 0.1183 0.0901 0.1831 0.1508 0.1226 0.1802 0.1534 0.1806
7.000 0.000 42 0.0931 0.1033 0.0857 0.1189 0.0957 0.0762 0.141 0.1113 0.0862 0.0644 0.1681 0.1329 0.1016 0.0741 0.0502 0.1969 0.1591 0.1227 0.0894 0.0594 0.0344 0.2248 0.1882 0.1491 0.1111 0.0756 0.0434 0.0174 0.25 0.2172 0.1786 0.1381 0.0986 0.0614 0.028 0.0 0.2436 0.2082 0.1681 0.1266 0.0864 0.0495 0.0199 0.2362 0.1987 0.1577 0.1162 0.0773 0.0447 0.2286 0.1898 0.149 0.1092 0.074 0.2196 0.1813 0.1425 0.1066 0.211 0.1749 0.1399 0.205 0.1715 0.2002
-6.000 1.000 36 0.1285 0.1206 0.1352 0.1099 0.126 0.1454 0.0938 0.1136 0.1353 0.1585 0.0724 0.0957 0.122 0.149 0.1761 0.0498 0.0724 0.1036 0.1357 0.167 0.1968 0.0298 0.0473 0.0803 0.1171 0.1535 0.1879 0.2191 0.0197 0.0226 0.056 0.0961 0.137 0.1763 0.2124 0.2436 0.0 0.0342 0.0747 0.1181 0.1614 0.2021 0.2386 0.0231 0.0573 0.0994 0.144 0.188 0.229 0.0491 0.0847 0.1273 0.1721 0.216 0.077 0.1141 0.1568 0.2014 0.1057 0.1432 0.1856 0.133 0.1708 0.1581
-4.000 1.000 30 0.1158 0.1093 0.1185 0.0994 0.1096 0.1246 0.0861 0.0971 0.1138 0.1346 0.0698 0.0791 0.0991 0.1229 0.1485 0.0548 0.0578 0.0786 0.1073 0.137 0.166 0.0475 0.0365 0.0541 0.0866 0.1215 0.1551 0.1859 0.0505 0.0252 0.0271 0.0631 0.103 0.1416 0.1773 0.2082 0.0342 0.0 0.04 0.0829 0.1256 0.1659 0.202 0.0257 0.0278 0.0656 0.1089 0.1519 0.1922 0.0382 0.0577 0.0954 0.1379 0.1804 0.0625 0.0887 0.1266 0.1684 0.09 0.1197 0.1574 0.1181 0.1491 0.1441
-2.000 1.000 24 0.1043 0.0997 0.103 0.0942 0.0947 0.1044 0.0871 0.0844 0.0931 0.1093 0.0806 0.0718 0.0781 0.0958 0.1183 0.0779 0.0595 0.0594 0.078 0.1043 0.1316 0.0813 0.0543 0.0393 0.0556 0.0862 0.1184 0.1484 0.0898 0.0604 0.0283 0.029 0.0647 0.1024 0.1376 0.1681 0.0747 0.04 0.0 0.0424 0.0846 0.1245 0.1602 0.062 0.0294 0.0304 0.069 0.1107 0.1501 0.0577 0.0429 0.0623 0.0995 0.1396 0.0663 0.0691 0.0948 0.1313 0.0852 0.0983 0.1271 0.1083 0.1279 0.1322
0.000 1.000 18 0.0971 0.0959 0.0923 0.096 0.087 0.0887 0.098 0.0822 0.079 0.0874 0.1022 0.079 0.0684 0.0737 0.0901 0.1097 0.0801 0.0587 0.0571 0.0739 0.0977 0.1199 0.0878 0.0558 0.0389 0.0535 0.0816 0.1101 0.1321 0.1013 0.0647 0.029 0.0286 0.0623 0.0966 0.1266 0.1181 0.0829 0.0424 0.0 0.0419 0.0814 0.1168 0.1047 0.0678 0.0309 0.0309 0.0679 0.1061 0.0949 0.0622 0.0447 0.0629 0.0977 0.092 0.0707 0.0715 0.0954 0.0979 0.09 0.1013 0.1114 0.1138 0.1295
2.000 1.000 24 0.0961 0.0986 0.0888 0.1049 0.088 0.0809 0.1148 0.0904 0.076 0.0735 0.1279 0.097 0.0737 0.0635 0.0683 0.143 0.1083 0.0766 0.0552 0.053 0.0678 0.1585 0.1239 0.0869 0.0536 0.0367 0.0496 0.074 0.1739 0.1421 0.104 0.064 0.0279 0.027 0.0574 0.0864 0.1614 0.1256 0.0846 0.0419 0.0 0.0393 0.0744 0.1482 0.1101 0.0688 0.0304 0.0296 0.0634 0.1364 0.0988 0.0628 0.0439 0.0602 0.1285 0.095 0.0711 0.07 0.1255 0.1005 0.0903 0.1289 0.1141 0.1371
4.000 1.000 30 0.1 0.1062 0.0917 0.1175 0.0959 0.0817 0.1336 0.1047 0.0832 0.07 0.1533 0.1187 0.0894 0.0678 0.0578 0.1744 0.1372 0.1014 0.0709 0.0505 0.0475 0.1944 0.1583 0.1193 0.0817 0.0496 0.0332 0.0436 0.213 0.1804 0.1415 0.1003 0.0602 0.0257 0.0241 0.0495 0.2021 0.1659 0.1245 0.0814 0.0393 0.0 0.0348 0.1897 0.1511 0.1087 0.066 0.0284 0.0268 0.1774 0.138 0.0971 0.0601 0.0408 0.167 0.1292 0.0931 0.0678 0.1587 0.1257 0.0983 0.1547 0.1289 0.1555
6.000 1.000 36 0.1062 0.1157 0.098 0.1309 0.1065 0.0877 0.1514 0.1204 0.095 0.0749 0.1762 0.1397 0.1076 0.0806 0.0598 0.2021 0.1634 0.1259 0.092 0.0631 0.0435 0.2261 0.1889 0.1488 0.1096 0.0737 0.0435 0.028 0.2478 0.2145 0.1749 0.1331 0.092 0.0538 0.0222 0.0199 0.2386 0.202 0.1602 0.1168 0.0744 0.0348 0.0 0.2273 0.1882 0.1453 0.1016 0.0598 0.0248 0.215 0.1747 0.1321 0.0903 0.0539 0.2034 0.1635 0.1232 0.0861 0.1921 0.1549 0.1194 0.1833 0.1506 0.1778
-5.000 2.000 30 0.1404 0.1332 0.1453 0.1228 0.1353 0.1528 0.1068 0.1223 0.1411 0.1639 0.0875 0.1039 0.126 0.1511 0.1777 0.0671 0.0806 0.1056 0.135 0.1654 0.1953 0.0507 0.0561 0.0802 0.1139 0.1492 0.1836 0.2154 0.0428 0.0342 0.0529 0.0884 0.1281 0.1674 0.2041 0.2362 0.0231 0.0257 0.062 0.1047 0.1482 0.1897 0.2273 0.0 0.0382 0.0815 0.127 0.1721 0.2144 0.0259 0.0626 0.1065 0.1524 0.1976 0.0536 0.0905 0.1338 0.1792 0.0817 0.119 0.1616 0.1091 0.146 0.134
-3.000 2.000 24 0.1308 0.1247 0.131 0.117 0.1222 0.134 0.1063 0.11 0.1224 0.1403 0.0931 0.0945 0.1071 0.1267 0.1502 0.0816 0.0765 0.0866 0.1088 0.1357 0.1637 0.0754 0.0605 0.0631 0.0856 0.1171 0.1496 0.1803 0.0761 0.053 0.04 0.0587 0.0937 0.1313 0.1672 0.1987 0.0573 0.0278 0.0294 0.0678 0.1101 0.1511 0.1882 0.0382 0.0 0.0429 0.088 0.1326 0.1745 0.0281 0.0298 0.0693 0.1139 0.1582 0.0408 0.0606 0.0989 0.1421 0.0651 0.0911 0.129 0.0915 0.1205 0.1173
-1.000 2.000 18 0.1224 0.1196 0.1189 0.1165 0.1121 0.1172 0.1129 0.1044 0.1063 0.1179 0.1097 0.0954 0.0933 0.1038 0.122 0.1085 0.0877 0.0784 0.0859 0.1058 0.1302 0.111 0.0849 0.0646 0.0646 0.085 0.1137 0.1424 0.1169 0.0891 0.0588 0.0424 0.0598 0.0928 0.127 0.1577 0.0994 0.0656 0.0304 0.0309 0.0688 0.1087 0.1453 0.0815 0.0429 0.0 0.0447 0.0889 0.1303 0.0664 0.031 0.0318 0.0716 0.1146 0.0605 0.0445 0.0641 0.1019 0.0681 0.0703 0.0959 0.0856 0.0982 0.1067
1.000 2.000 18 0.1184 0.1191 0.1119 0.1223 0.1089 0.1056 0.127 0.1073 0.0984 0.1004 0.1334 0.1078 0.0914 0.0884 0.0976 0.1412 0.1113 0.0865 0.0755 0.0814 0.0988 0.1503 0.1188 0.0868 0.0639 0.0622 0.0804 0.1051 0.1601 0.13 0.0945 0.06 0.0419 0.0576 0.0873 0.1162 0.144 0.1089 0.069 0.0309 0.0304 0.066 0.1016 0.127 0.088 0.0447 0.0 0.0439 0.085 0.1107 0.0709 0.0321 0.032 0.0702 0.0984 0.0639 0.0457 0.0643 0.0935 0.0715 0.0721 0.0977 0.0896 0.1093
3.000 2.000 24 0.1191 0.1239 0.111 0.1326 0.1128 0.1016 0.1448 0.118 0.0996 0.0913 0.1593 0.127 0.101 0.0851 0.0814 0.1745 0.1395 0.1066 0.0814 0.07 0.0741 0.1893 0.1546 0.1175 0.0834 0.0601 0.0574 0.0722 0.2026 0.171 0.1331 0.0933 0.0576 0.0393 0.0527 0.0773 0.188 0.1519 0.1107 0.0679 0.0296 0.0284 0.0598 0.1721 0.1326 0.0889 0.0439 0.0 0.0408 0.1555 0.1146 0.0712 0.0314 0.0304 0.1406 0.1012 0.0641 0.0447 0.13 0.0958 0.0716 0.1249 0.0999 0.1263
5.000 2.000 30 0.1231 0.1317 0.1145 0.1452 0.121 0.1037 0.1633 0.1322 0.108 0.0907 0.1841 0.148 0.1167 0.0922 0.0763 0.2054 0.1674 0.1305 0.0983 0.0738 0.0616 0.2251 0.1885 0.1487 0.1102 0.0767 0.0539 0.0496 0.2419 0.2091 0.1697 0.1279 0.0874 0.0527 0.0348 0.0447 0.229 0.1922 0.1501 0.1061 0.0634 0.0268 0.0248 0.2144 0.1745 0.1303 0.085 0.0408 0.0 0.1981 0.1565 0.1122 0.0679 0.029 0.182 0.1408 0.0988 0.0608 0.1683 0.1299 0.0933 0.1575 0.1246 0.1514
-4.000 3.000 24 0.156 0.1494 0.1579 0.1393 0.1485 0.1632 0.1257 0.1357 0.1506 0.1708 0.1085 0.1176 0.1347 0.1563 0.1816 0.0906 0.0965 0.1139 0.1382 0.166 0.1946 0.0764 0.0749 0.0884 0.115 0.1468 0.1796 0.2107 0.0689 0.0573 0.062 0.0872 0.1228 0.1603 0.1965 0.2286 0.0491 0.0382 0.0577 0.0949 0.1364 0.1774 0.215 0.0259 0.0281 0.0664 0.1107 0.1555 0.1981 0.0 0.0408 0.0856 0.132 0.1778 0.0275 0.0653 0.1096 0.1557 0.0554 0.0921 0.1351 0.0822 0.1184 0.1071
-2.000 3.000 18 0.1487 0.1443 0.147 0.1388 0.1386 0.1468 0.1304 0.1286 0.1355 0.1492 0.1205 0.1159 0.1205 0.1348 0.1546 0.1114 0.1013 0.1026 0.1166 0.1382 0.1632 0.1056 0.0891 0.0828 0.0934 0.1174 0.1463 0.1751 0.1048 0.0831 0.0656 0.0677 0.0915 0.1248 0.1589 0.1898 0.0847 0.0577 0.0429 0.0622 0.0988 0.138 0.1747 0.0626 0.0298 0.031 0.0709 0.1146 0.1565 0.0408 0.0 0.0445 0.0905 0.1359 0.0292 0.0306 0.0705 0.1154 0.0414 0.0609 0.0989 0.0646 0.0898 0.0889
0.000 3.000 12 0.1436 0.1425 0.1382 0.142 0.1335 0.1335 0.1417 0.1282 0.1245 0.1305 0.1409 0.1228 0.1145 0.117 0.1296 0.1408 0.1185 0.1033 0.1015 0.1131 0.132 0.1425 0.1171 0.0942 0.0843 0.0924 0.1136 0.1385 0.1466 0.1202 0.0909 0.0689 0.0687 0.0902 0.1202 0.149 0.1273 0.0954 0.0623 0.0447 0.0628 0.0971 0.1321 0.1065 0.0693 0.0318 0.0321 0.0712 0.1122 0.0856 0.0445 0.0 0.0457 0.0907 0.0682 0.0316 0.0322 0.0723 0.0608 0.0444 0.0638 0.067 0.069 0.0828
2.000 3.000 18 0.1419 0.1449 0.1342 0.1505 0.1335 0.126 0.1578 0.1351 0.1213 0.1175 0.1659 0.1384 0.1178 0.1085 0.1099 0.174 0.1437 0.1168 0.0995 0.0961 0.105 0.1821 0.1513 0.1192 0.0929 0.0811 0.0871 0.1044 0.1904 0.1611 0.1265 0.0922 0.0678 0.0659 0.0845 0.1092 0.1721 0.1379 0.0995 0.0629 0.0439 0.0601 0.0903 0.1524 0.1139 0.0716 0.032 0.0314 0.0679 0.132 0.0905 0.0457 0.0 0.0447 0.1128 0.0717 0.0324 0.0322 0.0984 0.0637 0.0455 0.0918 0.0702 0.0944
4.000 3.000 24 0.1437 0.1506 0.1348 0.1619 0.1391 0.1242 0.1762 0.1469 0.1254 0.112 0.1919 0.1581 0.1297 0.1094 0.099 0.2071 0.1717 0.1376 0.1098 0.0919 0.0866 0.2208 0.1865 0.1493 0.1144 0.0872 0.0743 0.0774 0.233 0.2017 0.1641 0.1246 0.0883 0.0634 0.0598 0.074 0.216 0.1804 0.1396 0.0977 0.0602 0.0408 0.0539 0.1976 0.1582 0.1146 0.0702 0.0304 0.029 0.1778 0.1359 0.0907 0.0447 0.0 0.1578 0.1156 0.0717 0.0316 0.1401 0.1006 0.0637 0.1275 0.094 0.1208
-3.000 4.000 18 0.1742 0.1679 0.1738 0.1601 0.165 0.1753 0.1487 0.1525 0.1634 0.1801 0.1334 0.137 0.1479 0.1646 0.1865 0.1177 0.1183 0.1274 0.1458 0.1691 0.1956 0.105 0.0994 0.1045 0.1223 0.148 0.1773 0.2062 0.0971 0.0847 0.0814 0.0946 0.1221 0.1551 0.1889 0.2196 0.077 0.0625 0.0663 0.092 0.1285 0.167 0.2034 0.0536 0.0408 0.0605 0.0984 0.1406 0.182 0.0275 0.0292 0.0682 0.1128 0.1578 0.0 0.0414 0.0861 0.1322 0.0277 0.0648 0.1082 0.0542 0.0896 0.0786
-1.000 4.000 12 0.1694 0.1668 0.1652 0.1629 0.1588 0.1627 0.1574 0.1512 0.1518 0.1612 0.1503 0.1408 0.1394 0.1474 0.1618 0.1427 0.1295 0.1245 0.1296 0.145 0.1652 0.1369 0.12 0.1083 0.1093 0.124 0.1466 0.1717 0.1346 0.1144 0.0951 0.0877 0.0983 0.1233 0.1528 0.1813 0.1141 0.0887 0.0691 0.0707 0.095 0.1292 0.1635 0.0905 0.0606 0.0445 0.0639 0.1012 0.1408 0.0653 0.0306 0.0316 0.0717 0.1156 0.0414 0.0 0.0444 0.0902 0.029 0.0301 0.0692 0.0402 0.0589 0.0615
1.000 4.000 12 0.1667 0.1674 0.16 0.1699 0.157 0.1529 0.1718 0.1545 0.1463 0.1462 0.173 0.1525 0.1387 0.1352 0.1411 0.1737 0.1504 0.1313 0.1229 0.1255 0.1378 0.1746 0.1499 0.1258 0.1096 0.1077 0.1196 0.1381 0.1768 0.152 0.1237 0.099 0.0885 0.0967 0.1183 0.1425 0.1568 0.1266 0.0948 0.0715 0.0711 0.0931 0.1232 0.1338 0.0989 0.0641 0.0457 0.0641 0.0988 0.1096 0.0705 0.0322 0.0324 0.0717 0.0861 0.0444 0.0 0.0455 0.0673 0.031 0.0316 0.0588 0.0429 0.0637
3.000 4.000 18 0.1669 0.1719 0.1581 0.1797 0.1601 0.1483 0.1896 0.164 0.1463 0.1375 0.1991 0.1697 0.1464 0.1314 0.1262 0.2074 0.1766 0.1479 0.1263 0.1159 0.116 0.2142 0.1842 0.152 0.1238 0.1053 0.1011 0.1091 0.2205 0.1925 0.1589 0.125 0.0972 0.0847 0.0901 0.1066 0.2014 0.1684 0.1313 0.0954 0.07 0.0678 0.0861 0.1792 0.1421 0.1019 0.0643 0.0447 0.0608 0.1557 0.1154 0.0723 0.0322 0.0316 0.1322 0.0902 0.0455 0.0 0.1109 0.0704 0.0318 0.0951 0.0616 0.0875
-2.000 5.000 12 0.1934 0.1891 0.1915 0.1833 0.1828 0.1901 0.1733 0.1729 0.1789 0.1902 0.1604 0.1597 0.1638 0.1757 0.1932 0.1468 0.143 0.1461 0.1576 0.175 0.1972 0.1344 0.1266 0.1259 0.1346 0.1535 0.1774 0.2036 0.1258 0.1137 0.1057 0.1097 0.1276 0.1537 0.1831 0.211 0.1057 0.09 0.0852 0.0979 0.1255 0.1587 0.1921 0.0817 0.0651 0.0681 0.0935 0.13 0.1683 0.0554 0.0414 0.0608 0.0984 0.1401 0.0277 0.029 0.0673 0.1109 0.0 0.0402 0.0833 0.0264 0.0617 0.0506
0.000 5.000 6 0.1917 0.1901 0.1857 0.1885 0.1812 0.18 0.1861 0.1751 0.1715 0.1758 0.1807 0.1675 0.1616 0.1625 0.172 0.1741 0.1594 0.149 0.1477 0.156 0.1701 0.1681 0.1511 0.1362 0.1306 0.1357 0.1514 0.171 0.1641 0.1454 0.1259 0.1127 0.1133 0.1282 0.1508 0.1749 0.1432 0.1197 0.0983 0.09 0.1005 0.1257 0.1549 0.119 0.0911 0.0703 0.0715 0.0958 0.1299 0.0921 0.0609 0.0444 0.0637 0.1006 0.0648 0.0301 0.031 0.0704 0.0402 0.0 0.0429 0.0276 0.0287 0.0375
2.000 5.000 12 0.1907 0.1938 0.1829 0.198 0.1818 0.1744 0.2022 0.1825 0.1695 0.1647 0.2055 0.1825 0.1648 0.1564 0.1553 0.2065 0.1823 0.161 0.1468 0.1427 0.1476 0.2067 0.1823 0.1574 0.1373 0.1284 0.1306 0.1419 0.2065 0.1832 0.1559 0.1304 0.1133 0.1111 0.1226 0.1399 0.1856 0.1574 0.1271 0.1013 0.0903 0.0983 0.1194 0.1616 0.129 0.0959 0.0721 0.0716 0.0933 0.1351 0.0989 0.0638 0.0455 0.0637 0.1082 0.0692 0.0316 0.0318 0.0833 0.0429 0.0 0.064 0.0295 0.0551
-1.000 6.000 6 0.2139 0.2112 0.2092 0.2062 0.2029 0.2061 0.1985 0.195 0.195 0.2027 0.1883 0.183 0.1828 0.1893 0.2004 0.1754 0.1688 0.1675 0.1715 0.1837 0.2007 0.1631 0.1547 0.1493 0.1516 0.1632 0.1805 0.2018 0.1534 0.142 0.1317 0.1298 0.1379 0.1568 0.1802 0.205 0.133 0.1181 0.1083 0.1114 0.1289 0.1547 0.1833 0.1091 0.0915 0.0856 0.0977 0.1249 0.1575 0.0822 0.0646 0.067 0.0918 0.1275 0.0542 0.0402 0.0588 0.0951 0.0264 0.0276 0.064 0.0 0.0375 0.0241
1.000 6.000 6 0.2138 0.2139 0.2072 0.2152 0.2036 0.1993 0.2141 0.1997 0.1929 0.1913 0.2104 0.1955 0.1844 0.1809 0.1846 0.2051 0.1886 0.1747 0.1688 0.1694 0.1779 0.1984 0.1813 0.1651 0.154 0.1524 0.1604 0.1733 0.1928 0.175 0.1557 0.1394 0.1334 0.1382 0.1534 0.1715 0.1708 0.1491 0.1279 0.1138 0.1141 0.1289 0.1506 0.146 0.1205 0.0982 0.0896 0.0999 0.1246 0.1184 0.0898 0.069 0.0702 0.094 0.0896 0.0589 0.0429 0.0616 0.0617 0.0287 0.0295 0.0375 0.0 0.0253
0.000 7.000 0 0.2343 0.2319 0.2279 0.2288 0.2233 0.2214 0.2241 0.216 0.2131 0.2163 0.2146 0.2063 0.203 0.203 0.2101 0.2024 0.1949 0.1888 0.1884 0.1948 0.2048 0.1906 0.1812 0.1729 0.1711 0.1747 0.1865 0.2022 0.1795 0.1685 0.1579 0.1511 0.1529 0.1641 0.1806 0.2002 0.1581 0.1441 0.1322 0.1295 0.1371 0.1555 0.1778 0.134 0.1173 0.1067 0.1093 0.1263 0.1514 0.1071 0.0889 0.0828 0.0944 0.1208 0.0786 0.0615 0.0637 0.0875 0.0506 0.0375 0.0551 0.0241 0.0253 0.0