n 64
m 2
tmax 32.5
Vcpm 1.6
R 1.2
dmax 52.0
0.000 -7.000 0 0.0 0.0231 0.0214 0.0495 0.0344 0.0413 0.0758 0.059 0.0537 0.0571 0.0986 0.0845 0.0749 0.0703 0.0691 0.1141 0.1061 0.0976 0.0893 0.0824 0.0777 0.1251 0.1203 0.1165 0.1108 0.0994 0.0904 0.0847 0.135 0.1309 0.1314 0.1299 0.1199 0.1066 0.0968 0.0908 0.1412 0.142 0.1455 0.1413 0.1258 0.112 0.1028 0.152 0.1583 0.1606 0.1485 0.1309 0.1178 0.1693 0.1773 0.1724 0.1537 0.1363 0.1927 0.1964 0.1815 0.1604 0.2192 0.2127 0.1914 0.2401 0.2233 0.25
-1.000 -6.000 6 0.0231 0.0 0.0344 0.026 0.0266 0.0534 0.0517 0.0393 0.0532 0.0703 0.0728 0.0608 0.0626 0.0749 0.0838 0.0885 0.0794 0.0784 0.0842 0.0908 0.0935 0.0992 0.0935 0.0929 0.0971 0.1009 0.1014 0.1016 0.1085 0.1037 0.1044 0.1104 0.1131 0.1119 0.11 0.1086 0.1135 0.1142 0.1215 0.1274 0.1255 0.1208 0.1177 0.1238 0.1312 0.1409 0.1414 0.1349 0.1291 0.1406 0.1529 0.1589 0.1526 0.1441 0.1654 0.1766 0.1751 0.1645 0.1946 0.2001 0.1906 0.221 0.2171 0.2372
1.000 -6.000 6 0.0214 0.0344 0.0 0.0587 0.0243 0.0194 0.0844 0.0533 0.0324 0.0349 0.1069 0.0816 0.057 0.0459 0.0465 0.1217 0.1054 0.0838 0.0655 0.0567 0.055 0.1323 0.1212 0.1078 0.0887 0.0727 0.0647 0.0621 0.1423 0.1332 0.1254 0.1118 0.0934 0.0786 0.0714 0.0686 0.1448 0.1392 0.1327 0.1164 0.097 0.0841 0.0779 0.1523 0.1497 0.1399 0.1196 0.101 0.0901 0.1649 0.1619 0.1454 0.1227 0.1062 0.1827 0.1739 0.1503 0.129 0.2019 0.184 0.1584 0.2152 0.1906 0.2188
-2.000 -5.000 12 0.0495 0.026 0.0587 0.0 0.0393 0.0741 0.025 0.0276 0.0624 0.0883 0.0455 0.0368 0.0559 0.0833 0.0997 0.0603 0.052 0.059 0.0807 0.0996 0.1092 0.071 0.0645 0.0674 0.0826 0.1002 0.1106 0.1167 0.0803 0.0746 0.0762 0.0878 0.1036 0.1138 0.1198 0.1239 0.0845 0.0849 0.0941 0.1093 0.1197 0.1248 0.1284 0.0938 0.1015 0.1165 0.1284 0.1328 0.1351 0.1104 0.1238 0.1392 0.1445 0.1451 0.134 0.1514 0.1604 0.1609 0.1641 0.1796 0.1817 0.1943 0.2018 0.2152
0.000 -5.000 6 0.0344 0.0266 0.0243 0.0393 0.0 0.0324 0.061 0.0283 0.0258 0.0462 0.0802 0.0557 0.0389 0.0467 0.0581 0.0946 0.0774 0.0613 0.0564 0.0617 0.0671 0.1047 0.0934 0.082 0.0734 0.0707 0.0723 0.0749 0.1139 0.1051 0.0986 0.092 0.0853 0.0813 0.0809 0.0822 0.1161 0.1116 0.1092 0.1032 0.0951 0.09 0.089 0.1238 0.1239 0.1222 0.1132 0.1033 0.0986 0.1377 0.1405 0.1342 0.1221 0.1122 0.1579 0.1582 0.1462 0.1319 0.1823 0.1748 0.1596 0.2017 0.1878 0.212
2.000 -5.000 12 0.0413 0.0534 0.0194 0.0741 0.0324 0.0 0.0959 0.0569 0.0207 0.0154 0.1137 0.0827 0.0466 0.0256 0.027 0.1274 0.1052 0.0736 0.0457 0.0348 0.0359 0.1363 0.1203 0.0984 0.0696 0.0496 0.0429 0.043 0.1448 0.1323 0.1174 0.0946 0.0694 0.0546 0.0497 0.0496 0.1446 0.1329 0.1173 0.0927 0.0712 0.0604 0.0566 0.148 0.1371 0.1178 0.0927 0.075 0.0665 0.1559 0.1427 0.1186 0.0945 0.0809 0.1675 0.1483 0.1214 0.1009 0.18 0.1549 0.1281 0.1873 0.1592 0.1866
-3.000 -4.000 18 0.0758 0.0517 0.0844 0.025 0.061 0.0959 0.0 0.0368 0.0779 0.107 0.0202 0.0234 0.0589 0.0939 0.1144 0.0349 0.0288 0.0477 0.0808 0.1062 0.1205 0.0459 0.0393 0.0468 0.0718 0.0994 0.1166 0.1269 0.0551 0.0494 0.0515 0.0688 0.094 0.1129 0.1248 0.1329 0.059 0.0591 0.0704 0.0921 0.1119 0.1244 0.1332 0.0685 0.0751 0.0939 0.114 0.127 0.1359 0.0834 0.0982 0.1186 0.1333 0.1416 0.1058 0.1271 0.144 0.1527 0.1368 0.1573 0.169 0.1676 0.1833 0.1915
-1.000 -4.000 12 0.059 0.0393 0.0533 0.0276 0.0283 0.0569 0.0368 0.0 0.0389 0.0656 0.0523 0.0266 0.0277 0.0561 0.0741 0.0649 0.0476 0.0374 0.0518 0.0703 0.0818 0.0745 0.0628 0.0541 0.0572 0.0702 0.0812 0.0886 0.0838 0.0745 0.0689 0.0689 0.0758 0.0838 0.0903 0.0956 0.0857 0.081 0.0821 0.0865 0.0909 0.0948 0.0991 0.0931 0.0949 0.0995 0.1028 0.1033 0.1052 0.1069 0.1138 0.1182 0.1166 0.1154 0.1293 0.1359 0.1365 0.1318 0.1558 0.1598 0.1545 0.1805 0.1783 0.1967
1.000 -4.000 12 0.0537 0.0532 0.0324 0.0624 0.0258 0.0207 0.0779 0.0389 0.0 0.0256 0.0917 0.0608 0.0254 0.0206 0.0353 0.102 0.0802 0.0517 0.0319 0.0355 0.0441 0.1109 0.0956 0.0747 0.0528 0.0436 0.0464 0.0512 0.1193 0.1073 0.0939 0.0754 0.0593 0.0537 0.0549 0.0585 0.1188 0.1091 0.0968 0.0799 0.0669 0.0623 0.0633 0.1233 0.1156 0.1026 0.0854 0.0748 0.0711 0.1331 0.1251 0.109 0.0924 0.0831 0.148 0.1367 0.1166 0.1025 0.165 0.1481 0.1284 0.1779 0.1572 0.1827
3.000 -4.000 18 0.0571 0.0703 0.0349 0.0883 0.0462 0.0154 0.107 0.0656 0.0256 0.0 0.1202 0.0866 0.0459 0.0156 0.0117 0.1288 0.104 0.0691 0.0352 0.019 0.0208 0.1371 0.1186 0.0917 0.0575 0.0336 0.0262 0.0284 0.1444 0.1295 0.1101 0.0813 0.0524 0.0369 0.0334 0.035 0.1407 0.1259 0.104 0.0748 0.0524 0.0424 0.0404 0.1419 0.125 0.0995 0.0724 0.0556 0.0491 0.1457 0.1255 0.097 0.0738 0.0616 0.1525 0.1272 0.0992 0.0797 0.16 0.1309 0.106 0.1632 0.1347 0.1609
-4.000 -3.000 24 0.0986 0.0728 0.1069 0.0455 0.0802 0.1137 0.0202 0.0523 0.0917 0.1202 0.0 0.0288 0.067 0.1036 0.1251 0.0149 0.0174 0.0466 0.0837 0.1117 0.1276 0.0262 0.0213 0.0361 0.0672 0.0984 0.1186 0.1311 0.0364 0.0303 0.0353 0.0573 0.088 0.1117 0.1266 0.1367 0.0404 0.0405 0.0543 0.0804 0.1059 0.1227 0.1344 0.0493 0.057 0.0774 0.1031 0.1216 0.1341 0.0638 0.0796 0.1036 0.1242 0.138 0.0864 0.1079 0.1311 0.1464 0.1163 0.1404 0.1587 0.1469 0.168 0.1715
-2.000 -3.000 18 0.0845 0.0608 0.0816 0.0368 0.0557 0.0827 0.0234 0.0266 0.0608 0.0866 0.0288 0.0 0.0374 0.0717 0.0915 0.0393 0.0208 0.0242 0.0563 0.0815 0.0958 0.0491 0.0361 0.0304 0.0481 0.0731 0.0902 0.1009 0.0582 0.0485 0.0426 0.0499 0.0695 0.0872 0.0988 0.107 0.0596 0.0547 0.0578 0.0718 0.0876 0.0988 0.1074 0.0662 0.0683 0.0788 0.0924 0.1024 0.1101 0.0803 0.0884 0.1017 0.1107 0.1169 0.1016 0.1147 0.1245 0.1298 0.1296 0.1427 0.148 0.1578 0.166 0.1781
0.000 -3.000 12 0.0749 0.0626 0.057 0.0559 0.0389 0.0466 0.0589 0.0277 0.0254 0.0459 0.067 0.0374 0.0 0.0319 0.0504 0.075 0.0535 0.0256 0.0237 0.0436 0.0565 0.0828 0.0674 0.0481 0.0339 0.0418 0.054 0.0631 0.0913 0.0793 0.0663 0.0529 0.0491 0.0554 0.0628 0.0695 0.0911 0.0816 0.0723 0.0641 0.0628 0.0663 0.0718 0.0958 0.0897 0.0831 0.0767 0.0745 0.0769 0.1065 0.1032 0.0957 0.0892 0.0865 0.1234 0.1196 0.1103 0.1026 0.1451 0.1371 0.1269 0.1633 0.1521 0.1742
2.000 -3.000 18 0.0703 0.0749 0.0459 0.0833 0.0467 0.0256 0.0939 0.0561 0.0206 0.0156 0.1036 0.0717 0.0319 0.0 0.019 0.1097 0.0861 0.0522 0.0195 0.0151 0.0265 0.1158 0.0981 0.0727 0.0415 0.0235 0.0263 0.034 0.1241 0.11 0.0916 0.0646 0.0406 0.0325 0.0356 0.0408 0.1213 0.1073 0.0874 0.0622 0.0453 0.0415 0.0439 0.1225 0.1082 0.0862 0.064 0.0525 0.0502 0.1281 0.1114 0.088 0.069 0.0615 0.1377 0.1167 0.0935 0.0787 0.1485 0.1248 0.1033 0.1557 0.1316 0.1564
4.000 -3.000 24 0.0691 0.0838 0.0465 0.0997 0.0581 0.027 0.1144 0.0741 0.0353 0.0117 0.1251 0.0915 0.0504 0.019 0.0 0.1304 0.1053 0.0693 0.0339 0.0117 0.0093 0.1353 0.116 0.0878 0.0527 0.0261 0.0147 0.017 0.1432 0.1273 0.1056 0.0739 0.0434 0.0258 0.0212 0.024 0.1382 0.121 0.0957 0.0639 0.0407 0.0299 0.0284 0.1365 0.1167 0.0877 0.0593 0.0427 0.0362 0.1385 0.1137 0.083 0.0602 0.048 0.1421 0.1129 0.0839 0.066 0.1461 0.1152 0.0912 0.1463 0.1183 0.1424
-5.000 -2.000 30 0.1141 0.0885 0.1217 0.0603 0.0946 0.1274 0.0349 0.0649 0.102 0.1288 0.0149 0.0393 0.075 0.1097 0.1304 0.0 0.0213 0.0512 0.0882 0.1164 0.1322 0.0117 0.0133 0.0352 0.068 0.1003 0.1213 0.1342 0.0222 0.0174 0.0283 0.0538 0.0863 0.1113 0.1275 0.1386 0.0266 0.0296 0.0467 0.0757 0.1042 0.1233 0.1363 0.0364 0.0464 0.0692 0.0983 0.1202 0.1349 0.0518 0.0683 0.0956 0.1204 0.1372 0.0743 0.0976 0.1246 0.1448 0.1031 0.1306 0.1542 0.1334 0.1598 0.1578
-3.000 -2.000 24 0.1061 0.0794 0.1054 0.052 0.0774 0.1052 0.0288 0.0476 0.0802 0.104 0.0174 0.0208 0.0535 0.0861 0.1053 0.0213 0.0 0.0304 0.0665 0.0931 0.1078 0.0301 0.0156 0.0189 0.0491 0.0795 0.0989 0.1109 0.0399 0.0284 0.0237 0.0403 0.0688 0.0913 0.1059 0.116 0.0405 0.0344 0.0412 0.0633 0.0874 0.1035 0.1148 0.0465 0.0483 0.0639 0.0861 0.1031 0.1151 0.0594 0.0697 0.0892 0.1069 0.1192 0.0802 0.0977 0.1159 0.1289 0.1092 0.1283 0.1427 0.1382 0.1548 0.1618
-1.000 -2.000 18 0.0976 0.0784 0.0838 0.059 0.0613 0.0736 0.0477 0.0374 0.0517 0.0691 0.0466 0.0242 0.0256 0.0522 0.0693 0.0512 0.0304 0.0 0.0339 0.0583 0.072 0.0583 0.0423 0.0222 0.0236 0.0484 0.0656 0.0767 0.0672 0.0542 0.0404 0.032 0.0446 0.0615 0.0738 0.0828 0.0659 0.0558 0.0481 0.0506 0.0621 0.0733 0.0824 0.07 0.0645 0.0636 0.0693 0.077 0.0849 0.0803 0.0801 0.0827 0.0864 0.0916 0.099 0.101 0.1033 0.1048 0.1228 0.1252 0.1244 0.146 0.1449 0.1618
1.000 -2.000 18 0.0893 0.0842 0.0655 0.0807 0.0564 0.0457 0.0808 0.0518 0.0319 0.0352 0.0837 0.0563 0.0237 0.0195 0.0339 0.0882 0.0665 0.0339 0.0 0.0235 0.0375 0.0936 0.0767 0.0519 0.0219 0.0181 0.0326 0.0433 0.1015 0.0874 0.0692 0.0447 0.0277 0.032 0.0418 0.0502 0.0994 0.0856 0.0668 0.0468 0.0393 0.0436 0.0505 0.101 0.0875 0.0695 0.0545 0.0509 0.0542 0.1074 0.0934 0.0763 0.0649 0.0625 0.1188 0.1038 0.0866 0.0787 0.1331 0.1162 0.1015 0.1447 0.1276 0.1505
3.000 -2.000 24 0.0824 0.0908 0.0567 0.0996 0.0617 0.0348 0.1062 0.0703 0.0355 0.019 0.1117 0.0815 0.0436 0.0151 0.0117 0.1164 0.0931 0.0583 0.0235 0.0 0.0147 0.1206 0.1023 0.075 0.0405 0.0144 0.0115 0.0213 0.1277 0.1121 0.0911 0.0609 0.0318 0.0181 0.0212 0.0285 0.1244 0.1076 0.0828 0.0524 0.0318 0.0263 0.0301 0.1231 0.1039 0.0761 0.0503 0.037 0.0354 0.1252 0.1021 0.0737 0.0536 0.0455 0.1304 0.1034 0.0776 0.0619 0.1362 0.1081 0.0866 0.1389 0.1132 0.1375
5.000 -2.000 30 0.0777 0.0935 0.055 0.1092 0.0671 0.0359 0.1205 0.0818 0.0441 0.0208 0.1276 0.0958 0.0565 0.0265 0.0093 0.1322 0.1078 0.072 0.0375 0.0147 0.0 0.1361 0.1169 0.0884 0.0531 0.0259 0.0094 0.0078 0.1428 0.1263 0.1039 0.0718 0.041 0.0211 0.0125 0.015 0.1385 0.1199 0.0925 0.0596 0.0353 0.0221 0.0189 0.1356 0.1134 0.0821 0.053 0.0351 0.0268 0.1353 0.1081 0.0759 0.052 0.039 0.1375 0.1057 0.0759 0.0573 0.139 0.1067 0.0818 0.1371 0.1082 0.1308
-6.000 -1.000 36 0.1251 0.0992 0.1323 0.071 0.1047 0.1363 0.0459 0.0745 0.1109 0.1371 0.0262 0.0491 0.0828 0.1158 0.1353 0.0117 0.0301 0.0583 0.0936 0.1206 0.1361 0.0 0.0174 0.0403 0.0727 0.1053 0.1263 0.1392 0.0107 0.0118 0.0296 0.0566 0.0899 0.1158 0.1324 0.1438 0.0164 0.0255 0.0464 0.0771 0.1066 0.1267 0.1406 0.0283 0.0425 0.0679 0.0995 0.1238 0.1401 0.045 0.0645 0.0946 0.1226 0.1422 0.0675 0.0942 0.1249 0.1487 0.0969 0.1275 0.1559 0.1263 0.1567 0.1511
-4.000 -1.000 30 0.1203 0.0935 0.1212 0.0645 0.0934 0.1203 0.0393 0.0628 0.0956 0.1186 0.0213 0.0361 0.0674 0.0981 0.116 0.0133 0.0156 0.0423 0.0767 0.1023 0.1169 0.0174 0.0 0.0237 0.0564 0.0881 0.108 0.1203 0.0264 0.0131 0.0152 0.0409 0.0735 0.0983 0.114 0.1249 0.0255 0.0203 0.0339 0.0624 0.0902 0.109 0.1222 0.0313 0.0359 0.0568 0.0853 0.1071 0.122 0.0444 0.0581 0.0833 0.1075 0.1244 0.0661 0.0868 0.1123 0.1318 0.0949 0.1196 0.1413 0.1248 0.1473 0.1485
-2.000 -1.000 24 0.1165 0.0929 0.1078 0.0674 0.082 0.0984 0.0468 0.0541 0.0747 0.0917 0.0361 0.0304 0.0481 0.0727 0.0878 0.0352 0.0189 0.0222 0.0519 0.075 0.0884 0.0403 0.0237 0.0 0.032 0.0617 0.0802 0.0916 0.0489 0.0344 0.0183 0.0214 0.0496 0.0721 0.0867 0.0969 0.0466 0.034 0.0284 0.0443 0.0667 0.0832 0.0951 0.0489 0.0425 0.0486 0.0663 0.0831 0.0954 0.0583 0.06 0.0725 0.0872 0.0994 0.0765 0.0853 0.0978 0.1092 0.1021 0.1137 0.1238 0.1284 0.1384 0.1481
0.000 -1.000 18 0.1108 0.0971 0.0887 0.0826 0.0734 0.0696 0.0718 0.0572 0.0528 0.0575 0.0672 0.0481 0.0339 0.0415 0.0527 0.068 0.0491 0.0236 0.0219 0.0405 0.0531 0.0727 0.0564 0.032 0.0 0.0277 0.0453 0.0566 0.0807 0.0662 0.0474 0.0226 0.0208 0.0391 0.0527 0.0626 0.0779 0.0629 0.0444 0.0309 0.0382 0.0508 0.0616 0.0786 0.0648 0.0506 0.0465 0.0533 0.0623 0.0846 0.0731 0.0634 0.0627 0.0678 0.0971 0.0877 0.0807 0.0802 0.1147 0.1059 0.1005 0.1311 0.1224 0.1426
2.000 -1.000 24 0.0994 0.1009 0.0727 0.1002 0.0707 0.0496 0.0994 0.0702 0.0436 0.0336 0.0984 0.0731 0.0418 0.0235 0.0261 0.1003 0.0795 0.0484 0.0181 0.0144 0.0259 0.1053 0.0881 0.0617 0.0277 0.0 0.0181 0.0301 0.1125 0.0971 0.0763 0.0461 0.0174 0.0141 0.0263 0.0364 0.1085 0.0913 0.0669 0.0381 0.0222 0.0261 0.0354 0.1079 0.0886 0.0618 0.0393 0.0326 0.0375 0.11 0.0878 0.0625 0.0467 0.0448 0.116 0.0914 0.0695 0.0595 0.1238 0.0995 0.082 0.1295 0.1077 0.1302
4.000 -1.000 30 0.0904 0.1014 0.0647 0.1106 0.0723 0.0429 0.1166 0.0812 0.0464 0.0262 0.1186 0.0902 0.054 0.0263 0.0147 0.1213 0.0989 0.0656 0.0326 0.0115 0.0094 0.1263 0.108 0.0802 0.0453 0.0181 0.0 0.0125 0.1332 0.117 0.0948 0.0628 0.0318 0.0117 0.0098 0.0189 0.1283 0.1095 0.0826 0.0502 0.026 0.0155 0.0189 0.1264 0.1039 0.0726 0.0441 0.0275 0.0237 0.1261 0.0987 0.067 0.0446 0.034 0.1283 0.097 0.0681 0.0515 0.1302 0.099 0.076 0.1289 0.1021 0.1246
6.000 -1.000 36 0.0847 0.1016 0.0621 0.1167 0.0749 0.043 0.1269 0.0886 0.0512 0.0284 0.1311 0.1009 0.0631 0.034 0.017 0.1342 0.1109 0.0767 0.0433 0.0213 0.0078 0.1392 0.1203 0.0916 0.0566 0.0301 0.0125 0.0 0.1463 0.1295 0.1066 0.074 0.0431 0.0221 0.0084 0.0072 0.1411 0.1215 0.0934 0.0604 0.0351 0.0189 0.0116 0.1386 0.1145 0.0817 0.0518 0.032 0.0207 0.1375 0.1079 0.0743 0.0491 0.0337 0.1383 0.1044 0.0734 0.0521 0.1379 0.1039 0.0775 0.1332 0.1031 0.1252
-7.000 0.000 42 0.135 0.1085 0.1423 0.0803 0.1139 0.1448 0.0551 0.0838 0.1193 0.1444 0.0364 0.0582 0.0913 0.1241 0.1432 0.0222 0.0399 0.0672 0.1015 0.1277 0.1428 0.0107 0.0264 0.0489 0.0807 0.1125 0.1332 0.1463 0.0 0.0164 0.0362 0.0635 0.0974 0.124 0.141 0.1528 0.0116 0.0282 0.0515 0.0833 0.1141 0.1353 0.1499 0.0255 0.0446 0.0726 0.1054 0.1311 0.1488 0.0433 0.0666 0.0993 0.1303 0.1523 0.0668 0.0968 0.1312 0.1586 0.0959 0.1302 0.1622 0.124 0.1584 0.1473
-5.000 0.000 36 0.1309 0.1037 0.1332 0.0746 0.1051 0.1323 0.0494 0.0745 0.1073 0.1295 0.0303 0.0485 0.0793 0.11 0.1273 0.0174 0.0284 0.0542 0.0874 0.1121 0.1263 0.0118 0.0131 0.0344 0.0662 0.0971 0.117 0.1295 0.0164 0.0 0.0203 0.0482 0.082 0.1079 0.1242 0.1356 0.0126 0.0139 0.0359 0.0676 0.0978 0.1183 0.1324 0.0196 0.0312 0.0575 0.0893 0.1139 0.1309 0.035 0.054 0.0842 0.1132 0.1338 0.058 0.0835 0.1148 0.1396 0.087 0.117 0.145 0.1164 0.1448 0.1397
-3.000 0.000 30 0.1314 0.1044 0.1254 0.0762 0.0986 0.1174 0.0515 0.0689 0.0939 0.1101 0.0353 0.0426 0.0663 0.0916 0.1056 0.0283 0.0237 0.0404 0.0692 0.0911 0.1039 0.0296 0.0152 0.0183 0.0474 0.0763 0.0948 0.1066 0.0362 0.0203 0.0 0.0284 0.0613 0.0858 0.1012 0.112 0.0313 0.0159 0.0189 0.0479 0.0763 0.0956 0.109 0.0311 0.0254 0.0419 0.0695 0.0918 0.1075 0.0397 0.046 0.0682 0.0924 0.1102 0.0584 0.0742 0.0972 0.1169 0.0857 0.1061 0.126 0.1134 0.1331 0.137
-1.000 0.000 24 0.1299 0.1104 0.1118 0.0878 0.092 0.0946 0.0688 0.0689 0.0754 0.0813 0.0573 0.0499 0.0529 0.0646 0.0739 0.0538 0.0403 0.032 0.0447 0.0609 0.0718 0.0566 0.0409 0.0214 0.0226 0.0461 0.0628 0.074 0.0635 0.0482 0.0284 0.0 0.0309 0.0536 0.0683 0.0788 0.0591 0.0422 0.0217 0.0225 0.0459 0.0635 0.0763 0.0577 0.042 0.0323 0.0442 0.0614 0.0753 0.0621 0.0517 0.0528 0.0648 0.0779 0.0746 0.071 0.0767 0.0867 0.0944 0.0956 0.1014 0.1159 0.1169 0.1313
1.000 0.000 24 0.1199 0.1131 0.0934 0.1036 0.0853 0.0694 0.094 0.0758 0.0593 0.0524 0.088 0.0695 0.0491 0.0406 0.0434 0.0863 0.0688 0.0446 0.0277 0.0318 0.041 0.0899 0.0735 0.0496 0.0208 0.0174 0.0318 0.0431 0.0974 0.082 0.0613 0.0309 0.0 0.0222 0.0372 0.0481 0.0928 0.0749 0.0497 0.0207 0.0175 0.0327 0.0453 0.0904 0.0701 0.0442 0.0275 0.0328 0.0444 0.0923 0.0701 0.0485 0.0417 0.0482 0.0983 0.0767 0.0608 0.0595 0.1079 0.0888 0.0787 0.1163 0.1019 0.1222
3.000 0.000 30 0.1066 0.1119 0.0786 0.1138 0.0813 0.0546 0.1129 0.0838 0.0537 0.0369 0.1117 0.0872 0.0554 0.0325 0.0258 0.1113 0.0913 0.0615 0.032 0.0181 0.0211 0.1158 0.0983 0.0721 0.0391 0.0141 0.0117 0.0221 0.124 0.1079 0.0858 0.0536 0.0222 0.0 0.0155 0.0268 0.1188 0.0996 0.0721 0.0392 0.0145 0.0122 0.0237 0.1154 0.0923 0.0612 0.0327 0.0194 0.0238 0.1156 0.0875 0.0562 0.0353 0.0305 0.1173 0.0861 0.0592 0.0454 0.1194 0.0895 0.0689 0.1192 0.0939 0.1169
5.000 0.000 36 0.0968 0.11 0.0714 0.1198 0.0809 0.0497 0.1248 0.0903 0.0549 0.0334 0.1266 0.0988 0.0628 0.0356 0.0212 0.1275 0.1059 0.0738 0.0418 0.0212 0.0125 0.1324 0.114 0.0867 0.0527 0.0263 0.0098 0.0084 0.141 0.1242 0.1012 0.0683 0.0372 0.0155 0.0 0.0116 0.1357 0.1157 0.0871 0.0535 0.0275 0.0106 0.0092 0.1321 0.1076 0.0747 0.0442 0.0238 0.0146 0.1316 0.101 0.0667 0.0414 0.0267 0.1319 0.0972 0.0657 0.0455 0.1306 0.0965 0.0704 0.1251 0.0961 0.1172
7.000 0.000 42 0.0908 0.1086 0.0686 0.1239 0.0822 0.0496 0.1329 0.0956 0.0585 0.035 0.1367 0.107 0.0695 0.0408 0.024 0.1386 0.116 0.0828 0.0502 0.0285 0.015 0.1438 0.1249 0.0969 0.0626 0.0364 0.0189 0.0072 0.1528 0.1356 0.112 0.0788 0.0481 0.0268 0.0116 0.0 0.1477 0.1272 0.098 0.0644 0.0387 0.0206 0.0081 0.1443 0.119 0.0856 0.0549 0.0332 0.0183 0.144 0.1123 0.0773 0.0504 0.0321 0.1445 0.1084 0.0756 0.0517 0.142 0.1062 0.0776 0.1341 0.1023 0.1227
-6.000 1.000 36 0.1412 0.1135 0.1448 0.0845 0.1161 0.1446 0.059 0.0857 0.1188 0.1407 0.0404 0.0596 0.0911 0.1213 0.1382 0.0266 0.0405 0.0659 0.0994 0.1244 0.1385 0.0164 0.0255 0.0466 0.0779 0.1085 0.1283 0.1411 0.0116 0.0126 0.0313 0.0591 0.0928 0.1188 0.1357 0.1477 0.0 0.0196 0.0443 0.0773 0.1091 0.1307 0.1457 0.0141 0.0348 0.0647 0.099 0.1259 0.1446 0.0322 0.0574 0.0917 0.1238 0.1473 0.0564 0.0874 0.1238 0.1534 0.0854 0.1206 0.1543 0.1133 0.1469 0.135
-4.000 1.000 30 0.142 0.1142 0.1392 0.0849 0.1116 0.1329 0.0591 0.081 0.1091 0.1259 0.0405 0.0547 0.0816 0.1073 0.121 0.0296 0.0344 0.0558 0.0856 0.1076 0.1199 0.0255 0.0203 0.034 0.0629 0.0913 0.1095 0.1215 0.0282 0.0139 0.0159 0.0422 0.0749 0.0996 0.1157 0.1272 0.0196 0.0 0.0254 0.0586 0.0895 0.1102 0.1246 0.0155 0.0175 0.0455 0.0789 0.1047 0.1226 0.025 0.0407 0.0719 0.102 0.1241 0.0466 0.0708 0.1029 0.1296 0.075 0.1041 0.1328 0.1046 0.1315 0.1273
-2.000 1.000 24 0.1455 0.1215 0.1327 0.0941 0.1092 0.1173 0.0704 0.0821 0.0968 0.104 0.0543 0.0578 0.0723 0.0874 0.0957 0.0467 0.0412 0.0481 0.0668 0.0828 0.0925 0.0464 0.0339 0.0284 0.0444 0.0669 0.0826 0.0934 0.0515 0.0359 0.0189 0.0217 0.0497 0.0721 0.0871 0.098 0.0443 0.0254 0.0 0.0323 0.0613 0.0808 0.0946 0.0395 0.0204 0.0229 0.0517 0.0754 0.0924 0.0407 0.0326 0.0491 0.0736 0.0934 0.0529 0.058 0.0777 0.0987 0.0754 0.0877 0.1065 0.0999 0.1143 0.1193
0.000 1.000 18 0.1413 0.1274 0.1164 0.1093 0.1032 0.0927 0.0921 0.0865 0.0799 0.0748 0.0804 0.0718 0.0641 0.0622 0.0639 0.0757 0.0633 0.0506 0.0468 0.0524 0.0596 0.0771 0.0624 0.0443 0.0309 0.0381 0.0502 0.0604 0.0833 0.0676 0.0479 0.0225 0.0207 0.0392 0.0535 0.0644 0.0773 0.0586 0.0323 0.0 0.0275 0.0464 0.0602 0.0731 0.0508 0.0234 0.0215 0.0413 0.0575 0.0723 0.0492 0.0335 0.0422 0.0582 0.0771 0.0588 0.0544 0.0647 0.0878 0.077 0.0779 0.1009 0.0949 0.1123
2.000 1.000 24 0.1258 0.1255 0.097 0.1197 0.0951 0.0712 0.1119 0.0909 0.0669 0.0524 0.1059 0.0876 0.0628 0.0453 0.0407 0.1042 0.0874 0.0621 0.0393 0.0318 0.0353 0.1066 0.0902 0.0667 0.0382 0.0222 0.026 0.0351 0.1141 0.0978 0.0763 0.0459 0.0175 0.0145 0.0275 0.0387 0.1091 0.0895 0.0613 0.0275 0.0 0.0194 0.0337 0.1047 0.0803 0.0478 0.0184 0.0156 0.0302 0.1028 0.0738 0.0422 0.0254 0.0314 0.1041 0.0725 0.0477 0.0418 0.1057 0.0773 0.0619 0.107 0.085 0.1056
4.000 1.000 30 0.112 0.1208 0.0841 0.1248 0.09 0.0604 0.1244 0.0948 0.0623 0.0424 0.1227 0.0988 0.0663 0.0415 0.0299 0.1233 0.1035 0.0733 0.0436 0.0263 0.0221 0.1267 0.109 0.0832 0.0508 0.0261 0.0155 0.0189 0.1353 0.1183 0.0956 0.0635 0.0327 0.0122 0.0106 0.0206 0.1307 0.1102 0.0808 0.0464 0.0194 0.0 0.0146 0.1265 0.1009 0.0668 0.035 0.0134 0.0118 0.1247 0.0932 0.058 0.0314 0.0193 0.1247 0.0885 0.0565 0.037 0.1218 0.0871 0.0616 0.1155 0.0873 0.1081
6.000 1.000 36 0.1028 0.1177 0.0779 0.1284 0.089 0.0566 0.1332 0.0991 0.0633 0.0404 0.1344 0.1074 0.0718 0.0439 0.0284 0.1363 0.1148 0.0824 0.0505 0.0301 0.0189 0.1406 0.1222 0.0951 0.0616 0.0354 0.0189 0.0116 0.1499 0.1324 0.109 0.0763 0.0453 0.0237 0.0092 0.0081 0.1457 0.1246 0.0946 0.0602 0.0337 0.0146 0.0 0.1422 0.1158 0.0812 0.0494 0.0264 0.0104 0.1413 0.1086 0.0726 0.0442 0.0245 0.1415 0.1037 0.0694 0.0449 0.1371 0.1001 0.0707 0.1268 0.0952 0.1142
-5.000 2.000 30 0.152 0.1238 0.1523 0.0938 0.1238 0.148 0.0685 0.0931 0.1233 0.1419 0.0493 0.0662 0.0958 0.1225 0.1365 0.0364 0.0465 0.07 0.101 0.1231 0.1356 0.0283 0.0313 0.0489 0.0786 0.1079 0.1264 0.1386 0.0255 0.0196 0.0311 0.0577 0.0904 0.1154 0.1321 0.1443 0.0141 0.0155 0.0395 0.0731 0.1047 0.1265 0.1422 0.0 0.025 0.0574 0.0939 0.1223 0.1423 0.0185 0.0465 0.0838 0.1186 0.1445 0.0429 0.0763 0.1149 0.1471 0.0716 0.1086 0.1446 0.0995 0.1336 0.1207
-3.000 2.000 24 0.1583 0.1312 0.1497 0.1015 0.1239 0.1371 0.0751 0.0949 0.1156 0.125 0.057 0.0683 0.0897 0.1082 0.1167 0.0464 0.0483 0.0645 0.0875 0.1039 0.1134 0.0425 0.0359 0.0425 0.0648 0.0886 0.1039 0.1145 0.0446 0.0312 0.0254 0.042 0.0701 0.0923 0.1076 0.119 0.0348 0.0175 0.0204 0.0508 0.0803 0.1009 0.1158 0.025 0.0 0.0326 0.068 0.0951 0.1142 0.0207 0.0235 0.0572 0.09 0.1147 0.0341 0.0536 0.0869 0.1163 0.0601 0.0857 0.1166 0.087 0.1133 0.1102
-1.000 2.000 18 0.1606 0.1409 0.1399 0.1165 0.1222 0.1178 0.0939 0.0995 0.1026 0.0995 0.0774 0.0788 0.0831 0.0862 0.0877 0.0692 0.0639 0.0636 0.0695 0.0761 0.0821 0.0679 0.0568 0.0486 0.0506 0.0618 0.0726 0.0817 0.0726 0.0575 0.0419 0.0323 0.0442 0.0612 0.0747 0.0856 0.0647 0.0455 0.0229 0.0234 0.0478 0.0668 0.0812 0.0574 0.0326 0.0 0.0335 0.0592 0.0778 0.0525 0.0258 0.0261 0.0537 0.0767 0.0536 0.0401 0.0545 0.0782 0.0652 0.0659 0.0821 0.0836 0.089 0.0986
1.000 2.000 18 0.1485 0.1414 0.1196 0.1284 0.1132 0.0927 0.114 0.1028 0.0854 0.0724 0.1031 0.0924 0.0767 0.064 0.0593 0.0983 0.0861 0.0693 0.0545 0.0503 0.053 0.0995 0.0853 0.0663 0.0465 0.0393 0.0441 0.0518 0.1054 0.0893 0.0695 0.0442 0.0275 0.0327 0.0442 0.0549 0.099 0.0789 0.0517 0.0215 0.0184 0.035 0.0494 0.0939 0.068 0.0335 0.0 0.0254 0.0443 0.0896 0.0578 0.0241 0.0211 0.0414 0.0869 0.0544 0.035 0.0439 0.0863 0.0617 0.0559 0.0885 0.0749 0.0925
3.000 2.000 24 0.1309 0.1349 0.101 0.1328 0.1033 0.075 0.127 0.1033 0.0748 0.0556 0.1216 0.1024 0.0745 0.0525 0.0427 0.1202 0.1031 0.077 0.0509 0.037 0.0351 0.1238 0.1071 0.0831 0.0533 0.0326 0.0275 0.032 0.1311 0.1139 0.0918 0.0614 0.0328 0.0194 0.0238 0.0332 0.1259 0.1047 0.0754 0.0413 0.0156 0.0134 0.0264 0.1223 0.0951 0.0592 0.0254 0.0 0.0193 0.1191 0.0851 0.0473 0.0184 0.0162 0.1156 0.0777 0.0438 0.0276 0.1104 0.0739 0.0503 0.1025 0.074 0.0958
5.000 2.000 30 0.1178 0.1291 0.0901 0.1351 0.0986 0.0665 0.1359 0.1052 0.0711 0.0491 0.1341 0.1101 0.0769 0.0502 0.0362 0.1349 0.1151 0.0849 0.0542 0.0354 0.0268 0.1401 0.122 0.0954 0.0623 0.0375 0.0237 0.0207 0.1488 0.1309 0.1075 0.0753 0.0444 0.0238 0.0146 0.0183 0.1446 0.1226 0.0924 0.0575 0.0302 0.0118 0.0104 0.1423 0.1142 0.0778 0.0443 0.0193 0.0 0.1408 0.1059 0.0674 0.0365 0.0145 0.1384 0.0988 0.0622 0.0352 0.131 0.0921 0.0608 0.1177 0.0854 0.1039
-4.000 3.000 24 0.1693 0.1406 0.1649 0.1104 0.1377 0.1559 0.0834 0.1069 0.1331 0.1457 0.0638 0.0803 0.1065 0.1281 0.1385 0.0518 0.0594 0.0803 0.1074 0.1252 0.1353 0.045 0.0444 0.0583 0.0846 0.11 0.1261 0.1375 0.0433 0.035 0.0397 0.0621 0.0923 0.1156 0.1316 0.144 0.0322 0.025 0.0407 0.0723 0.1028 0.1247 0.1413 0.0185 0.0207 0.0525 0.0896 0.1191 0.1408 0.0 0.0341 0.0753 0.1133 0.142 0.0244 0.061 0.1032 0.1389 0.0526 0.0902 0.128 0.0787 0.1138 0.1001
-2.000 3.000 18 0.1773 0.1529 0.1619 0.1238 0.1405 0.1427 0.0982 0.1138 0.1251 0.1255 0.0796 0.0884 0.1032 0.1114 0.1137 0.0683 0.0697 0.0801 0.0934 0.1021 0.1081 0.0645 0.0581 0.06 0.0731 0.0878 0.0987 0.1079 0.0666 0.054 0.046 0.0517 0.0701 0.0875 0.101 0.1123 0.0574 0.0407 0.0326 0.0492 0.0738 0.0932 0.1086 0.0465 0.0235 0.0258 0.0578 0.0851 0.1059 0.0341 0.0 0.0401 0.0763 0.104 0.0274 0.0297 0.0663 0.0998 0.0417 0.0609 0.0924 0.0647 0.0857 0.0842
0.000 3.000 12 0.1724 0.1589 0.1454 0.1392 0.1342 0.1186 0.1186 0.1182 0.109 0.097 0.1036 0.1017 0.0957 0.088 0.083 0.0956 0.0892 0.0827 0.0763 0.0737 0.0759 0.0946 0.0833 0.0725 0.0634 0.0625 0.067 0.0743 0.0993 0.0842 0.0682 0.0528 0.0485 0.0562 0.0667 0.0773 0.0917 0.0719 0.0491 0.0335 0.0422 0.058 0.0726 0.0838 0.0572 0.0261 0.0241 0.0473 0.0674 0.0753 0.0401 0.0 0.035 0.0623 0.0657 0.03 0.0281 0.0569 0.0609 0.0426 0.0551 0.0653 0.0619 0.0746
2.000 3.000 18 0.1537 0.1526 0.1227 0.1445 0.1221 0.0945 0.1333 0.1166 0.0924 0.0738 0.1242 0.1107 0.0892 0.069 0.0602 0.1204 0.1069 0.0864 0.0649 0.0536 0.052 0.1226 0.1075 0.0872 0.0627 0.0467 0.0446 0.0491 0.1303 0.1132 0.0924 0.0648 0.0417 0.0353 0.0414 0.0504 0.1238 0.102 0.0736 0.0422 0.0254 0.0314 0.0442 0.1186 0.09 0.0537 0.0211 0.0184 0.0365 0.1133 0.0763 0.035 0.0 0.0276 0.1038 0.0625 0.0254 0.0229 0.0918 0.0549 0.036 0.0812 0.0567 0.0758
4.000 3.000 24 0.1363 0.1441 0.1062 0.1451 0.1122 0.0809 0.1416 0.1154 0.0831 0.0616 0.138 0.1169 0.0865 0.0615 0.048 0.1372 0.1192 0.0916 0.0625 0.0455 0.039 0.1422 0.1244 0.0994 0.0678 0.0448 0.034 0.0337 0.1523 0.1338 0.1102 0.0779 0.0482 0.0305 0.0267 0.0321 0.1473 0.1241 0.0934 0.0582 0.0314 0.0193 0.0245 0.1445 0.1147 0.0767 0.0414 0.0162 0.0145 0.142 0.104 0.0623 0.0276 0.0 0.1342 0.0914 0.0512 0.0209 0.1196 0.0787 0.0459 0.1026 0.0686 0.0874
-3.000 4.000 18 0.1927 0.1654 0.1827 0.134 0.1579 0.1675 0.1058 0.1293 0.148 0.1525 0.0864 0.1016 0.1234 0.1377 0.1421 0.0743 0.0802 0.099 0.1188 0.1304 0.1375 0.0675 0.0661 0.0765 0.0971 0.116 0.1283 0.1383 0.0668 0.058 0.0584 0.0746 0.0983 0.1173 0.1319 0.1445 0.0564 0.0466 0.0529 0.0771 0.1041 0.1247 0.1415 0.0429 0.0341 0.0536 0.0869 0.1156 0.1384 0.0244 0.0274 0.0657 0.1038 0.1342 0.0 0.0417 0.0861 0.1234 0.0274 0.0656 0.1043 0.0526 0.0849 0.0722
-1.000 4.000 12 0.1964 0.1766 0.1739 0.1514 0.1582 0.1483 0.1271 0.1359 0.1367 0.1272 0.1079 0.1147 0.1196 0.1167 0.1129 0.0976 0.0977 0.101 0.1038 0.1034 0.1057 0.0942 0.0868 0.0853 0.0877 0.0914 0.097 0.1044 0.0968 0.0835 0.0742 0.071 0.0767 0.0861 0.0972 0.1084 0.0874 0.0708 0.058 0.0588 0.0725 0.0885 0.1037 0.0763 0.0536 0.0401 0.0544 0.0777 0.0988 0.061 0.0297 0.03 0.0625 0.0914 0.0417 0.0 0.0426 0.0788 0.0297 0.03 0.0633 0.0393 0.0537 0.055
1.000 4.000 12 0.1815 0.1751 0.1503 0.1604 0.1462 0.1214 0.144 0.1365 0.1166 0.0992 0.1311 0.1245 0.1103 0.0935 0.0839 0.1246 0.1159 0.1033 0.0866 0.0776 0.0759 0.1249 0.1123 0.0978 0.0807 0.0695 0.0681 0.0734 0.1312 0.1148 0.0972 0.0767 0.0608 0.0592 0.0657 0.0756 0.1238 0.1029 0.0777 0.0544 0.0477 0.0565 0.0694 0.1149 0.0869 0.0545 0.035 0.0438 0.0622 0.1032 0.0663 0.0281 0.0254 0.0512 0.0861 0.0426 0.0 0.036 0.0663 0.0284 0.0262 0.0537 0.0356 0.0517
3.000 4.000 18 0.1604 0.1645 0.129 0.1609 0.1319 0.1009 0.1527 0.1318 0.1025 0.0797 0.1464 0.1298 0.1026 0.0787 0.066 0.1448 0.1289 0.1048 0.0787 0.0619 0.0573 0.1487 0.1318 0.1092 0.0802 0.0595 0.0515 0.0521 0.1586 0.1396 0.1169 0.0867 0.0595 0.0454 0.0455 0.0517 0.1534 0.1296 0.0987 0.0647 0.0418 0.037 0.0449 0.1471 0.1163 0.0782 0.0439 0.0276 0.0352 0.1389 0.0998 0.0569 0.0229 0.0209 0.1234 0.0788 0.036 0.0 0.1005 0.0584 0.0241 0.0783 0.0458 0.0632
-2.000 5.000 12 0.2192 0.1946 0.2019 0.1641 0.1823 0.18 0.1368 0.1558 0.165 0.16 0.1163 0.1296 0.1451 0.1485 0.1461 0.1031 0.1092 0.1228 0.1331 0.1362 0.139 0.0969 0.0949 0.1021 0.1147 0.1238 0.1302 0.1379 0.0959 0.087 0.0857 0.0944 0.1079 0.1194 0.1306 0.142 0.0854 0.075 0.0754 0.0878 0.1057 0.1218 0.1371 0.0716 0.0601 0.0652 0.0863 0.1104 0.131 0.0526 0.0417 0.0609 0.0918 0.1196 0.0274 0.0297 0.0663 0.1005 0.0 0.0393 0.0758 0.0245 0.0545 0.0438
0.000 5.000 6 0.2127 0.2001 0.184 0.1796 0.1748 0.1549 0.1573 0.1598 0.1481 0.1309 0.1404 0.1427 0.1371 0.1248 0.1152 0.1306 0.1283 0.1252 0.1162 0.1081 0.1067 0.1275 0.1196 0.1137 0.1059 0.0995 0.099 0.1039 0.1302 0.117 0.1061 0.0956 0.0888 0.0895 0.0965 0.1062 0.1206 0.1041 0.0877 0.077 0.0773 0.0871 0.1001 0.1086 0.0857 0.0659 0.0617 0.0739 0.0921 0.0902 0.0609 0.0426 0.0549 0.0787 0.0656 0.03 0.0284 0.0584 0.0393 0.0 0.0356 0.0246 0.0231 0.0296
2.000 5.000 12 0.1914 0.1906 0.1584 0.1817 0.1596 0.1281 0.169 0.1545 0.1284 0.106 0.1587 0.148 0.1269 0.1033 0.0912 0.1542 0.1427 0.1244 0.1015 0.0866 0.0818 0.1559 0.1413 0.1238 0.1005 0.082 0.076 0.0775 0.1622 0.145 0.126 0.1014 0.0787 0.0689 0.0704 0.0776 0.1543 0.1328 0.1065 0.0779 0.0619 0.0616 0.0707 0.1446 0.1166 0.0821 0.0559 0.0503 0.0608 0.128 0.0924 0.0551 0.036 0.0459 0.1043 0.0633 0.0262 0.0241 0.0758 0.0356 0.0 0.0515 0.0211 0.0384
-1.000 6.000 6 0.2401 0.221 0.2152 0.1943 0.2017 0.1873 0.1676 0.1805 0.1779 0.1632 0.1469 0.1578 0.1633 0.1557 0.1463 0.1334 0.1382 0.146 0.1447 0.1389 0.1371 0.1263 0.1248 0.1284 0.1311 0.1295 0.1289 0.1332 0.124 0.1164 0.1134 0.1159 0.1163 0.1192 0.1251 0.1341 0.1133 0.1046 0.0999 0.1009 0.107 0.1155 0.1268 0.0995 0.087 0.0836 0.0885 0.1025 0.1177 0.0787 0.0647 0.0653 0.0812 0.1026 0.0526 0.0393 0.0537 0.0783 0.0245 0.0246 0.0515 0.0 0.0296 0.0192
1.000 6.000 6 0.2233 0.2171 0.1906 0.2018 0.1878 0.1592 0.1833 0.1783 0.1572 0.1347 0.168 0.166 0.1521 0.1316 0.1183 0.1598 0.1548 0.1449 0.1276 0.1132 0.1082 0.1567 0.1473 0.1384 0.1224 0.1077 0.1021 0.1031 0.1584 0.1448 0.1331 0.1169 0.1019 0.0939 0.0961 0.1023 0.1469 0.1315 0.1143 0.0949 0.085 0.0873 0.0952 0.1336 0.1133 0.089 0.0749 0.074 0.0854 0.1138 0.0857 0.0619 0.0567 0.0686 0.0849 0.0537 0.0356 0.0458 0.0545 0.0231 0.0211 0.0296 0.0 0.0176
0.000 7.000 0 0.25 0.2372 0.2188 0.2152 0.212 0.1866 0.1915 0.1967 0.1827 0.1609 0.1715 0.1781 0.1742 0.1564 0.1424 0.1578 0.1618 0.1618 0.1505 0.1375 0.1308 0.1511 0.1485 0.1481 0.1426 0.1302 0.1246 0.1252 0.1473 0.1397 0.137 0.1313 0.1222 0.1169 0.1172 0.1227 0.135 0.1273 0.1193 0.1123 0.1056 0.1081 0.1142 0.1207 0.1102 0.0986 0.0925 0.0958 0.1039 0.1001 0.0842 0.0746 0.0758 0.0874 0.0722 0.055 0.0517 0.0632 0.0438 0.0296 0.0384 0.0192 0.0176 0.0