n 64
m 2
tmax 25.0
Vmax 1.6
Vmin 1.4
kappa 1
dmax 30.0
0.000 -7.000 0 0.0 0.0255 0.0286 0.0502 0.0399 0.0618 0.0734 0.0608 0.0682 0.0953 0.0952 0.0823 0.0828 0.1014 0.1248 0.1157 0.1032 0.0996 0.1123 0.1338 0.1456 0.1365 0.1232 0.1167 0.1247 0.1445 0.1582 0.1605 0.1593 0.1428 0.134 0.1364 0.1547 0.1731 0.1739 0.1729 0.1642 0.1509 0.1481 0.1622 0.1849 0.1916 0.1856 0.1693 0.161 0.1676 0.1917 0.2092 0.2022 0.175 0.1741 0.1935 0.2201 0.2231 0.1831 0.1933 0.223 0.2414 0.1952 0.2194 0.25 0.2143 0.2485 0.2401
-1.000 -6.000 6 0.0255 0.0 0.0399 0.0246 0.0273 0.0682 0.0477 0.0371 0.0589 0.1 0.0693 0.0561 0.0624 0.0935 0.1298 0.0898 0.0763 0.0746 0.0939 0.1279 0.1516 0.1107 0.0962 0.0901 0.1 0.1286 0.1552 0.1674 0.1342 0.1159 0.1066 0.1095 0.1306 0.16 0.1739 0.181 0.1379 0.1236 0.1206 0.1339 0.1632 0.1829 0.1882 0.1422 0.1331 0.1388 0.163 0.1908 0.1991 0.1476 0.1454 0.1619 0.1936 0.2098 0.1547 0.1622 0.1903 0.2184 0.1652 0.1848 0.2194 0.181 0.2123 0.2028
1.000 -6.000 6 0.0286 0.0399 0.0 0.0613 0.0307 0.0327 0.0836 0.0588 0.0461 0.0654 0.105 0.0838 0.0701 0.0749 0.0928 0.1257 0.1067 0.0936 0.0933 0.1037 0.1138 0.1468 0.1279 0.1148 0.1129 0.1207 0.1267 0.1282 0.1694 0.1484 0.134 0.1299 0.1384 0.1444 0.1412 0.1396 0.1697 0.1521 0.1451 0.1521 0.1635 0.1605 0.1511 0.1706 0.1592 0.1621 0.178 0.1819 0.1692 0.1739 0.1712 0.1856 0.2009 0.1924 0.1806 0.1893 0.2118 0.2155 0.1931 0.2139 0.233 0.2122 0.2398 0.2369
-2.000 -5.000 12 0.0502 0.0246 0.0613 0.0 0.0371 0.0833 0.0231 0.0251 0.0627 0.1108 0.0447 0.0342 0.053 0.0942 0.1369 0.0654 0.0521 0.0562 0.0842 0.1271 0.1591 0.0863 0.0713 0.0678 0.0827 0.1181 0.1545 0.1741 0.1099 0.091 0.0827 0.088 0.1129 0.15 0.1738 0.186 0.1131 0.099 0.0976 0.1118 0.1449 0.1745 0.1889 0.1177 0.1093 0.115 0.1398 0.1737 0.1927 0.1237 0.1217 0.1364 0.1695 0.1964 0.131 0.1366 0.1628 0.1958 0.1407 0.1565 0.1907 0.1539 0.1814 0.1722
0.000 -5.000 6 0.0399 0.0273 0.0307 0.0371 0.0 0.0461 0.0564 0.0279 0.0315 0.074 0.077 0.053 0.0421 0.0658 0.1008 0.0971 0.076 0.0624 0.0706 0.0988 0.123 0.1179 0.0972 0.0828 0.0835 0.1032 0.1263 0.1382 0.1413 0.1177 0.1021 0.0979 0.1115 0.1335 0.1443 0.1502 0.1399 0.1204 0.1122 0.1204 0.1412 0.1549 0.1568 0.1396 0.1266 0.1285 0.1477 0.1669 0.1685 0.1417 0.1371 0.1513 0.1752 0.1835 0.1472 0.1536 0.1784 0.1973 0.1575 0.1769 0.2042 0.1744 0.2035 0.1974
2.000 -5.000 12 0.0618 0.0682 0.0327 0.0833 0.0461 0.0 0.1018 0.0699 0.0336 0.0318 0.1213 0.0939 0.0658 0.0473 0.0586 0.1406 0.1165 0.0937 0.0755 0.0709 0.0784 0.1608 0.1375 0.1176 0.1031 0.094 0.0906 0.0928 0.1835 0.1575 0.138 0.1261 0.1195 0.1117 0.1044 0.1041 0.1781 0.1566 0.1441 0.1408 0.1368 0.1236 0.1139 0.1749 0.1597 0.1568 0.159 0.1488 0.1309 0.1748 0.1686 0.1743 0.1742 0.1545 0.1795 0.1839 0.1931 0.1818 0.1903 0.2032 0.2063 0.2074 0.2216 0.2269
-3.000 -4.000 18 0.0734 0.0477 0.0836 0.0231 0.0564 0.1018 0.0 0.0342 0.0755 0.1256 0.0217 0.0233 0.0565 0.1023 0.1486 0.0425 0.0319 0.0481 0.0841 0.1312 0.1668 0.0639 0.049 0.0515 0.0743 0.1148 0.1573 0.1817 0.0875 0.0683 0.0627 0.0735 0.1026 0.145 0.1753 0.1919 0.0905 0.0776 0.0793 0.097 0.1328 0.1689 0.1881 0.0962 0.0895 0.0972 0.123 0.1609 0.1872 0.1033 0.1024 0.1175 0.1511 0.1839 0.1115 0.1169 0.1415 0.1776 0.1209 0.135 0.1676 0.1329 0.157 0.1488
-1.000 -4.000 12 0.0608 0.0371 0.0588 0.0251 0.0279 0.0699 0.0342 0.0 0.0421 0.0917 0.0522 0.0252 0.028 0.0704 0.1144 0.0718 0.0482 0.0371 0.0593 0.1012 0.1331 0.0921 0.0697 0.0553 0.0613 0.0928 0.1288 0.1488 0.1154 0.0903 0.0741 0.0716 0.0908 0.1247 0.1474 0.1599 0.1127 0.0925 0.0845 0.0939 0.1224 0.1487 0.1606 0.112 0.0987 0.1003 0.1212 0.1505 0.1649 0.1141 0.1087 0.1214 0.1504 0.171 0.1192 0.1235 0.1475 0.1754 0.1281 0.1439 0.1748 0.1421 0.1689 0.1617
1.000 -4.000 12 0.0682 0.0589 0.0461 0.0627 0.0315 0.0336 0.0755 0.0421 0.0 0.0473 0.0925 0.0628 0.0317 0.0339 0.0701 0.1108 0.0842 0.0592 0.0468 0.0661 0.0896 0.1296 0.1044 0.0827 0.0697 0.0748 0.0916 0.1047 0.1519 0.1242 0.1031 0.0906 0.0914 0.1014 0.1098 0.1164 0.1454 0.1218 0.1083 0.1077 0.1162 0.1214 0.122 0.1407 0.124 0.1208 0.1305 0.1369 0.1337 0.1394 0.1322 0.1405 0.1528 0.1509 0.1431 0.1472 0.1639 0.1694 0.153 0.1684 0.1844 0.1696 0.1916 0.1912
3.000 -4.000 18 0.0953 0.1 0.0654 0.1108 0.074 0.0318 0.1256 0.0917 0.0473 0.0 0.1418 0.1112 0.0745 0.0318 0.0263 0.159 0.1311 0.1011 0.0661 0.0411 0.0459 0.1772 0.1505 0.125 0.0978 0.0699 0.057 0.0605 0.1981 0.1688 0.1448 0.1243 0.1015 0.0796 0.0696 0.0718 0.1885 0.1626 0.1441 0.1294 0.1083 0.0878 0.0792 0.1802 0.1606 0.1494 0.1364 0.1136 0.094 0.176 0.1642 0.159 0.1424 0.116 0.1771 0.1734 0.1676 0.1437 0.1834 0.1854 0.1719 0.195 0.1939 0.2072
-4.000 -3.000 24 0.0952 0.0693 0.105 0.0447 0.077 0.1213 0.0217 0.0522 0.0925 0.1418 0.0 0.0319 0.0685 0.1147 0.1626 0.0209 0.0219 0.0518 0.0911 0.1401 0.1778 0.0426 0.0304 0.0445 0.0746 0.1178 0.162 0.1885 0.067 0.048 0.0482 0.0667 0.0995 0.1447 0.1789 0.198 0.0704 0.06 0.0669 0.0888 0.1267 0.1667 0.1898 0.0777 0.074 0.0855 0.1126 0.1529 0.1823 0.0869 0.088 0.1045 0.1385 0.1747 0.0962 0.1026 0.1264 0.1633 0.1059 0.1191 0.1504 0.1173 0.1388 0.1312
-2.000 -3.000 18 0.0823 0.0561 0.0838 0.0342 0.053 0.0939 0.0233 0.0252 0.0628 0.1112 0.0319 0.0 0.0371 0.084 0.1309 0.0492 0.0232 0.0248 0.0618 0.11 0.1461 0.0692 0.0447 0.0332 0.051 0.0914 0.133 0.1575 0.0919 0.0657 0.05 0.0528 0.0794 0.121 0.1515 0.1682 0.088 0.0681 0.0625 0.0757 0.1095 0.1445 0.1635 0.0876 0.0754 0.0788 0.1019 0.1375 0.161 0.0908 0.0862 0.0988 0.13 0.1592 0.0965 0.1001 0.123 0.1557 0.105 0.1183 0.1492 0.1172 0.1409 0.1338
0.000 -3.000 12 0.0828 0.0624 0.0701 0.053 0.0421 0.0658 0.0565 0.028 0.0317 0.0745 0.0685 0.0371 0.0 0.0468 0.0913 0.0845 0.0557 0.0275 0.0313 0.0738 0.1065 0.1028 0.0753 0.051 0.0409 0.0645 0.0983 0.119 0.1237 0.0943 0.0717 0.0587 0.0674 0.0949 0.1175 0.1302 0.1153 0.0904 0.0759 0.0773 0.097 0.1191 0.1302 0.1095 0.0917 0.0882 0.1023 0.1239 0.1347 0.1076 0.0991 0.1078 0.1289 0.143 0.1104 0.1129 0.1324 0.1519 0.1189 0.1332 0.157 0.1334 0.1572 0.1535
2.000 -3.000 18 0.1014 0.0935 0.0749 0.0942 0.0658 0.0473 0.1023 0.0704 0.0339 0.0318 0.1147 0.084 0.0468 0.0 0.0411 0.1297 0.1008 0.0695 0.0336 0.0314 0.0572 0.1466 0.1184 0.0912 0.0644 0.0463 0.0562 0.071 0.1658 0.1355 0.1105 0.0894 0.0726 0.0677 0.0735 0.082 0.1546 0.128 0.1092 0.0968 0.0886 0.0846 0.0856 0.1456 0.1256 0.1157 0.1108 0.1036 0.0962 0.1408 0.1297 0.1285 0.1256 0.1139 0.1419 0.1408 0.1444 0.1361 0.1495 0.1565 0.1575 0.1633 0.1727 0.1798
4.000 -3.000 24 0.1248 0.1298 0.0928 0.1369 0.1008 0.0586 0.1486 0.1144 0.0701 0.0263 0.1626 0.1309 0.0913 0.0411 0.0 0.1764 0.1466 0.113 0.0691 0.0256 0.0198 0.1917 0.1624 0.1328 0.0983 0.0562 0.031 0.0347 0.2103 0.1788 0.1515 0.1244 0.0887 0.0546 0.042 0.0468 0.1958 0.1671 0.1435 0.1185 0.0844 0.0586 0.0521 0.1828 0.1593 0.1405 0.1153 0.0831 0.0642 0.1744 0.1566 0.1406 0.1122 0.0834 0.1707 0.1585 0.1405 0.109 0.1722 0.1619 0.1372 0.1757 0.1625 0.1798
-5.000 -2.000 30 0.1157 0.0898 0.1257 0.0654 0.0971 0.1406 0.0425 0.0718 0.1108 0.159 0.0209 0.0492 0.0845 0.1297 0.1764 0.0 0.0304 0.0633 0.1023 0.1513 0.1898 0.022 0.0214 0.0484 0.0815 0.1249 0.1701 0.1974 0.0466 0.0311 0.0425 0.0678 0.1025 0.1479 0.1828 0.203 0.0518 0.0478 0.0619 0.0871 0.1257 0.1675 0.1927 0.0632 0.0645 0.0799 0.1081 0.1493 0.1812 0.0754 0.0799 0.0976 0.1315 0.1686 0.0865 0.0941 0.1174 0.1541 0.097 0.1093 0.1389 0.1076 0.1267 0.1201
-3.000 -2.000 24 0.1032 0.0763 0.1067 0.0521 0.076 0.1165 0.0319 0.0482 0.0842 0.1311 0.0219 0.0232 0.0557 0.1008 0.1466 0.0304 0.0 0.0332 0.073 0.1222 0.1598 0.0483 0.0217 0.0224 0.0533 0.097 0.1414 0.1677 0.0711 0.0429 0.0304 0.0444 0.0774 0.1219 0.1552 0.1744 0.066 0.0466 0.0468 0.0665 0.1037 0.1436 0.1666 0.0664 0.0567 0.0645 0.0903 0.1297 0.1586 0.0711 0.0692 0.0837 0.1164 0.1505 0.0785 0.0832 0.1059 0.1409 0.0875 0.0999 0.1301 0.0989 0.1201 0.1133
-1.000 -2.000 18 0.0996 0.0746 0.0936 0.0562 0.0624 0.0937 0.0481 0.0371 0.0592 0.1011 0.0518 0.0248 0.0275 0.0695 0.113 0.0633 0.0332 0.0 0.0409 0.0897 0.1253 0.0796 0.0503 0.0237 0.0263 0.0672 0.1093 0.1338 0.1003 0.069 0.0445 0.0339 0.0548 0.0948 0.1245 0.1417 0.0893 0.0637 0.0492 0.0549 0.0847 0.1186 0.1373 0.0828 0.0651 0.0623 0.0807 0.1127 0.1346 0.081 0.0724 0.0814 0.1085 0.134 0.0841 0.0853 0.1054 0.1335 0.0915 0.1037 0.131 0.1039 0.1263 0.1214
1.000 -2.000 18 0.1123 0.0939 0.0933 0.0842 0.0706 0.0755 0.0841 0.0593 0.0468 0.0661 0.0911 0.0618 0.0313 0.0336 0.0691 0.1023 0.073 0.0409 0.0 0.0463 0.0787 0.1172 0.088 0.0593 0.0302 0.0326 0.0668 0.0884 0.1362 0.1043 0.0776 0.0548 0.044 0.0622 0.0835 0.0978 0.1219 0.0942 0.0744 0.0637 0.0692 0.0846 0.0962 0.1116 0.0906 0.0806 0.0827 0.0927 0.1004 0.1061 0.0942 0.0956 0.1047 0.1103 0.1065 0.1055 0.1159 0.1234 0.1136 0.1231 0.1358 0.1273 0.1435 0.1456
3.000 -2.000 24 0.1338 0.1279 0.1037 0.1271 0.0988 0.0709 0.1312 0.1012 0.0661 0.0411 0.1401 0.11 0.0738 0.0314 0.0256 0.1513 0.1222 0.0897 0.0463 0.0 0.031 0.1646 0.1354 0.106 0.0715 0.0304 0.0245 0.0426 0.1818 0.1495 0.1218 0.0946 0.0622 0.0381 0.0417 0.0536 0.1655 0.137 0.114 0.0901 0.0643 0.0517 0.0545 0.1523 0.1294 0.1122 0.0923 0.0719 0.0628 0.1436 0.1278 0.1161 0.0976 0.0792 0.1407 0.1324 0.1219 0.102 0.144 0.1407 0.1269 0.1521 0.1477 0.1616
5.000 -2.000 30 0.1456 0.1516 0.1138 0.1591 0.123 0.0784 0.1668 0.1331 0.0896 0.0459 0.1778 0.1461 0.1065 0.0572 0.0198 0.1898 0.1598 0.1253 0.0787 0.031 0.0 0.2016 0.1716 0.1407 0.1029 0.0548 0.0187 0.0152 0.217 0.1838 0.1545 0.1238 0.0832 0.0416 0.0229 0.0276 0.1987 0.1687 0.1423 0.111 0.0692 0.0394 0.0322 0.1817 0.1559 0.132 0.0987 0.062 0.0433 0.1685 0.1476 0.1242 0.0893 0.0605 0.1615 0.143 0.117 0.0832 0.1578 0.1394 0.1094 0.1563 0.1341 0.1527
-6.000 -1.000 36 0.1365 0.1107 0.1468 0.0863 0.1179 0.1608 0.0639 0.0921 0.1296 0.1772 0.0426 0.0692 0.1028 0.1466 0.1917 0.022 0.0483 0.0796 0.1172 0.1646 0.2016 0.0 0.0311 0.0608 0.0932 0.1352 0.1803 0.2074 0.0246 0.0231 0.0482 0.0761 0.1103 0.1551 0.1903 0.2104 0.035 0.0446 0.0656 0.0924 0.1305 0.1715 0.1967 0.0532 0.0631 0.0817 0.1099 0.1507 0.1835 0.07 0.0788 0.0976 0.1307 0.1681 0.0838 0.0926 0.1153 0.1513 0.0949 0.1068 0.1344 0.1053 0.1222 0.1164
-4.000 -1.000 30 0.1232 0.0962 0.1279 0.0713 0.0972 0.1375 0.049 0.0697 0.1044 0.1505 0.0304 0.0447 0.0753 0.1184 0.1624 0.0214 0.0217 0.0503 0.088 0.1354 0.1716 0.0311 0.0 0.0304 0.0634 0.1063 0.1513 0.1778 0.0519 0.0215 0.0208 0.0471 0.082 0.1272 0.1618 0.1814 0.0451 0.0293 0.0402 0.0657 0.1043 0.1447 0.1692 0.0476 0.0438 0.058 0.0859 0.1267 0.1585 0.0559 0.0584 0.0757 0.1091 0.1457 0.0656 0.0727 0.0957 0.1316 0.0757 0.0882 0.1176 0.0866 0.1063 0.0996
-2.000 -1.000 24 0.1167 0.0901 0.1148 0.0678 0.0828 0.1176 0.0515 0.0553 0.0827 0.125 0.0445 0.0332 0.051 0.0912 0.1328 0.0484 0.0224 0.0237 0.0593 0.106 0.1407 0.0608 0.0304 0.0 0.0339 0.0778 0.122 0.1473 0.0799 0.0469 0.021 0.022 0.0554 0.1001 0.1332 0.1518 0.0675 0.0404 0.0289 0.0443 0.081 0.1193 0.1419 0.0603 0.0432 0.0448 0.0685 0.1065 0.1349 0.0594 0.0524 0.064 0.0945 0.1271 0.0635 0.0656 0.0862 0.119 0.0713 0.0825 0.1106 0.0826 0.1029 0.0977
0.000 -1.000 18 0.1247 0.1 0.1129 0.0827 0.0835 0.1031 0.0743 0.0613 0.0697 0.0978 0.0746 0.051 0.0409 0.0644 0.0983 0.0815 0.0533 0.0263 0.0302 0.0715 0.1029 0.0932 0.0634 0.0339 0.0 0.044 0.0857 0.1089 0.1107 0.0777 0.0497 0.0246 0.0285 0.068 0.0977 0.1147 0.0954 0.0662 0.0443 0.036 0.0581 0.0891 0.108 0.0829 0.0612 0.0505 0.0593 0.0849 0.1059 0.0766 0.064 0.0665 0.0855 0.1064 0.0765 0.0746 0.0886 0.1093 0.0828 0.0918 0.1121 0.0949 0.1132 0.1122
2.000 -1.000 24 0.1445 0.1286 0.1207 0.1181 0.1032 0.094 0.1148 0.0928 0.0748 0.0699 0.1178 0.0914 0.0645 0.0463 0.0562 0.1249 0.097 0.0672 0.0326 0.0304 0.0548 0.1352 0.1063 0.0778 0.044 0.0 0.0381 0.0598 0.151 0.1185 0.0909 0.0634 0.031 0.0289 0.0518 0.0676 0.134 0.1048 0.0809 0.0581 0.042 0.0507 0.0638 0.1189 0.0959 0.0788 0.065 0.0608 0.0661 0.11 0.0945 0.0854 0.0789 0.076 0.1073 0.1005 0.0978 0.0924 0.1114 0.1121 0.1107 0.1214 0.1257 0.1347
4.000 -1.000 30 0.1582 0.1552 0.1267 0.1545 0.1263 0.0906 0.1573 0.1288 0.0916 0.057 0.162 0.133 0.0983 0.0562 0.031 0.1701 0.1414 0.1093 0.0668 0.0245 0.0187 0.1803 0.1513 0.122 0.0857 0.0381 0.0 0.0229 0.194 0.1614 0.1331 0.1034 0.0634 0.0231 0.0176 0.0325 0.1745 0.1446 0.1186 0.0887 0.0506 0.0276 0.0308 0.1576 0.1329 0.1105 0.0792 0.0486 0.0374 0.1451 0.1256 0.1049 0.075 0.0525 0.1379 0.123 0.1019 0.0743 0.136 0.1231 0.0993 0.1376 0.1228 0.1396
6.000 -1.000 36 0.1605 0.1674 0.1282 0.1741 0.1382 0.0928 0.1817 0.1488 0.1047 0.0605 0.1885 0.1575 0.119 0.071 0.0347 0.1974 0.1677 0.1338 0.0884 0.0426 0.0152 0.2074 0.1778 0.1473 0.1089 0.0598 0.0229 0.0 0.2197 0.1866 0.1574 0.1261 0.0833 0.0399 0.0143 0.0126 0.1979 0.1673 0.1397 0.1064 0.0631 0.0307 0.0184 0.1789 0.1525 0.1264 0.0892 0.0509 0.0307 0.163 0.1403 0.1131 0.0752 0.0468 0.1515 0.131 0.1009 0.067 0.1453 0.1226 0.0906 0.1394 0.1136 0.1328
-7.000 0.000 42 0.1593 0.1342 0.1694 0.1099 0.1413 0.1835 0.0875 0.1154 0.1519 0.1981 0.067 0.0919 0.1237 0.1658 0.2103 0.0466 0.0711 0.1003 0.1362 0.1818 0.217 0.0246 0.0519 0.0799 0.1107 0.151 0.194 0.2197 0.0 0.035 0.0638 0.0911 0.1235 0.167 0.2018 0.2212 0.0262 0.0532 0.0778 0.1042 0.1408 0.1812 0.2062 0.051 0.0707 0.0916 0.1196 0.159 0.1909 0.0715 0.0857 0.1051 0.1369 0.174 0.0875 0.0988 0.1208 0.1556 0.0994 0.1118 0.1386 0.1099 0.1255 0.1202
-5.000 0.000 36 0.1428 0.1159 0.1484 0.091 0.1177 0.1575 0.0683 0.0903 0.1242 0.1688 0.048 0.0657 0.0943 0.1355 0.1788 0.0311 0.0429 0.069 0.1043 0.1495 0.1838 0.0231 0.0215 0.0469 0.0777 0.1185 0.1614 0.1866 0.035 0.0 0.0293 0.0574 0.0909 0.1351 0.1697 0.1888 0.0239 0.0212 0.0441 0.0714 0.1092 0.1498 0.1745 0.0318 0.0396 0.0594 0.0884 0.1285 0.1602 0.0461 0.0551 0.0746 0.1076 0.145 0.059 0.069 0.0921 0.1279 0.0702 0.0832 0.1117 0.081 0.0994 0.0928
-3.000 0.000 30 0.134 0.1066 0.134 0.0827 0.1021 0.138 0.0627 0.0741 0.1031 0.1448 0.0482 0.05 0.0717 0.1105 0.1515 0.0425 0.0304 0.0445 0.0776 0.1218 0.1545 0.0482 0.0208 0.021 0.0497 0.0909 0.1331 0.1574 0.0638 0.0293 0.0 0.0289 0.0636 0.1083 0.1422 0.1607 0.048 0.0196 0.0193 0.0453 0.0838 0.1239 0.1479 0.0399 0.0262 0.0372 0.0653 0.1051 0.1356 0.0411 0.0391 0.0553 0.0878 0.1239 0.0479 0.0532 0.0752 0.1102 0.0572 0.0689 0.0974 0.0683 0.0874 0.0816
-1.000 0.000 24 0.1364 0.1095 0.1299 0.088 0.0979 0.1261 0.0735 0.0716 0.0906 0.1243 0.0667 0.0528 0.0587 0.0894 0.1244 0.0678 0.0444 0.0339 0.0548 0.0946 0.1238 0.0761 0.0471 0.022 0.0246 0.0634 0.1034 0.1261 0.0911 0.0574 0.0289 0.0 0.036 0.0806 0.1126 0.1299 0.0736 0.0435 0.02 0.0225 0.059 0.0971 0.1193 0.0604 0.0372 0.0283 0.047 0.083 0.1102 0.0535 0.0405 0.0461 0.073 0.104 0.0534 0.0514 0.0684 0.0976 0.0592 0.0679 0.0924 0.0701 0.0883 0.0855
1.000 0.000 24 0.1547 0.1306 0.1384 0.1129 0.1115 0.1195 0.1026 0.0908 0.0914 0.1015 0.0995 0.0794 0.0674 0.0726 0.0887 0.1025 0.0774 0.0548 0.044 0.0622 0.0832 0.1103 0.082 0.0554 0.0285 0.031 0.0634 0.0833 0.1235 0.0909 0.0636 0.036 0.0 0.042 0.0709 0.0869 0.105 0.0755 0.0509 0.0265 0.0291 0.0598 0.0791 0.0897 0.0654 0.047 0.0386 0.0553 0.0747 0.0788 0.0627 0.0549 0.0608 0.0754 0.0755 0.0685 0.0718 0.0817 0.079 0.0819 0.0911 0.0893 0.0993 0.1041
3.000 0.000 30 0.1731 0.16 0.1444 0.15 0.1335 0.1117 0.145 0.1247 0.1014 0.0796 0.1447 0.121 0.0949 0.0677 0.0546 0.1479 0.1219 0.0948 0.0622 0.0381 0.0416 0.1551 0.1272 0.1001 0.068 0.0289 0.0231 0.0399 0.167 0.1351 0.1083 0.0806 0.042 0.0 0.0276 0.0444 0.147 0.1179 0.093 0.0638 0.0272 0.0218 0.0379 0.1297 0.105 0.0828 0.0551 0.0339 0.0373 0.117 0.0984 0.079 0.057 0.0463 0.1105 0.0973 0.081 0.0641 0.1098 0.1009 0.0859 0.114 0.1057 0.1204
5.000 0.000 36 0.1739 0.1739 0.1412 0.1738 0.1443 0.1044 0.1753 0.1474 0.1098 0.0696 0.1789 0.1515 0.1175 0.0735 0.042 0.1828 0.1552 0.1245 0.0835 0.0417 0.0229 0.1903 0.1618 0.1332 0.0977 0.0518 0.0176 0.0143 0.2018 0.1697 0.1422 0.1126 0.0709 0.0276 0.0 0.0184 0.1795 0.15 0.1238 0.0915 0.0487 0.0166 0.0137 0.1597 0.1339 0.1087 0.0737 0.0371 0.0207 0.145 0.1236 0.0977 0.0616 0.0359 0.1343 0.1152 0.0873 0.0562 0.1278 0.1087 0.0798 0.1239 0.1025 0.1201
7.000 0.000 42 0.1729 0.181 0.1396 0.186 0.1502 0.1041 0.1919 0.1599 0.1164 0.0718 0.198 0.1682 0.1302 0.082 0.0468 0.203 0.1744 0.1417 0.0978 0.0536 0.0276 0.2104 0.1814 0.1518 0.1147 0.0676 0.0325 0.0126 0.2212 0.1888 0.1607 0.1299 0.0869 0.0444 0.0184 0.0 0.1976 0.1678 0.1408 0.1072 0.0635 0.0309 0.0122 0.1762 0.1499 0.1233 0.0862 0.048 0.0255 0.1595 0.1366 0.1079 0.0691 0.0408 0.1462 0.1244 0.0925 0.059 0.1361 0.1128 0.0803 0.1285 0.1014 0.1192
-6.000 1.000 36 0.1642 0.1379 0.1697 0.1131 0.1399 0.1781 0.0905 0.1127 0.1454 0.1885 0.0704 0.088 0.1153 0.1546 0.1958 0.0518 0.066 0.0893 0.1219 0.1655 0.1987 0.035 0.0451 0.0675 0.0954 0.134 0.1745 0.1979 0.0262 0.0239 0.048 0.0736 0.105 0.147 0.1795 0.1976 0.0 0.0318 0.0569 0.0828 0.1186 0.1586 0.1828 0.0243 0.0465 0.0685 0.0964 0.1354 0.1669 0.0444 0.0604 0.0813 0.1135 0.1496 0.0598 0.0727 0.0954 0.1303 0.0718 0.0855 0.1127 0.0824 0.0998 0.0932
-4.000 1.000 30 0.1509 0.1236 0.1521 0.099 0.1204 0.1566 0.0776 0.0925 0.1218 0.1626 0.06 0.0681 0.0904 0.128 0.1671 0.0478 0.0466 0.0637 0.0942 0.137 0.1687 0.0446 0.0293 0.0404 0.0662 0.1048 0.1446 0.1673 0.0532 0.0212 0.0196 0.0435 0.0755 0.1179 0.15 0.1678 0.0318 0.0 0.0262 0.0533 0.0904 0.1306 0.1545 0.0207 0.0183 0.0394 0.0686 0.1083 0.1396 0.0265 0.034 0.0544 0.0876 0.1237 0.0379 0.0482 0.0712 0.1068 0.049 0.0624 0.0907 0.06 0.0788 0.0722
-2.000 1.000 24 0.1481 0.1206 0.1451 0.0976 0.1122 0.1441 0.0793 0.0845 0.1083 0.1441 0.0669 0.0625 0.0759 0.1092 0.1435 0.0619 0.0468 0.0492 0.0744 0.114 0.1423 0.0656 0.0402 0.0289 0.0443 0.0809 0.1186 0.1397 0.0778 0.0441 0.0193 0.02 0.0509 0.093 0.1238 0.1408 0.0569 0.0262 0.0 0.0283 0.0667 0.1063 0.1292 0.0415 0.0175 0.0181 0.0464 0.086 0.1161 0.0341 0.0236 0.0365 0.0685 0.103 0.0354 0.0365 0.0571 0.0907 0.0425 0.0525 0.0792 0.0533 0.0712 0.0671
0.000 1.000 18 0.1622 0.1339 0.1521 0.1118 0.1204 0.1408 0.097 0.0939 0.1077 0.1294 0.0888 0.0757 0.0773 0.0968 0.1185 0.0871 0.0665 0.0549 0.0637 0.0901 0.111 0.0924 0.0657 0.0443 0.036 0.0581 0.0887 0.1064 0.1042 0.0714 0.0453 0.0225 0.0265 0.0638 0.0915 0.1072 0.0828 0.0533 0.0283 0.0 0.0386 0.0759 0.0967 0.066 0.041 0.0206 0.0246 0.0596 0.0866 0.0547 0.0365 0.0305 0.0504 0.0785 0.0501 0.042 0.0507 0.0739 0.0527 0.056 0.0733 0.0619 0.0748 0.0763
2.000 1.000 24 0.1849 0.1632 0.1635 0.1449 0.1412 0.1368 0.1328 0.1224 0.1162 0.1083 0.1267 0.1095 0.097 0.0886 0.0844 0.1257 0.1037 0.0847 0.0692 0.0643 0.0692 0.1305 0.1043 0.081 0.0581 0.042 0.0506 0.0631 0.1408 0.1092 0.0838 0.059 0.0291 0.0272 0.0487 0.0635 0.1186 0.0904 0.0667 0.0386 0.0 0.0339 0.0534 0.1009 0.0768 0.0546 0.0272 0.0256 0.0464 0.088 0.0686 0.0504 0.0369 0.0453 0.0805 0.0675 0.0565 0.0537 0.08 0.0734 0.0688 0.0855 0.0839 0.0948
4.000 1.000 30 0.1916 0.1829 0.1605 0.1745 0.1549 0.1236 0.1689 0.1487 0.1214 0.0878 0.1667 0.1445 0.1191 0.0846 0.0586 0.1675 0.1436 0.1186 0.0846 0.0517 0.0394 0.1715 0.1447 0.1193 0.0891 0.0507 0.0276 0.0307 0.1812 0.1498 0.1239 0.0971 0.0598 0.0218 0.0166 0.0309 0.1586 0.1306 0.1063 0.0759 0.0339 0.0 0.0207 0.1388 0.1144 0.0903 0.0561 0.0206 0.016 0.1234 0.1024 0.0778 0.045 0.0251 0.1138 0.096 0.0697 0.0439 0.1081 0.0913 0.0665 0.1059 0.0886 0.1051
6.000 1.000 36 0.1856 0.1882 0.1511 0.1889 0.1568 0.1139 0.1881 0.1606 0.122 0.0792 0.1898 0.1635 0.1302 0.0856 0.0521 0.1927 0.1666 0.1373 0.0962 0.0545 0.0322 0.1967 0.1692 0.1419 0.108 0.0638 0.0308 0.0184 0.2062 0.1745 0.1479 0.1193 0.0791 0.0379 0.0137 0.0122 0.1828 0.1545 0.1292 0.0967 0.0534 0.0207 0.0 0.1615 0.1364 0.111 0.0744 0.0363 0.0134 0.1441 0.1219 0.0944 0.0572 0.0289 0.1321 0.1112 0.0801 0.0475 0.1224 0.1 0.0687 0.1144 0.0897 0.1065
-5.000 2.000 30 0.1693 0.1422 0.1706 0.1177 0.1396 0.1749 0.0962 0.112 0.1407 0.1802 0.0777 0.0876 0.1095 0.1456 0.1828 0.0632 0.0664 0.0828 0.1116 0.1523 0.1817 0.0532 0.0476 0.0603 0.0829 0.1189 0.1576 0.1789 0.051 0.0318 0.0399 0.0604 0.0897 0.1297 0.1597 0.1762 0.0243 0.0207 0.0415 0.066 0.1009 0.1388 0.1615 0.0 0.0265 0.0488 0.0763 0.1148 0.1459 0.0199 0.0383 0.06 0.092 0.1279 0.0353 0.0504 0.0742 0.1086 0.0476 0.0624 0.0899 0.0582 0.0766 0.0692
-3.000 2.000 24 0.161 0.1331 0.1592 0.1093 0.1266 0.1597 0.0895 0.0987 0.124 0.1606 0.074 0.0754 0.0917 0.1256 0.1593 0.0645 0.0567 0.0651 0.0906 0.1294 0.1559 0.0631 0.0438 0.0432 0.0612 0.0959 0.1329 0.1525 0.0707 0.0396 0.0262 0.0372 0.0654 0.105 0.1339 0.1499 0.0465 0.0183 0.0175 0.041 0.0768 0.1144 0.1364 0.0265 0.0 0.0236 0.0526 0.0919 0.1226 0.0169 0.0158 0.037 0.0701 0.1058 0.0218 0.0302 0.0539 0.0885 0.0319 0.0451 0.0727 0.0432 0.0615 0.0556
-1.000 2.000 18 0.1676 0.1388 0.1621 0.115 0.1285 0.1568 0.0972 0.1003 0.1208 0.1494 0.0855 0.0788 0.0882 0.1157 0.1405 0.0799 0.0645 0.0623 0.0806 0.1122 0.132 0.0817 0.058 0.0448 0.0505 0.0788 0.1105 0.1264 0.0916 0.0594 0.0372 0.0283 0.047 0.0828 0.1087 0.1233 0.0685 0.0394 0.0181 0.0206 0.0546 0.0903 0.111 0.0488 0.0236 0.0 0.0305 0.0697 0.0988 0.0358 0.0163 0.0187 0.0504 0.0844 0.0302 0.0232 0.0396 0.0712 0.0329 0.0382 0.0616 0.0421 0.0568 0.0555
1.000 2.000 18 0.1917 0.163 0.178 0.1398 0.1477 0.159 0.123 0.1212 0.1305 0.1364 0.1126 0.1019 0.1023 0.1108 0.1153 0.1081 0.0903 0.0807 0.0827 0.0923 0.0987 0.1099 0.0859 0.0685 0.0593 0.065 0.0792 0.0892 0.1196 0.0884 0.0653 0.047 0.0386 0.0551 0.0737 0.0862 0.0964 0.0686 0.0464 0.0246 0.0272 0.0561 0.0744 0.0763 0.0526 0.0305 0.0 0.0369 0.0632 0.0624 0.0424 0.0227 0.0254 0.0529 0.0541 0.0397 0.0332 0.0483 0.0523 0.0466 0.0523 0.0574 0.0607 0.0682
3.000 2.000 24 0.2092 0.1908 0.1819 0.1737 0.1669 0.1488 0.1609 0.1505 0.1369 0.1136 0.1529 0.1375 0.1239 0.1036 0.0831 0.1493 0.1297 0.1127 0.0927 0.0719 0.062 0.1507 0.1267 0.1065 0.0849 0.0608 0.0486 0.0509 0.159 0.1285 0.1051 0.083 0.0553 0.0339 0.0371 0.048 0.1354 0.1083 0.086 0.0596 0.0256 0.0206 0.0363 0.1148 0.0919 0.0697 0.0369 0.0 0.0251 0.0995 0.0794 0.0555 0.024 0.0197 0.089 0.0713 0.0481 0.0302 0.0838 0.068 0.0499 0.0828 0.0694 0.0849
5.000 2.000 30 0.2022 0.1991 0.1692 0.1927 0.1685 0.1309 0.1872 0.1649 0.1337 0.094 0.1823 0.161 0.1347 0.0962 0.0642 0.1812 0.1586 0.1346 0.1004 0.0628 0.0433 0.1835 0.1585 0.1349 0.1059 0.0661 0.0374 0.0307 0.1909 0.1602 0.1356 0.1102 0.0747 0.0373 0.0207 0.0255 0.1669 0.1396 0.1161 0.0866 0.0464 0.016 0.0134 0.1459 0.1226 0.0988 0.0632 0.0251 0.0 0.1286 0.1075 0.0809 0.044 0.0157 0.1154 0.0951 0.0656 0.0344 0.1069 0.0856 0.0555 0.0995 0.0765 0.093
-4.000 3.000 24 0.175 0.1476 0.1739 0.1237 0.1417 0.1748 0.1033 0.1141 0.1394 0.176 0.0869 0.0908 0.1076 0.1408 0.1744 0.0754 0.0711 0.081 0.1061 0.1436 0.1685 0.07 0.0559 0.0594 0.0766 0.11 0.1451 0.163 0.0715 0.0461 0.0411 0.0535 0.0788 0.117 0.145 0.1595 0.0444 0.0265 0.0341 0.0547 0.088 0.1234 0.1441 0.0199 0.0169 0.0358 0.0624 0.0995 0.1286 0.0 0.0218 0.0436 0.0752 0.1107 0.0156 0.0323 0.0565 0.0906 0.0281 0.0445 0.0723 0.0393 0.058 0.0504
-2.000 3.000 18 0.1741 0.1454 0.1712 0.1217 0.1371 0.1686 0.1024 0.1087 0.1322 0.1642 0.088 0.0862 0.0991 0.1297 0.1566 0.0799 0.0692 0.0724 0.0942 0.1278 0.1476 0.0788 0.0584 0.0524 0.064 0.0945 0.1256 0.1403 0.0857 0.0551 0.0391 0.0405 0.0627 0.0984 0.1236 0.1366 0.0604 0.034 0.0236 0.0365 0.0686 0.1024 0.1219 0.0383 0.0158 0.0163 0.0424 0.0794 0.1075 0.0218 0.0 0.0232 0.0562 0.0914 0.0142 0.0147 0.0386 0.0728 0.0191 0.0299 0.0571 0.0296 0.0468 0.0423
0.000 3.000 12 0.1935 0.1619 0.1856 0.1364 0.1513 0.1743 0.1175 0.1214 0.1405 0.159 0.1045 0.0988 0.1078 0.1285 0.1406 0.0976 0.0837 0.0814 0.0956 0.1161 0.1242 0.0976 0.0757 0.064 0.0665 0.0854 0.1049 0.1131 0.1051 0.0746 0.0553 0.0461 0.0549 0.079 0.0977 0.1079 0.0813 0.0544 0.0365 0.0305 0.0504 0.0778 0.0944 0.06 0.037 0.0187 0.0227 0.0555 0.0809 0.0436 0.0232 0.0 0.0332 0.0663 0.0334 0.0171 0.0209 0.0513 0.03 0.0255 0.0426 0.0346 0.0422 0.0458
2.000 3.000 18 0.2201 0.1936 0.2009 0.1695 0.1752 0.1742 0.1511 0.1504 0.1528 0.1424 0.1385 0.13 0.1289 0.1256 0.1122 0.1315 0.1164 0.1085 0.1047 0.0976 0.0893 0.1307 0.1091 0.0945 0.0855 0.0789 0.075 0.0752 0.1369 0.1076 0.0878 0.073 0.0608 0.057 0.0616 0.0691 0.1135 0.0876 0.0685 0.0504 0.0369 0.045 0.0572 0.092 0.0701 0.0504 0.0254 0.024 0.044 0.0752 0.0562 0.0332 0.0 0.0302 0.0641 0.0463 0.0234 0.0224 0.0576 0.0427 0.0317 0.0565 0.0476 0.0606
4.000 3.000 24 0.2231 0.2098 0.1924 0.1964 0.1835 0.1545 0.1839 0.171 0.1509 0.116 0.1747 0.1592 0.143 0.1139 0.0834 0.1686 0.1505 0.134 0.1103 0.0792 0.0605 0.1681 0.1457 0.1271 0.1064 0.076 0.0525 0.0468 0.174 0.145 0.1239 0.104 0.0754 0.0463 0.0359 0.0408 0.1496 0.1237 0.103 0.0785 0.0453 0.0251 0.0289 0.1279 0.1058 0.0844 0.0529 0.0197 0.0157 0.1107 0.0914 0.0663 0.0302 0.0 0.0973 0.078 0.0492 0.0187 0.0873 0.067 0.0397 0.0813 0.0597 0.0763
-3.000 4.000 18 0.1831 0.1547 0.1806 0.131 0.1472 0.1795 0.1115 0.1192 0.1431 0.1771 0.0962 0.0965 0.1104 0.1419 0.1707 0.0865 0.0785 0.0841 0.1065 0.1407 0.1615 0.0838 0.0656 0.0635 0.0765 0.1073 0.1379 0.1515 0.0875 0.059 0.0479 0.0534 0.0755 0.1105 0.1343 0.1462 0.0598 0.0379 0.0354 0.0501 0.0805 0.1138 0.1321 0.0353 0.0218 0.0302 0.0541 0.089 0.1154 0.0156 0.0142 0.0334 0.0641 0.0973 0.0 0.0191 0.0432 0.0769 0.0128 0.03 0.0577 0.0243 0.0436 0.036
-1.000 4.000 12 0.1933 0.1622 0.1893 0.1366 0.1536 0.1839 0.1169 0.1235 0.1472 0.1734 0.1026 0.1001 0.1129 0.1408 0.1585 0.0941 0.0832 0.0853 0.1055 0.1324 0.143 0.0926 0.0727 0.0656 0.0746 0.1005 0.123 0.131 0.0988 0.069 0.0532 0.0514 0.0685 0.0973 0.1152 0.1244 0.0727 0.0482 0.0365 0.042 0.0675 0.096 0.1112 0.0504 0.0302 0.0232 0.0397 0.0713 0.0951 0.0323 0.0147 0.0171 0.0463 0.078 0.0191 0.0 0.0255 0.0592 0.0132 0.0155 0.042 0.0189 0.0324 0.0307
1.000 4.000 12 0.223 0.1903 0.2118 0.1628 0.1784 0.1931 0.1415 0.1475 0.1639 0.1676 0.1264 0.123 0.1324 0.1444 0.1405 0.1174 0.1059 0.1054 0.1159 0.1219 0.117 0.1153 0.0957 0.0862 0.0886 0.0978 0.1019 0.1009 0.1208 0.0921 0.0752 0.0684 0.0718 0.081 0.0873 0.0925 0.0954 0.0712 0.0571 0.0507 0.0565 0.0697 0.0801 0.0742 0.0539 0.0396 0.0332 0.0481 0.0656 0.0565 0.0386 0.0209 0.0234 0.0492 0.0432 0.0255 0.0 0.0317 0.035 0.0189 0.0213 0.0326 0.0274 0.0377
3.000 4.000 18 0.2414 0.2184 0.2155 0.1958 0.1973 0.1818 0.1776 0.1754 0.1694 0.1437 0.1633 0.1557 0.1519 0.1361 0.109 0.1541 0.1409 0.1335 0.1234 0.102 0.0832 0.1513 0.1316 0.119 0.1093 0.0924 0.0743 0.067 0.1556 0.1279 0.1102 0.0976 0.0817 0.0641 0.0562 0.059 0.1303 0.1068 0.0907 0.0739 0.0537 0.0439 0.0475 0.1086 0.0885 0.0712 0.0483 0.0302 0.0344 0.0906 0.0728 0.0513 0.0224 0.0187 0.0769 0.0592 0.0317 0.0 0.0664 0.0468 0.0206 0.059 0.0401 0.0553
-2.000 5.000 12 0.1952 0.1652 0.1931 0.1407 0.1575 0.1903 0.1209 0.1281 0.153 0.1834 0.1059 0.105 0.1189 0.1495 0.1722 0.097 0.0875 0.0915 0.1136 0.144 0.1578 0.0949 0.0757 0.0713 0.0828 0.1114 0.136 0.1453 0.0994 0.0702 0.0572 0.0592 0.079 0.1098 0.1278 0.1361 0.0718 0.049 0.0425 0.0527 0.08 0.1081 0.1224 0.0476 0.0319 0.0329 0.0523 0.0838 0.1069 0.0281 0.0191 0.03 0.0576 0.0873 0.0128 0.0132 0.035 0.0664 0.0 0.0189 0.0461 0.0118 0.0311 0.0236
0.000 5.000 6 0.2194 0.1848 0.2139 0.1565 0.1769 0.2032 0.135 0.1439 0.1684 0.1854 0.1191 0.1183 0.1332 0.1565 0.1619 0.1093 0.0999 0.1037 0.1231 0.1407 0.1394 0.1068 0.0882 0.0825 0.0918 0.1121 0.1231 0.1226 0.1118 0.0832 0.0689 0.0679 0.0819 0.1009 0.1087 0.1128 0.0855 0.0624 0.0525 0.056 0.0734 0.0913 0.1 0.0624 0.0451 0.0382 0.0466 0.068 0.0856 0.0445 0.0299 0.0255 0.0427 0.067 0.03 0.0155 0.0189 0.0468 0.0189 0.0 0.0274 0.0138 0.0169 0.0202
2.000 5.000 12 0.25 0.2194 0.233 0.1907 0.2042 0.2063 0.1676 0.1748 0.1844 0.1719 0.1504 0.1492 0.157 0.1575 0.1372 0.1389 0.1301 0.131 0.1358 0.1269 0.1094 0.1344 0.1176 0.1106 0.1121 0.1107 0.0993 0.0906 0.1386 0.1117 0.0974 0.0924 0.0911 0.0859 0.0798 0.0803 0.1127 0.0907 0.0792 0.0733 0.0688 0.0665 0.0687 0.0899 0.0727 0.0616 0.0523 0.0499 0.0555 0.0723 0.0571 0.0426 0.0317 0.0397 0.0577 0.042 0.0213 0.0206 0.0461 0.0274 0.0 0.0375 0.019 0.0338
-1.000 6.000 6 0.2143 0.181 0.2122 0.1539 0.1744 0.2074 0.1329 0.1421 0.1696 0.195 0.1173 0.1172 0.1334 0.1633 0.1757 0.1076 0.0989 0.1039 0.1273 0.1521 0.1563 0.1053 0.0866 0.0826 0.0949 0.1214 0.1376 0.1394 0.1099 0.081 0.0683 0.0701 0.0893 0.114 0.1239 0.1285 0.0824 0.06 0.0533 0.0619 0.0855 0.1059 0.1144 0.0582 0.0432 0.0421 0.0574 0.0828 0.0995 0.0393 0.0296 0.0346 0.0565 0.0813 0.0243 0.0189 0.0326 0.059 0.0118 0.0138 0.0375 0.0 0.0202 0.012
1.000 6.000 6 0.2485 0.2123 0.2398 0.1814 0.2035 0.2216 0.157 0.1689 0.1916 0.1939 0.1388 0.1409 0.1572 0.1727 0.1625 0.1267 0.1201 0.1263 0.1435 0.1477 0.1341 0.1222 0.1063 0.1029 0.1132 0.1257 0.1228 0.1136 0.1255 0.0994 0.0874 0.0883 0.0993 0.1057 0.1025 0.1014 0.0998 0.0788 0.0712 0.0748 0.0839 0.0886 0.0897 0.0766 0.0615 0.0568 0.0607 0.0694 0.0765 0.058 0.0468 0.0422 0.0476 0.0597 0.0436 0.0324 0.0274 0.0401 0.0311 0.0169 0.019 0.0202 0.0 0.0146
0.000 7.000 0 0.2401 0.2028 0.2369 0.1722 0.1974 0.2269 0.1488 0.1617 0.1912 0.2072 0.1312 0.1338 0.1535 0.1798 0.1798 0.1201 0.1133 0.1214 0.1456 0.1616 0.1527 0.1164 0.0996 0.0977 0.1122 0.1347 0.1396 0.1328 0.1202 0.0928 0.0816 0.0855 0.1041 0.1204 0.1201 0.1192 0.0932 0.0722 0.0671 0.0763 0.0948 0.1051 0.1065 0.0692 0.0556 0.0555 0.0682 0.0849 0.093 0.0504 0.0423 0.0458 0.0606 0.0763 0.036 0.0307 0.0377 0.0553 0.0236 0.0202 0.0338 0.012 0.0146 0.0