n 64
m 2
tmax 37.5
Vcpm 1.6
R 1.2
dmax 60.0
0.000 -7.000 0 0.0 0.0217 0.0216 0.0453 0.032 0.0448 0.0701 0.0524 0.0522 0.0692 0.0956 0.076 0.0682 0.0757 0.0942 0.1204 0.1008 0.0886 0.0887 0.1007 0.1187 0.1437 0.125 0.1109 0.1063 0.1119 0.1258 0.142 0.165 0.1477 0.1337 0.1258 0.127 0.1365 0.1502 0.1637 0.1685 0.1549 0.1459 0.1444 0.1499 0.1609 0.1731 0.1741 0.1657 0.1622 0.1653 0.1738 0.1839 0.1836 0.1797 0.1817 0.1879 0.1968 0.1967 0.1976 0.203 0.2109 0.2128 0.218 0.2248 0.2314 0.2384 0.25
-1.000 -6.000 6 0.0217 0.0 0.032 0.0235 0.0235 0.0523 0.0482 0.0342 0.0483 0.0758 0.0734 0.0553 0.0554 0.0742 0.1008 0.0982 0.0789 0.0712 0.0798 0.1007 0.1257 0.1213 0.1028 0.0912 0.0921 0.1058 0.1272 0.1497 0.1419 0.1251 0.1122 0.1086 0.1157 0.1323 0.1528 0.1721 0.1451 0.133 0.1265 0.1292 0.141 0.1585 0.177 0.1517 0.1445 0.1446 0.1523 0.1667 0.1836 0.1618 0.1602 0.1654 0.177 0.1917 0.1755 0.1794 0.1885 0.2016 0.1929 0.2008 0.2125 0.2125 0.2226 0.2316
1.000 -6.000 6 0.0216 0.032 0.0 0.0525 0.0234 0.0232 0.0763 0.0483 0.034 0.0474 0.1014 0.0741 0.0553 0.055 0.0721 0.126 0.1001 0.0796 0.0714 0.0789 0.0967 0.149 0.1252 0.1047 0.0923 0.0922 0.1036 0.1199 0.1702 0.1485 0.129 0.1148 0.1101 0.1153 0.1276 0.1409 0.1697 0.1516 0.1376 0.13 0.1309 0.139 0.1497 0.1723 0.1589 0.1504 0.1489 0.1531 0.1613 0.1783 0.1705 0.1673 0.1695 0.1753 0.189 0.1857 0.1869 0.1906 0.2034 0.2039 0.207 0.2194 0.2228 0.236
-2.000 -5.000 12 0.0453 0.0235 0.0525 0.0 0.0342 0.0684 0.0246 0.0248 0.0555 0.0892 0.0497 0.0356 0.0506 0.0801 0.1124 0.0741 0.0564 0.0571 0.0771 0.1061 0.1366 0.0972 0.0791 0.0722 0.0816 0.1042 0.1325 0.1601 0.1176 0.1011 0.0908 0.0926 0.1077 0.1316 0.1583 0.182 0.1208 0.1098 0.1075 0.1159 0.1346 0.1586 0.1828 0.128 0.1233 0.1274 0.141 0.1616 0.1846 0.1389 0.1406 0.1501 0.1672 0.1881 0.154 0.161 0.1749 0.1933 0.1726 0.1838 0.2001 0.1928 0.2071 0.213
0.000 -5.000 6 0.032 0.0235 0.0234 0.0342 0.0 0.034 0.0554 0.0248 0.0248 0.055 0.0792 0.0505 0.0359 0.0506 0.0788 0.1033 0.0762 0.0574 0.0576 0.0769 0.1034 0.1259 0.1013 0.0813 0.0736 0.0826 0.1034 0.127 0.1462 0.1244 0.1052 0.0936 0.0949 0.1087 0.1289 0.1487 0.145 0.1275 0.1147 0.1115 0.1188 0.1346 0.1525 0.1475 0.1355 0.1296 0.1326 0.1438 0.159 0.1543 0.1479 0.1484 0.1558 0.1682 0.1657 0.1648 0.1698 0.1796 0.1807 0.1846 0.1921 0.1983 0.2048 0.2163
2.000 -5.000 12 0.0448 0.0523 0.0232 0.0684 0.034 0.0 0.0893 0.0554 0.0246 0.0242 0.1123 0.0799 0.0506 0.0354 0.0488 0.1357 0.1052 0.077 0.0574 0.0566 0.073 0.1577 0.1298 0.1034 0.0823 0.0735 0.0801 0.0962 0.1774 0.1527 0.1284 0.1078 0.0949 0.094 0.1036 0.1171 0.1737 0.1516 0.1322 0.118 0.1125 0.1159 0.1253 0.1727 0.1549 0.1412 0.1332 0.1324 0.1375 0.176 0.1631 0.1544 0.1513 0.1526 0.1833 0.1755 0.1711 0.1703 0.195 0.1906 0.189 0.2089 0.2067 0.2222
-3.000 -4.000 18 0.0701 0.0482 0.0763 0.0246 0.0554 0.0893 0.0 0.0356 0.0715 0.1072 0.0249 0.0253 0.0572 0.0927 0.1281 0.0492 0.0357 0.0512 0.0819 0.1165 0.1504 0.0718 0.0555 0.0568 0.0775 0.1081 0.1416 0.173 0.0922 0.0763 0.0706 0.0808 0.1044 0.1349 0.1665 0.1941 0.0956 0.0872 0.0902 0.1061 0.1317 0.1616 0.1901 0.1037 0.1029 0.1124 0.1325 0.1591 0.1874 0.1164 0.1219 0.1368 0.1595 0.186 0.1329 0.1439 0.1627 0.1866 0.1525 0.1679 0.1888 0.1738 0.192 0.1951
-1.000 -4.000 12 0.0524 0.0342 0.0483 0.0248 0.0248 0.0554 0.0356 0.0 0.0359 0.0715 0.0565 0.0256 0.0257 0.0577 0.0922 0.0793 0.0511 0.0366 0.0522 0.0826 0.1149 0.1015 0.0758 0.0577 0.0585 0.0793 0.1086 0.1379 0.1213 0.099 0.0803 0.0736 0.0836 0.1067 0.1341 0.1592 0.1194 0.1023 0.0921 0.0945 0.1102 0.1336 0.158 0.122 0.1112 0.1093 0.1184 0.137 0.1591 0.1295 0.1255 0.1303 0.1439 0.163 0.1416 0.144 0.1537 0.1695 0.158 0.1652 0.1781 0.1768 0.1871 0.1957
1.000 -4.000 12 0.0522 0.0483 0.034 0.0555 0.0248 0.0246 0.0715 0.0359 0.0 0.0354 0.0919 0.0575 0.0258 0.0257 0.0565 0.1135 0.0815 0.0521 0.0371 0.052 0.0799 0.1347 0.1057 0.0781 0.059 0.0592 0.0783 0.1032 0.1537 0.1282 0.1032 0.0832 0.0755 0.0842 0.1038 0.1246 0.1483 0.1262 0.1073 0.0959 0.0969 0.1096 0.1272 0.1468 0.1296 0.1174 0.114 0.1203 0.1337 0.15 0.1385 0.1328 0.135 0.1439 0.1582 0.1521 0.1519 0.157 0.1707 0.1692 0.1721 0.1854 0.1875 0.2009
3.000 -4.000 18 0.0692 0.0758 0.0474 0.0892 0.055 0.0242 0.1072 0.0715 0.0354 0.0 0.1277 0.0926 0.0574 0.0253 0.0245 0.1489 0.1156 0.0824 0.052 0.036 0.0486 0.1694 0.1389 0.108 0.079 0.0585 0.0567 0.0714 0.1877 0.1606 0.1326 0.1058 0.084 0.074 0.0789 0.0923 0.1801 0.1554 0.1312 0.1101 0.096 0.0932 0.1002 0.1763 0.1546 0.1352 0.1199 0.1124 0.1129 0.1763 0.1587 0.1441 0.134 0.1301 0.1808 0.1672 0.1566 0.1501 0.1886 0.1789 0.171 0.199 0.1911 0.2095
-4.000 -3.000 24 0.0956 0.0734 0.1014 0.0497 0.0792 0.1123 0.0249 0.0565 0.0919 0.1277 0.0 0.0357 0.0724 0.1096 0.1464 0.0241 0.0249 0.0569 0.0932 0.1306 0.1666 0.0466 0.0344 0.0501 0.081 0.1167 0.1534 0.1871 0.0667 0.0524 0.0545 0.0754 0.1064 0.1417 0.1769 0.2072 0.0706 0.0664 0.0772 0.1011 0.1327 0.1671 0.1992 0.0806 0.0847 0.1012 0.1275 0.1595 0.1917 0.0952 0.1058 0.1264 0.1546 0.1858 0.1132 0.129 0.1529 0.1816 0.1341 0.1538 0.1794 0.1562 0.1783 0.1778
-2.000 -3.000 18 0.076 0.0553 0.0741 0.0356 0.0505 0.0799 0.0253 0.0256 0.0575 0.0926 0.0357 0.0 0.0366 0.0738 0.1104 0.0556 0.0255 0.0259 0.0586 0.0951 0.1305 0.0764 0.05 0.0362 0.0522 0.0838 0.1187 0.1514 0.0959 0.0728 0.0561 0.0575 0.079 0.1102 0.143 0.1719 0.0932 0.0768 0.0712 0.082 0.1063 0.1366 0.1661 0.0961 0.0878 0.0913 0.108 0.1337 0.162 0.1046 0.1041 0.1146 0.1349 0.1604 0.1183 0.1245 0.1398 0.1617 0.136 0.1474 0.1655 0.1559 0.1708 0.1759
0.000 -3.000 12 0.0682 0.0554 0.0553 0.0506 0.0359 0.0506 0.0572 0.0257 0.0258 0.0574 0.0724 0.0366 0.0 0.0371 0.0734 0.0914 0.0578 0.0262 0.0265 0.0592 0.0936 0.1107 0.0806 0.0521 0.0375 0.0535 0.084 0.1149 0.129 0.1026 0.0768 0.0587 0.0598 0.0808 0.1092 0.1357 0.1223 0.0998 0.0815 0.075 0.0853 0.1077 0.1328 0.1202 0.1035 0.0939 0.0966 0.1117 0.1331 0.1235 0.1134 0.1118 0.1206 0.1374 0.1323 0.1288 0.1333 0.1454 0.1457 0.1478 0.156 0.162 0.1679 0.1792
2.000 -3.000 18 0.0757 0.0742 0.055 0.0801 0.0506 0.0354 0.0927 0.0577 0.0257 0.0253 0.1096 0.0738 0.0371 0.0 0.036 0.1284 0.0941 0.0591 0.0265 0.0262 0.0566 0.147 0.1156 0.0833 0.0534 0.0378 0.0523 0.0786 0.1643 0.1365 0.1075 0.0798 0.0603 0.0598 0.0775 0.0998 0.1554 0.1299 0.1052 0.085 0.0766 0.084 0.101 0.1501 0.1285 0.1096 0.0977 0.0973 0.1075 0.1496 0.1327 0.12 0.1152 0.119 0.1541 0.1423 0.1352 0.1347 0.163 0.1555 0.1527 0.1746 0.1705 0.1864
4.000 -3.000 24 0.0942 0.1008 0.0721 0.1124 0.0788 0.0488 0.1281 0.0922 0.0565 0.0245 0.1464 0.1104 0.0734 0.036 0.0 0.1652 0.1307 0.0948 0.0584 0.0254 0.024 0.1834 0.1515 0.1179 0.0838 0.0523 0.0355 0.0467 0.2003 0.1718 0.1412 0.1099 0.0798 0.0581 0.0549 0.0672 0.1899 0.1629 0.1348 0.1072 0.0839 0.0722 0.0748 0.1826 0.158 0.1333 0.1107 0.0945 0.0891 0.1798 0.1577 0.1368 0.119 0.1085 0.1806 0.1616 0.1443 0.1308 0.1849 0.1686 0.1541 0.1904 0.1769 0.1966
-5.000 -2.000 30 0.1204 0.0982 0.126 0.0741 0.1033 0.1357 0.0492 0.0793 0.1135 0.1489 0.0241 0.0556 0.0914 0.1284 0.1652 0.0 0.0344 0.0708 0.1084 0.1467 0.1836 0.0224 0.0235 0.0546 0.0906 0.1286 0.167 0.2021 0.0423 0.0318 0.0471 0.0773 0.113 0.151 0.1881 0.2199 0.0475 0.0503 0.0707 0.1013 0.1371 0.1745 0.209 0.0601 0.0712 0.0947 0.1264 0.1622 0.1975 0.0769 0.0934 0.1197 0.1524 0.1872 0.0965 0.1173 0.1459 0.1787 0.1181 0.1422 0.1719 0.1407 0.1667 0.1623
-3.000 -2.000 24 0.1008 0.0789 0.1001 0.0564 0.0762 0.1052 0.0357 0.0511 0.0815 0.1156 0.0249 0.0255 0.0578 0.0941 0.1307 0.0344 0.0 0.0362 0.0737 0.1119 0.1486 0.0525 0.0244 0.0251 0.0576 0.0948 0.1326 0.1673 0.0707 0.047 0.0346 0.0505 0.0821 0.1185 0.1545 0.1856 0.0671 0.0526 0.0547 0.0762 0.108 0.1433 0.1763 0.0708 0.0666 0.0779 0.1026 0.1346 0.1674 0.0811 0.0856 0.1028 0.1297 0.1606 0.0966 0.1079 0.1291 0.1567 0.1159 0.1321 0.1555 0.1369 0.1562 0.158
-1.000 -2.000 18 0.0886 0.0712 0.0796 0.0571 0.0574 0.077 0.0512 0.0366 0.0521 0.0824 0.0569 0.0259 0.0262 0.0591 0.0948 0.0708 0.0362 0.0 0.0375 0.0755 0.1119 0.0875 0.0561 0.0258 0.0263 0.0598 0.0966 0.1306 0.1041 0.0769 0.0503 0.0367 0.0532 0.0852 0.1194 0.1493 0.0962 0.073 0.0566 0.0585 0.0805 0.1113 0.1419 0.0935 0.0774 0.0723 0.0836 0.1079 0.1364 0.0971 0.0893 0.0933 0.1101 0.1345 0.1068 0.1068 0.1173 0.1366 0.1216 0.1279 0.1423 0.1395 0.1497 0.1579
1.000 -2.000 18 0.0887 0.0798 0.0714 0.0771 0.0576 0.0574 0.0819 0.0522 0.0371 0.052 0.0932 0.0586 0.0265 0.0265 0.0584 0.1084 0.0737 0.0375 0.0 0.0378 0.0738 0.1246 0.0925 0.0588 0.0268 0.027 0.0598 0.0926 0.1401 0.1118 0.0816 0.0531 0.0382 0.0542 0.0837 0.1117 0.1298 0.1036 0.0781 0.0599 0.0608 0.0809 0.107 0.1235 0.1014 0.0832 0.0765 0.086 0.1063 0.1224 0.1059 0.0961 0.098 0.1112 0.127 0.1167 0.1142 0.1211 0.1366 0.1321 0.1347 0.1493 0.1496 0.1634
3.000 -2.000 24 0.1007 0.1007 0.0789 0.1061 0.0769 0.0566 0.1165 0.0826 0.052 0.036 0.1306 0.0951 0.0592 0.0262 0.0254 0.1467 0.1119 0.0755 0.0378 0.0 0.0355 0.1627 0.1304 0.0959 0.0602 0.0268 0.026 0.0548 0.1776 0.1488 0.1174 0.0849 0.0542 0.0378 0.0511 0.0746 0.166 0.1384 0.1094 0.0812 0.0606 0.0588 0.0741 0.1575 0.1323 0.1072 0.0859 0.0759 0.081 0.1534 0.1315 0.1114 0.0976 0.0948 0.1538 0.1358 0.121 0.1134 0.1583 0.1444 0.1342 0.1655 0.1547 0.1736
5.000 -2.000 30 0.1187 0.1257 0.0967 0.1366 0.1034 0.073 0.1504 0.1149 0.0799 0.0486 0.1666 0.1305 0.0936 0.0566 0.024 0.1836 0.1486 0.1119 0.0738 0.0355 0.0 0.1996 0.1671 0.1322 0.0955 0.058 0.0246 0.0226 0.2141 0.185 0.1529 0.1188 0.0836 0.0511 0.0337 0.0429 0.2018 0.1734 0.1426 0.1101 0.0786 0.0556 0.0509 0.1918 0.1647 0.1357 0.1063 0.0811 0.0676 0.1853 0.1599 0.1332 0.108 0.0894 0.183 0.1588 0.1348 0.1139 0.1828 0.1604 0.1395 0.1839 0.1634 0.1845
-6.000 -1.000 36 0.1437 0.1213 0.149 0.0972 0.1259 0.1577 0.0718 0.1015 0.1347 0.1694 0.0466 0.0764 0.1107 0.147 0.1834 0.0224 0.0525 0.0875 0.1246 0.1627 0.1996 0.0 0.0318 0.0665 0.1033 0.1419 0.1808 0.2166 0.0198 0.0213 0.0503 0.0848 0.1223 0.1616 0.1996 0.2325 0.0281 0.0425 0.0711 0.1057 0.1437 0.1825 0.2182 0.0446 0.0639 0.0932 0.1284 0.1666 0.2039 0.0634 0.086 0.1168 0.1527 0.1899 0.0838 0.1094 0.1417 0.1774 0.1058 0.1336 0.1666 0.128 0.1572 0.1492
-4.000 -1.000 30 0.125 0.1028 0.1252 0.0791 0.1013 0.1298 0.0555 0.0758 0.1057 0.1389 0.0344 0.05 0.0806 0.1156 0.1515 0.0235 0.0244 0.0561 0.0925 0.1304 0.1671 0.0318 0.0 0.0346 0.0713 0.1098 0.1485 0.184 0.0475 0.0225 0.0236 0.0548 0.0915 0.1302 0.1679 0.2003 0.0425 0.0318 0.0472 0.078 0.1144 0.1523 0.1872 0.0475 0.0504 0.0713 0.1027 0.1389 0.1748 0.0605 0.072 0.0963 0.1286 0.1635 0.0783 0.0955 0.1225 0.1547 0.099 0.1203 0.1485 0.121 0.1445 0.1422
-2.000 -1.000 24 0.1109 0.0912 0.1047 0.0722 0.0813 0.1034 0.0568 0.0577 0.0781 0.108 0.0501 0.0362 0.0521 0.0833 0.1179 0.0546 0.0251 0.0258 0.0588 0.0959 0.1322 0.0665 0.0346 0.0 0.0367 0.0751 0.1136 0.1488 0.0807 0.0526 0.0245 0.0254 0.0585 0.0964 0.1334 0.1652 0.0708 0.0471 0.0348 0.0512 0.0835 0.1197 0.1534 0.0673 0.0529 0.0555 0.0777 0.1097 0.1433 0.0715 0.0677 0.0797 0.1048 0.1356 0.0829 0.088 0.1056 0.1317 0.0995 0.111 0.1316 0.1189 0.1345 0.1386
0.000 -1.000 18 0.1063 0.0921 0.0923 0.0816 0.0736 0.0823 0.0775 0.0585 0.059 0.079 0.081 0.0522 0.0375 0.0534 0.0838 0.0906 0.0576 0.0263 0.0268 0.0602 0.0955 0.1033 0.0713 0.0367 0.0 0.0382 0.0764 0.1112 0.1167 0.088 0.0566 0.0262 0.0268 0.0608 0.0966 0.1277 0.1045 0.0774 0.0511 0.0374 0.0541 0.0857 0.1174 0.0969 0.0741 0.0578 0.0598 0.0814 0.1105 0.0951 0.0793 0.0741 0.0852 0.108 0.0999 0.0921 0.0957 0.1112 0.1104 0.11 0.119 0.125 0.1297 0.1411
2.000 -1.000 24 0.1119 0.1058 0.0922 0.1042 0.0826 0.0735 0.1081 0.0793 0.0592 0.0585 0.1167 0.0838 0.0535 0.0378 0.0523 0.1286 0.0948 0.0598 0.027 0.0268 0.058 0.1419 0.1098 0.0751 0.0382 0.0 0.0378 0.0719 0.1548 0.1258 0.0939 0.0599 0.0272 0.0271 0.0587 0.0886 0.1414 0.1132 0.0831 0.0541 0.0386 0.0537 0.0807 0.1317 0.1057 0.0798 0.0609 0.0607 0.0787 0.1264 0.1041 0.0851 0.077 0.0845 0.1263 0.1089 0.0976 0.0973 0.1311 0.119 0.1143 0.1394 0.1323 0.149
4.000 -1.000 30 0.1258 0.1272 0.1036 0.1325 0.1034 0.0801 0.1416 0.1086 0.0783 0.0567 0.1534 0.1187 0.084 0.0523 0.0355 0.167 0.1326 0.0966 0.0598 0.026 0.0246 0.1808 0.1485 0.1136 0.0764 0.0378 0.0 0.0337 0.1934 0.1643 0.132 0.0972 0.0605 0.0264 0.0249 0.0509 0.1792 0.1505 0.119 0.0856 0.0537 0.0365 0.0478 0.1684 0.1407 0.1109 0.0811 0.059 0.0556 0.1608 0.1348 0.108 0.0846 0.0726 0.1571 0.1334 0.1109 0.0944 0.1567 0.136 0.118 0.1585 0.1412 0.1615
6.000 -1.000 36 0.142 0.1497 0.1199 0.1601 0.127 0.0962 0.173 0.1379 0.1032 0.0714 0.1871 0.1514 0.1149 0.0786 0.0467 0.2021 0.1673 0.1306 0.0926 0.0548 0.0226 0.2166 0.184 0.1488 0.1112 0.0719 0.0337 0.0 0.2291 0.1998 0.1672 0.1317 0.0937 0.0555 0.0228 0.0203 0.2143 0.1851 0.1527 0.1174 0.0807 0.0478 0.0305 0.2026 0.1738 0.1417 0.1073 0.0743 0.0509 0.1932 0.1648 0.1334 0.1017 0.075 0.1865 0.1586 0.1288 0.1012 0.1823 0.1546 0.1274 0.1781 0.1519 0.1741
-7.000 0.000 42 0.165 0.1419 0.1702 0.1176 0.1462 0.1774 0.0922 0.1213 0.1537 0.1877 0.0667 0.0959 0.129 0.1643 0.2003 0.0423 0.0707 0.1041 0.1401 0.1776 0.2141 0.0198 0.0475 0.0807 0.1167 0.1548 0.1934 0.2291 0.0 0.0281 0.0601 0.095 0.1326 0.1721 0.2105 0.2438 0.0185 0.0445 0.0766 0.1124 0.1512 0.1907 0.227 0.0371 0.0632 0.0957 0.1325 0.1718 0.2098 0.0561 0.0834 0.117 0.1547 0.1933 0.0762 0.1053 0.1401 0.1776 0.0973 0.1281 0.1632 0.1185 0.1501 0.1385
-5.000 0.000 36 0.1477 0.1251 0.1485 0.1011 0.1244 0.1527 0.0763 0.099 0.1282 0.1606 0.0524 0.0728 0.1026 0.1365 0.1718 0.0318 0.047 0.0769 0.1118 0.1488 0.185 0.0213 0.0225 0.0526 0.088 0.1258 0.1643 0.1998 0.0281 0.0 0.0318 0.0666 0.1042 0.1435 0.1817 0.2147 0.0199 0.0213 0.0503 0.0854 0.1238 0.163 0.1988 0.0282 0.0427 0.0718 0.1073 0.1456 0.183 0.0451 0.0649 0.0951 0.131 0.1685 0.065 0.0883 0.1199 0.1555 0.0865 0.1126 0.1447 0.1086 0.136 0.1295
-3.000 0.000 30 0.1337 0.1122 0.129 0.0908 0.1052 0.1284 0.0706 0.0803 0.1032 0.1326 0.0545 0.0561 0.0768 0.1075 0.1412 0.0471 0.0346 0.0503 0.0816 0.1174 0.1529 0.0503 0.0236 0.0245 0.0566 0.0939 0.132 0.1672 0.0601 0.0318 0.0 0.0348 0.0722 0.1114 0.1494 0.182 0.0475 0.0225 0.0237 0.0555 0.093 0.1316 0.1669 0.0426 0.032 0.0479 0.0795 0.1163 0.1526 0.0482 0.0514 0.0731 0.1051 0.1405 0.0621 0.0742 0.0992 0.131 0.081 0.0987 0.1252 0.1018 0.1227 0.1227
-1.000 0.000 24 0.1258 0.1086 0.1148 0.0926 0.0936 0.1078 0.0808 0.0736 0.0832 0.1058 0.0754 0.0575 0.0587 0.0798 0.1099 0.0773 0.0505 0.0367 0.0531 0.0849 0.1188 0.0848 0.0548 0.0254 0.0262 0.0599 0.0972 0.1317 0.095 0.0666 0.0348 0.0 0.0374 0.0763 0.1139 0.146 0.0809 0.0529 0.0248 0.0259 0.0597 0.0972 0.1318 0.0713 0.0478 0.0355 0.0524 0.0848 0.1192 0.0686 0.0543 0.0571 0.0795 0.1104 0.0739 0.0701 0.0821 0.1064 0.0861 0.0909 0.1077 0.1027 0.1129 0.1203
1.000 0.000 24 0.127 0.1157 0.1101 0.1077 0.0949 0.0949 0.1044 0.0836 0.0755 0.084 0.1064 0.079 0.0598 0.0603 0.0798 0.113 0.0821 0.0532 0.0382 0.0542 0.0836 0.1223 0.0915 0.0585 0.0268 0.0272 0.0605 0.0937 0.1326 0.1042 0.0722 0.0374 0.0 0.0386 0.0756 0.1072 0.1176 0.0891 0.0577 0.0267 0.0272 0.0606 0.0939 0.1061 0.0791 0.0523 0.0381 0.0544 0.084 0.0995 0.0764 0.0593 0.0606 0.0807 0.0986 0.082 0.0758 0.0853 0.1037 0.0946 0.0964 0.113 0.1109 0.1252
3.000 0.000 30 0.1365 0.1323 0.1153 0.1316 0.1087 0.094 0.1349 0.1067 0.0842 0.074 0.1417 0.1102 0.0808 0.0598 0.0581 0.151 0.1185 0.0852 0.0542 0.0378 0.0511 0.1616 0.1302 0.0964 0.0608 0.0271 0.0264 0.0555 0.1721 0.1435 0.1114 0.0763 0.0386 0.0 0.0365 0.0674 0.1565 0.1277 0.0956 0.0607 0.0272 0.0264 0.0555 0.1439 0.1156 0.0847 0.0544 0.038 0.0513 0.1352 0.1084 0.081 0.0605 0.0587 0.1304 0.1064 0.0854 0.0753 0.1296 0.11 0.0961 0.1321 0.1172 0.1368
5.000 0.000 36 0.1502 0.1528 0.1276 0.1583 0.1289 0.1036 0.1665 0.1341 0.1038 0.0789 0.1769 0.143 0.1092 0.0775 0.0549 0.1881 0.1545 0.1194 0.0837 0.0511 0.0337 0.1996 0.1679 0.1334 0.0966 0.0587 0.0249 0.0228 0.2105 0.1817 0.1494 0.1139 0.0756 0.0365 0.0 0.0305 0.1945 0.1654 0.1327 0.0967 0.0589 0.0249 0.0228 0.1809 0.1518 0.1191 0.0841 0.0513 0.0337 0.1709 0.1419 0.11 0.0784 0.0552 0.1632 0.1349 0.1055 0.0801 0.1577 0.1311 0.1059 0.1538 0.1299 0.151
7.000 0.000 42 0.1637 0.1721 0.1409 0.182 0.1487 0.1171 0.1941 0.1592 0.1246 0.0923 0.2072 0.1719 0.1357 0.0998 0.0672 0.2199 0.1856 0.1493 0.1117 0.0746 0.0429 0.2325 0.2003 0.1652 0.1277 0.0886 0.0509 0.0203 0.2438 0.2147 0.182 0.146 0.1072 0.0674 0.0305 0.0 0.2273 0.1978 0.1646 0.1278 0.0887 0.0508 0.0202 0.2129 0.1831 0.1493 0.1122 0.0747 0.0428 0.2018 0.1713 0.1368 0.1005 0.0673 0.1916 0.1605 0.1265 0.0932 0.1823 0.1511 0.119 0.1737 0.1429 0.1643
-6.000 1.000 36 0.1685 0.1451 0.1697 0.1208 0.145 0.1737 0.0956 0.1194 0.1483 0.1801 0.0706 0.0932 0.1223 0.1554 0.1899 0.0475 0.0671 0.0962 0.1298 0.166 0.2018 0.0281 0.0425 0.0708 0.1045 0.1414 0.1792 0.2143 0.0185 0.0199 0.0475 0.0809 0.1176 0.1565 0.1945 0.2273 0.0 0.0282 0.0603 0.0959 0.1345 0.174 0.2102 0.0186 0.045 0.0777 0.1146 0.1539 0.192 0.0378 0.0647 0.0983 0.136 0.1745 0.058 0.0864 0.1209 0.1585 0.0791 0.109 0.1437 0.1002 0.1307 0.12
-4.000 1.000 30 0.1549 0.133 0.1516 0.1098 0.1275 0.1516 0.0872 0.1023 0.1262 0.1554 0.0664 0.0768 0.0998 0.1299 0.1629 0.0503 0.0526 0.073 0.1036 0.1384 0.1734 0.0425 0.0318 0.0471 0.0774 0.1132 0.1505 0.1851 0.0445 0.0213 0.0225 0.0529 0.0891 0.1277 0.1654 0.1978 0.0282 0.0 0.032 0.0676 0.1061 0.1454 0.1813 0.0201 0.0215 0.0513 0.0875 0.1263 0.1639 0.0288 0.0439 0.074 0.1103 0.1479 0.0467 0.0674 0.0986 0.1342 0.0676 0.0917 0.1231 0.0894 0.115 0.1101
-2.000 1.000 24 0.1459 0.1265 0.1376 0.1075 0.1147 0.1322 0.0902 0.0921 0.1073 0.1312 0.0772 0.0712 0.0815 0.1052 0.1348 0.0707 0.0547 0.0566 0.0781 0.1094 0.1426 0.0711 0.0472 0.0348 0.0511 0.0831 0.119 0.1527 0.0766 0.0503 0.0237 0.0248 0.0577 0.0956 0.1327 0.1646 0.0603 0.032 0.0 0.0355 0.0739 0.1129 0.1483 0.0481 0.0229 0.0243 0.057 0.0949 0.1319 0.0438 0.033 0.0496 0.0818 0.1177 0.0501 0.0535 0.0757 0.1074 0.0649 0.077 0.1017 0.0837 0.1008 0.1029
0.000 1.000 18 0.1444 0.1292 0.13 0.1159 0.1115 0.118 0.1061 0.0945 0.0959 0.1101 0.1011 0.082 0.075 0.085 0.1072 0.1013 0.0762 0.0585 0.0599 0.0812 0.1101 0.1057 0.078 0.0512 0.0374 0.0541 0.0856 0.1174 0.1124 0.0854 0.0555 0.0259 0.0267 0.0607 0.0967 0.1278 0.0959 0.0676 0.0355 0.0 0.0381 0.0767 0.1116 0.0824 0.0542 0.0255 0.0265 0.0605 0.0962 0.0737 0.0495 0.0367 0.0536 0.0848 0.0716 0.0565 0.0589 0.0802 0.077 0.0725 0.0832 0.0885 0.0919 0.1031
2.000 1.000 24 0.1499 0.141 0.1309 0.1346 0.1188 0.1125 0.1317 0.1102 0.0969 0.096 0.1327 0.1063 0.0853 0.0766 0.0839 0.1371 0.108 0.0805 0.0608 0.0606 0.0786 0.1437 0.1144 0.0835 0.0541 0.0386 0.0537 0.0807 0.1512 0.1238 0.093 0.0597 0.0272 0.0272 0.0589 0.0887 0.1345 0.1061 0.0739 0.0381 0.0 0.038 0.0722 0.1204 0.0915 0.0592 0.0271 0.0271 0.0585 0.1097 0.0817 0.0536 0.0383 0.0532 0.1035 0.0787 0.0601 0.0599 0.1019 0.0833 0.0754 0.105 0.0937 0.1113
4.000 1.000 30 0.1609 0.1585 0.139 0.1586 0.1346 0.1159 0.1616 0.1336 0.1096 0.0932 0.1671 0.1366 0.1077 0.084 0.0722 0.1745 0.1433 0.1113 0.0809 0.0588 0.0556 0.1825 0.1523 0.1197 0.0857 0.0537 0.0365 0.0478 0.1907 0.163 0.1316 0.0972 0.0606 0.0264 0.0249 0.0508 0.174 0.1454 0.1129 0.0767 0.038 0.0 0.0337 0.1592 0.1299 0.0966 0.0603 0.0263 0.0247 0.1473 0.1177 0.0849 0.0532 0.036 0.1386 0.1096 0.08 0.058 0.1321 0.1056 0.0823 0.1281 0.106 0.1265
6.000 1.000 36 0.1731 0.177 0.1497 0.1828 0.1525 0.1253 0.1901 0.158 0.1272 0.1002 0.1992 0.1661 0.1328 0.101 0.0748 0.209 0.1763 0.1419 0.107 0.0741 0.0509 0.2182 0.1872 0.1534 0.1174 0.0807 0.0478 0.0305 0.227 0.1988 0.1669 0.1318 0.0939 0.0555 0.0228 0.0202 0.2102 0.1813 0.1483 0.1116 0.0722 0.0337 0.0 0.1948 0.1651 0.131 0.0933 0.0551 0.0225 0.1818 0.151 0.1162 0.0797 0.047 0.1712 0.1396 0.1054 0.0726 0.1608 0.1297 0.0984 0.1511 0.1221 0.1425
-5.000 2.000 30 0.1741 0.1517 0.1723 0.128 0.1475 0.1727 0.1037 0.122 0.1468 0.1763 0.0806 0.0961 0.1202 0.1501 0.1826 0.0601 0.0708 0.0935 0.1235 0.1575 0.1918 0.0446 0.0475 0.0673 0.0969 0.1317 0.1684 0.2026 0.0371 0.0282 0.0426 0.0713 0.1061 0.1439 0.1809 0.2129 0.0186 0.0201 0.0481 0.0824 0.1204 0.1592 0.1948 0.0 0.0288 0.0619 0.0989 0.1382 0.1762 0.0192 0.0466 0.0808 0.1188 0.1575 0.0395 0.0677 0.1025 0.14 0.0606 0.09 0.1245 0.0818 0.1113 0.1014
-3.000 2.000 24 0.1657 0.1445 0.1589 0.1233 0.1355 0.1549 0.1029 0.1112 0.1296 0.1546 0.0847 0.0878 0.1035 0.1285 0.158 0.0712 0.0666 0.0774 0.1014 0.1323 0.1647 0.0639 0.0504 0.0529 0.0741 0.1057 0.1407 0.1738 0.0632 0.0427 0.032 0.0478 0.0791 0.1156 0.1518 0.1831 0.045 0.0215 0.0229 0.0542 0.0915 0.1299 0.1651 0.0288 0.0 0.033 0.0699 0.109 0.1467 0.0208 0.0224 0.0535 0.0907 0.1288 0.0303 0.046 0.0772 0.1132 0.049 0.0702 0.1013 0.0698 0.0935 0.0903
-1.000 2.000 18 0.1622 0.1446 0.1504 0.1274 0.1296 0.1412 0.1124 0.1093 0.1174 0.1352 0.1012 0.0913 0.0939 0.1096 0.1333 0.0947 0.0779 0.0723 0.0832 0.1072 0.1357 0.0932 0.0713 0.0555 0.0578 0.0798 0.1109 0.1417 0.0957 0.0718 0.0479 0.0355 0.0523 0.0847 0.1191 0.1493 0.0777 0.0513 0.0243 0.0255 0.0592 0.0966 0.131 0.0619 0.033 0.0 0.0367 0.0755 0.1127 0.0501 0.0239 0.0253 0.0588 0.0958 0.046 0.0347 0.0514 0.0832 0.0525 0.0555 0.077 0.0668 0.0778 0.0838
1.000 2.000 18 0.1653 0.1523 0.1489 0.141 0.1326 0.1332 0.1325 0.1184 0.114 0.1199 0.1275 0.108 0.0966 0.0977 0.1107 0.1264 0.1026 0.0836 0.0765 0.0859 0.1063 0.1284 0.1027 0.0777 0.0598 0.0609 0.0811 0.1073 0.1325 0.1073 0.0795 0.0524 0.0381 0.0544 0.0841 0.1122 0.1146 0.0875 0.057 0.0265 0.0271 0.0603 0.0933 0.0989 0.0699 0.0367 0.0 0.0383 0.0749 0.0859 0.0565 0.0264 0.0269 0.0598 0.0771 0.0514 0.0376 0.0534 0.0742 0.0578 0.0588 0.0781 0.0721 0.0871
3.000 2.000 24 0.1738 0.1667 0.1531 0.1616 0.1438 0.1324 0.1591 0.137 0.1203 0.1124 0.1595 0.1337 0.1117 0.0973 0.0945 0.1622 0.1346 0.1079 0.086 0.0759 0.0811 0.1666 0.1389 0.1097 0.0814 0.0607 0.059 0.0743 0.1718 0.1456 0.1163 0.0848 0.0544 0.038 0.0513 0.0747 0.1539 0.1263 0.0949 0.0605 0.0271 0.0263 0.0551 0.1382 0.109 0.0755 0.0383 0.0 0.036 0.1245 0.0941 0.06 0.0268 0.026 0.1133 0.0833 0.0534 0.0371 0.1054 0.0785 0.0584 0.1011 0.0805 0.1008
5.000 2.000 30 0.1839 0.1836 0.1613 0.1846 0.159 0.1375 0.1874 0.1591 0.1337 0.1129 0.1917 0.162 0.1331 0.1075 0.0891 0.1975 0.1674 0.1364 0.1063 0.081 0.0676 0.2039 0.1748 0.1433 0.1105 0.0787 0.0556 0.0509 0.2098 0.183 0.1526 0.1192 0.084 0.0513 0.0337 0.0428 0.192 0.1639 0.1319 0.0962 0.0585 0.0247 0.0225 0.1762 0.1467 0.1127 0.0749 0.036 0.0 0.1618 0.1307 0.0953 0.0579 0.0244 0.1489 0.1168 0.0822 0.0499 0.1375 0.1062 0.0751 0.1271 0.0988 0.119
-4.000 3.000 24 0.1836 0.1618 0.1783 0.1389 0.1543 0.176 0.1164 0.1295 0.15 0.1763 0.0952 0.1046 0.1235 0.1496 0.1798 0.0769 0.0811 0.0971 0.1224 0.1534 0.1853 0.0634 0.0605 0.0715 0.0951 0.1264 0.1608 0.1932 0.0561 0.0451 0.0482 0.0686 0.0995 0.1352 0.1709 0.2018 0.0378 0.0288 0.0438 0.0737 0.1097 0.1473 0.1818 0.0192 0.0208 0.0501 0.0859 0.1245 0.1618 0.0 0.0303 0.065 0.1032 0.1418 0.0203 0.0491 0.0845 0.1223 0.0414 0.0703 0.1048 0.0622 0.0912 0.0818
-2.000 3.000 18 0.1797 0.1602 0.1705 0.1406 0.1479 0.1631 0.1219 0.1255 0.1385 0.1587 0.1058 0.1041 0.1134 0.1327 0.1577 0.0934 0.0856 0.0893 0.1059 0.1315 0.1599 0.086 0.072 0.0677 0.0793 0.1041 0.1348 0.1648 0.0834 0.0649 0.0514 0.0543 0.0764 0.1084 0.1419 0.1713 0.0647 0.0439 0.033 0.0495 0.0817 0.1177 0.151 0.0466 0.0224 0.0239 0.0565 0.0941 0.1307 0.0303 0.0 0.0347 0.0726 0.1108 0.022 0.0236 0.0556 0.0925 0.0317 0.0476 0.0783 0.05 0.0704 0.0692
0.000 3.000 12 0.1817 0.1654 0.1673 0.1501 0.1484 0.1544 0.1368 0.1303 0.1328 0.1441 0.1264 0.1146 0.1118 0.12 0.1368 0.1197 0.1028 0.0933 0.0961 0.1114 0.1332 0.1168 0.0963 0.0797 0.0741 0.0851 0.108 0.1334 0.117 0.0951 0.0731 0.0571 0.0593 0.081 0.11 0.1368 0.0983 0.074 0.0496 0.0367 0.0536 0.0849 0.1162 0.0808 0.0535 0.0253 0.0264 0.06 0.0953 0.065 0.0347 0.0 0.0376 0.0753 0.0526 0.0249 0.026 0.0589 0.0476 0.0354 0.0513 0.0529 0.0548 0.0652
2.000 3.000 18 0.1879 0.177 0.1695 0.1672 0.1558 0.1513 0.1595 0.1439 0.135 0.134 0.1546 0.1349 0.1206 0.1152 0.119 0.1524 0.1297 0.1101 0.098 0.0976 0.108 0.1527 0.1286 0.1048 0.0852 0.077 0.0846 0.1017 0.1547 0.131 0.1051 0.0795 0.0606 0.0605 0.0784 0.1005 0.136 0.1103 0.0818 0.0536 0.0383 0.0532 0.0797 0.1188 0.0907 0.0588 0.0269 0.0268 0.0579 0.1032 0.0726 0.0376 0.0 0.0371 0.0892 0.0579 0.0264 0.0263 0.0785 0.0513 0.0366 0.0733 0.0557 0.0745
4.000 3.000 24 0.1968 0.1917 0.1753 0.1881 0.1682 0.1526 0.186 0.163 0.1439 0.1301 0.1858 0.1604 0.1374 0.119 0.1085 0.1872 0.1606 0.1345 0.1112 0.0948 0.0894 0.1899 0.1635 0.1356 0.108 0.0845 0.0726 0.075 0.1933 0.1685 0.1405 0.1104 0.0807 0.0587 0.0552 0.0673 0.1745 0.1479 0.1177 0.0848 0.0532 0.036 0.047 0.1575 0.1288 0.0958 0.0598 0.026 0.0244 0.1418 0.1108 0.0753 0.0371 0.0 0.1266 0.0941 0.0585 0.0253 0.1126 0.0808 0.0504 0.1013 0.0734 0.0936
-3.000 4.000 18 0.1967 0.1755 0.189 0.154 0.1657 0.1833 0.1329 0.1416 0.1582 0.1808 0.1132 0.1183 0.1323 0.1541 0.1806 0.0965 0.0966 0.1068 0.127 0.1538 0.183 0.0838 0.0783 0.0829 0.0999 0.1263 0.1571 0.1865 0.0762 0.065 0.0621 0.0739 0.0986 0.1304 0.1632 0.1916 0.058 0.0467 0.0501 0.0716 0.1035 0.1386 0.1712 0.0395 0.0303 0.046 0.0771 0.1133 0.1489 0.0203 0.022 0.0526 0.0892 0.1266 0.0 0.0317 0.0673 0.1048 0.0209 0.0502 0.0848 0.0416 0.0696 0.0608
-1.000 4.000 12 0.1976 0.1794 0.1857 0.161 0.1648 0.1755 0.1439 0.144 0.1521 0.1672 0.129 0.1245 0.1288 0.1423 0.1616 0.1173 0.1079 0.1068 0.1167 0.1358 0.1588 0.1094 0.0955 0.088 0.0921 0.1089 0.1334 0.1586 0.1053 0.0883 0.0742 0.0701 0.082 0.1064 0.1349 0.1605 0.0864 0.0674 0.0535 0.0565 0.0787 0.1096 0.1396 0.0677 0.046 0.0347 0.0514 0.0833 0.1168 0.0491 0.0236 0.0249 0.0579 0.0941 0.0317 0.0 0.0354 0.0725 0.0225 0.0238 0.055 0.0314 0.0463 0.0481
1.000 4.000 12 0.203 0.1885 0.1869 0.1749 0.1698 0.1711 0.1627 0.1537 0.1519 0.1566 0.1529 0.1398 0.1333 0.1352 0.1443 0.1459 0.1291 0.1173 0.1142 0.121 0.1348 0.1417 0.1225 0.1056 0.0957 0.0976 0.1109 0.1288 0.1401 0.1199 0.0992 0.0821 0.0758 0.0854 0.1055 0.1265 0.1209 0.0986 0.0757 0.0589 0.0601 0.08 0.1054 0.1025 0.0772 0.0514 0.0376 0.0534 0.0822 0.0845 0.0556 0.026 0.0264 0.0585 0.0673 0.0354 0.0 0.0366 0.0531 0.0247 0.0251 0.0464 0.0337 0.0498
3.000 4.000 18 0.2109 0.2016 0.1906 0.1933 0.1796 0.1703 0.1866 0.1695 0.157 0.1501 0.1816 0.1617 0.1454 0.1347 0.1308 0.1787 0.1567 0.1366 0.1211 0.1134 0.1139 0.1774 0.1547 0.1317 0.1112 0.0973 0.0944 0.1012 0.1776 0.1555 0.131 0.1064 0.0853 0.0753 0.0801 0.0932 0.1585 0.1342 0.1074 0.0802 0.0599 0.058 0.0726 0.14 0.1132 0.0832 0.0534 0.0371 0.0499 0.1223 0.0925 0.0589 0.0263 0.0253 0.1048 0.0725 0.0366 0.0 0.088 0.0558 0.0248 0.0747 0.0476 0.0672
-2.000 5.000 12 0.2128 0.1929 0.2034 0.1726 0.1807 0.195 0.1525 0.158 0.1707 0.1886 0.1341 0.136 0.1457 0.163 0.1849 0.1181 0.1159 0.1216 0.1366 0.1583 0.1828 0.1058 0.099 0.0995 0.1104 0.1311 0.1567 0.1823 0.0973 0.0865 0.081 0.0861 0.1037 0.1296 0.1577 0.1823 0.0791 0.0676 0.0649 0.077 0.1019 0.1321 0.1608 0.0606 0.049 0.0525 0.0742 0.1054 0.1375 0.0414 0.0317 0.0476 0.0785 0.1126 0.0209 0.0225 0.0531 0.088 0.0 0.0314 0.0655 0.0205 0.0481 0.0395
0.000 5.000 6 0.218 0.2008 0.2039 0.1838 0.1846 0.1906 0.1679 0.1652 0.1692 0.1789 0.1538 0.1474 0.1478 0.1555 0.1686 0.1422 0.1321 0.1279 0.1321 0.1444 0.1604 0.1336 0.1203 0.111 0.11 0.119 0.136 0.1546 0.1281 0.1126 0.0987 0.0909 0.0946 0.11 0.1311 0.1511 0.109 0.0917 0.077 0.0725 0.0833 0.1056 0.1297 0.09 0.0702 0.0555 0.0578 0.0785 0.1062 0.0703 0.0476 0.0354 0.0513 0.0808 0.0502 0.0238 0.0247 0.0558 0.0314 0.0 0.0337 0.0216 0.0223 0.0292
2.000 5.000 12 0.2248 0.2125 0.207 0.2001 0.1921 0.189 0.1888 0.1781 0.1721 0.171 0.1794 0.1655 0.156 0.1527 0.1541 0.1719 0.1555 0.1423 0.1347 0.1342 0.1395 0.1666 0.1485 0.1316 0.119 0.1143 0.118 0.1274 0.1632 0.1447 0.1252 0.1077 0.0964 0.0961 0.1059 0.119 0.1437 0.1231 0.1017 0.0832 0.0754 0.0823 0.0984 0.1245 0.1013 0.077 0.0588 0.0584 0.0751 0.1048 0.0783 0.0513 0.0366 0.0504 0.0848 0.055 0.0251 0.0248 0.0655 0.0337 0.0 0.0498 0.0226 0.0421
-1.000 6.000 6 0.2314 0.2125 0.2194 0.1928 0.1983 0.2089 0.1738 0.1768 0.1854 0.199 0.1562 0.1559 0.162 0.1746 0.1904 0.1407 0.1369 0.1395 0.1493 0.1655 0.1839 0.128 0.121 0.1189 0.125 0.1394 0.1585 0.1781 0.1185 0.1086 0.1018 0.1027 0.113 0.1321 0.1538 0.1737 0.1002 0.0894 0.0837 0.0885 0.105 0.1281 0.1511 0.0818 0.0698 0.0668 0.0781 0.1011 0.1271 0.0622 0.05 0.0529 0.0733 0.1013 0.0416 0.0314 0.0464 0.0747 0.0205 0.0216 0.0498 0.0 0.0292 0.0189
1.000 6.000 6 0.2384 0.2226 0.2228 0.2071 0.2048 0.2067 0.192 0.1871 0.1875 0.1911 0.1783 0.1708 0.1679 0.1705 0.1769 0.1667 0.1562 0.1497 0.1496 0.1547 0.1634 0.1572 0.1445 0.1345 0.1297 0.1323 0.1412 0.1519 0.1501 0.136 0.1227 0.1129 0.1109 0.1172 0.1299 0.1429 0.1307 0.115 0.1008 0.0919 0.0937 0.106 0.1221 0.1113 0.0935 0.0778 0.0721 0.0805 0.0988 0.0912 0.0704 0.0548 0.0557 0.0734 0.0696 0.0463 0.0337 0.0476 0.0481 0.0223 0.0226 0.0292 0.0 0.0195
0.000 7.000 0 0.25 0.2316 0.236 0.213 0.2163 0.2222 0.1951 0.1957 0.2009 0.2095 0.1778 0.1759 0.1792 0.1864 0.1966 0.1623 0.158 0.1579 0.1634 0.1736 0.1845 0.1492 0.1422 0.1386 0.1411 0.149 0.1615 0.1741 0.1385 0.1295 0.1227 0.1203 0.1252 0.1368 0.151 0.1643 0.12 0.1101 0.1029 0.1031 0.1113 0.1265 0.1425 0.1014 0.0903 0.0838 0.0871 0.1008 0.119 0.0818 0.0692 0.0652 0.0745 0.0936 0.0608 0.0481 0.0498 0.0672 0.0395 0.0292 0.0421 0.0189 0.0195 0.0