n 64
m 3
tmax 20.0
Vcpm 1.6
R 1.2
dmax 28.0
0.000 -7.000 0 0.0 0.0201 0.0201 0.041 0.0292 0.0409 0.0621 0.0473 0.047 0.0623 0.0826 0.0682 0.0611 0.0672 0.0839 0.1015 0.0899 0.08 0.0787 0.0882 0.1054 0.1187 0.1109 0.1013 0.0956 0.0981 0.1094 0.1266 0.1349 0.1307 0.1236 0.1161 0.1134 0.1185 0.1306 0.1474 0.1493 0.1456 0.139 0.1331 0.1326 0.1392 0.1518 0.1664 0.1627 0.1561 0.1513 0.1523 0.1598 0.1856 0.1808 0.1738 0.1698 0.1719 0.2052 0.1985 0.1911 0.1879 0.2232 0.2147 0.2067 0.2384 0.2279 0.25
-1.000 -6.000 6 0.0201 0.0 0.0292 0.0208 0.0212 0.047 0.0418 0.0306 0.0432 0.0673 0.0619 0.049 0.0495 0.0654 0.0885 0.0808 0.0695 0.0641 0.071 0.0878 0.1098 0.098 0.09 0.083 0.0834 0.0932 0.11 0.131 0.1139 0.1093 0.1037 0.1008 0.1045 0.1154 0.132 0.152 0.1274 0.1246 0.1214 0.121 0.1263 0.1376 0.1538 0.1446 0.1432 0.1413 0.1422 0.1481 0.1596 0.1646 0.1637 0.1621 0.1633 0.1694 0.186 0.1844 0.182 0.1832 0.2068 0.2033 0.2004 0.2251 0.2191 0.239
1.000 -6.000 6 0.0201 0.0292 0.0 0.0472 0.021 0.0208 0.0677 0.0432 0.0302 0.0421 0.0888 0.0664 0.049 0.0481 0.0636 0.1086 0.0899 0.0713 0.0624 0.0682 0.0852 0.1273 0.113 0.0954 0.0821 0.0797 0.0892 0.1063 0.1452 0.1349 0.1203 0.1053 0.0969 0.099 0.1102 0.1269 0.1559 0.145 0.1308 0.1187 0.1142 0.1191 0.131 0.1688 0.1572 0.1438 0.1343 0.1328 0.1393 0.1831 0.1708 0.1583 0.1512 0.1518 0.198 0.1848 0.1733 0.168 0.2118 0.1979 0.1875 0.223 0.2094 0.2316
-2.000 -5.000 12 0.041 0.0208 0.0472 0.0 0.0306 0.061 0.0208 0.0219 0.0494 0.0786 0.0408 0.0312 0.0452 0.0707 0.0982 0.0594 0.0491 0.0514 0.069 0.0929 0.1187 0.0766 0.0683 0.0656 0.0747 0.0929 0.1151 0.1394 0.0925 0.087 0.0837 0.0871 0.099 0.1165 0.1374 0.1601 0.1048 0.1028 0.104 0.1108 0.1232 0.1398 0.1596 0.1217 0.1231 0.1272 0.1351 0.1469 0.1628 0.1426 0.1463 0.1511 0.1587 0.17 0.166 0.17 0.1743 0.1807 0.1895 0.1919 0.1949 0.2105 0.2112 0.2273
0.000 -5.000 6 0.0292 0.0212 0.021 0.0306 0.0 0.0302 0.0488 0.0222 0.0219 0.0481 0.0687 0.0453 0.0319 0.0441 0.0684 0.0886 0.0686 0.0518 0.0508 0.0663 0.0894 0.107 0.0917 0.0749 0.0663 0.0719 0.0885 0.1103 0.1245 0.1135 0.0993 0.0873 0.085 0.0938 0.1105 0.131 0.1341 0.1234 0.1115 0.1039 0.1054 0.1158 0.1321 0.1467 0.1368 0.1271 0.1228 0.1266 0.1375 0.1618 0.1526 0.1446 0.1423 0.1474 0.1784 0.1692 0.1624 0.1616 0.1944 0.1854 0.1789 0.2088 0.1991 0.2204
2.000 -5.000 12 0.0409 0.047 0.0208 0.061 0.0302 0.0 0.0791 0.049 0.0215 0.0213 0.0987 0.071 0.0442 0.0306 0.0427 0.1189 0.0946 0.0683 0.0496 0.0485 0.0641 0.138 0.1183 0.0938 0.0723 0.0627 0.0686 0.0853 0.1564 0.1413 0.1201 0.0977 0.0825 0.08 0.0893 0.1058 0.1639 0.1464 0.1251 0.1065 0.097 0.099 0.11 0.1722 0.1535 0.1334 0.1187 0.1139 0.1187 0.1817 0.1623 0.1442 0.1334 0.1318 0.1914 0.1721 0.1564 0.1488 0.2006 0.1819 0.169 0.2084 0.1909 0.2136
-3.000 -4.000 18 0.0621 0.0418 0.0677 0.0208 0.0488 0.0791 0.0 0.0312 0.0636 0.0945 0.0199 0.0219 0.0512 0.0823 0.1122 0.0384 0.0306 0.0462 0.074 0.1029 0.1313 0.0555 0.0473 0.0517 0.0718 0.098 0.1247 0.1515 0.0713 0.0651 0.0649 0.0769 0.098 0.1219 0.1466 0.1716 0.0823 0.0815 0.0884 0.1038 0.1238 0.1456 0.1686 0.099 0.1037 0.1148 0.1307 0.149 0.1693 0.1208 0.1295 0.142 0.1565 0.1733 0.1459 0.1561 0.1678 0.1809 0.1717 0.1815 0.1907 0.1954 0.203 0.216
-1.000 -4.000 12 0.0473 0.0306 0.0432 0.0219 0.0222 0.049 0.0312 0.0 0.0319 0.0624 0.0488 0.023 0.0231 0.0507 0.0799 0.0676 0.0463 0.0335 0.0468 0.0719 0.0992 0.086 0.069 0.054 0.054 0.0704 0.0938 0.1193 0.1033 0.0908 0.0771 0.0703 0.077 0.094 0.1159 0.1396 0.1113 0.1006 0.0918 0.0912 0.1007 0.1173 0.1377 0.1234 0.1154 0.1109 0.1137 0.1242 0.14 0.1392 0.1338 0.1321 0.1364 0.1467 0.1575 0.1539 0.1531 0.1578 0.1766 0.173 0.1728 0.1943 0.1897 0.2084
1.000 -4.000 12 0.047 0.0432 0.0302 0.0494 0.0219 0.0215 0.0636 0.0319 0.0 0.0306 0.0813 0.0516 0.0227 0.0221 0.0486 0.1 0.0743 0.0469 0.0322 0.0443 0.0687 0.1191 0.0978 0.0723 0.0527 0.051 0.0664 0.0893 0.1373 0.1207 0.0987 0.0774 0.0668 0.072 0.0884 0.1098 0.1428 0.125 0.1043 0.0887 0.085 0.0936 0.11 0.1504 0.1324 0.1146 0.1042 0.105 0.1151 0.16 0.1427 0.1281 0.1219 0.1252 0.171 0.1547 0.1432 0.1397 0.1824 0.1673 0.158 0.1922 0.179 0.2006
3.000 -4.000 18 0.0623 0.0673 0.0421 0.0786 0.0481 0.0213 0.0945 0.0624 0.0306 0.0 0.1126 0.0818 0.0496 0.0217 0.0214 0.1315 0.1037 0.0723 0.0444 0.0307 0.0428 0.1509 0.1271 0.0973 0.0687 0.0496 0.0485 0.0638 0.1697 0.1504 0.1238 0.095 0.0724 0.0627 0.0684 0.0844 0.1732 0.1508 0.1234 0.098 0.0823 0.0797 0.0887 0.1777 0.1528 0.1264 0.106 0.0964 0.0983 0.1822 0.1565 0.1328 0.1174 0.1126 0.1869 0.1618 0.1416 0.1308 0.1912 0.168 0.1515 0.1949 0.1739 0.1975
-4.000 -3.000 24 0.0826 0.0619 0.0888 0.0408 0.0687 0.0987 0.0199 0.0488 0.0813 0.1126 0.0 0.0306 0.0649 0.0981 0.1291 0.0185 0.0211 0.0514 0.0851 0.1169 0.1469 0.0355 0.029 0.0457 0.076 0.1075 0.1373 0.1659 0.0515 0.0445 0.0504 0.0728 0.1023 0.1313 0.1591 0.1859 0.0611 0.0624 0.0769 0.1015 0.1285 0.1549 0.1807 0.0777 0.0869 0.106 0.1299 0.1542 0.1782 0.1004 0.115 0.1354 0.1571 0.1793 0.1272 0.1444 0.1632 0.1828 0.1549 0.1718 0.1888 0.1816 0.1954 0.2038
-2.000 -3.000 18 0.0682 0.049 0.0664 0.0312 0.0453 0.071 0.0219 0.023 0.0516 0.0818 0.0306 0.0 0.0335 0.066 0.0967 0.0471 0.0231 0.0241 0.0538 0.0845 0.1141 0.0646 0.0458 0.0345 0.0495 0.0766 0.1049 0.1329 0.0818 0.0674 0.0548 0.0567 0.0754 0.1003 0.1264 0.1525 0.0879 0.077 0.073 0.0822 0.1012 0.1238 0.1479 0.0991 0.0937 0.0963 0.1084 0.1262 0.147 0.1156 0.1153 0.1214 0.1337 0.15 0.1361 0.1388 0.1461 0.1572 0.1583 0.1614 0.1681 0.1789 0.1819 0.1962
0.000 -3.000 12 0.0611 0.0495 0.049 0.0452 0.0319 0.0442 0.0512 0.0231 0.0227 0.0496 0.0649 0.0335 0.0 0.0322 0.0628 0.0816 0.0537 0.0242 0.0236 0.051 0.0801 0.0993 0.0762 0.0496 0.0345 0.0471 0.072 0.0991 0.1175 0.0991 0.0758 0.0566 0.0548 0.0706 0.0937 0.1187 0.121 0.1021 0.0825 0.0722 0.0774 0.0939 0.1154 0.1273 0.1099 0.0957 0.0921 0.1005 0.1165 0.137 0.1222 0.1129 0.1133 0.1228 0.1495 0.1374 0.1315 0.1341 0.163 0.1534 0.1492 0.1764 0.1678 0.188
2.000 -3.000 18 0.0672 0.0654 0.0481 0.0707 0.0441 0.0306 0.0823 0.0507 0.0221 0.0217 0.0981 0.066 0.0322 0.0 0.0307 0.1154 0.0861 0.0527 0.0228 0.0222 0.0485 0.1334 0.1082 0.077 0.0472 0.0322 0.0442 0.0683 0.1524 0.1314 0.1033 0.0737 0.0528 0.0508 0.0662 0.0885 0.1539 0.1302 0.102 0.0778 0.0665 0.0716 0.0878 0.1566 0.1314 0.1058 0.0883 0.0844 0.0928 0.1606 0.1357 0.1142 0.1029 0.1034 0.1657 0.1426 0.1256 0.119 0.1716 0.1509 0.1383 0.1774 0.1596 0.1818
4.000 -3.000 24 0.0839 0.0885 0.0636 0.0982 0.0684 0.0427 0.1122 0.0799 0.0486 0.0214 0.1291 0.0967 0.0628 0.0307 0.0 0.147 0.1168 0.0826 0.0496 0.0217 0.0213 0.1654 0.1389 0.1059 0.0724 0.0443 0.0306 0.0423 0.1849 0.1622 0.1316 0.0979 0.0686 0.0494 0.0482 0.0628 0.1851 0.1584 0.126 0.0949 0.072 0.0623 0.0676 0.1852 0.1556 0.1237 0.0973 0.0816 0.0788 0.1854 0.1542 0.1251 0.1044 0.095 0.1849 0.1545 0.1297 0.1145 0.1845 0.1565 0.1362 0.1836 0.1595 0.1827
-5.000 -2.000 30 0.1015 0.0808 0.1086 0.0594 0.0886 0.1189 0.0384 0.0676 0.1 0.1315 0.0185 0.0471 0.0816 0.1154 0.147 0.0 0.029 0.0642 0.1003 0.1335 0.1644 0.0171 0.0199 0.0502 0.0863 0.121 0.1528 0.1826 0.0331 0.0272 0.044 0.076 0.1109 0.1433 0.1733 0.2016 0.0418 0.0481 0.0718 0.1046 0.1371 0.167 0.195 0.0593 0.0747 0.1022 0.1332 0.1626 0.1899 0.0834 0.1048 0.1327 0.1607 0.1868 0.1115 0.1356 0.1614 0.1869 0.1412 0.1644 0.1879 0.1689 0.1905 0.1926
-3.000 -2.000 24 0.0899 0.0695 0.0899 0.0491 0.0686 0.0946 0.0306 0.0463 0.0743 0.1037 0.0211 0.0231 0.0537 0.0861 0.1168 0.029 0.0 0.0345 0.0697 0.1022 0.1328 0.0444 0.0225 0.0245 0.0565 0.0898 0.1209 0.1503 0.061 0.0441 0.0345 0.0514 0.0814 0.112 0.1411 0.1689 0.0645 0.0539 0.058 0.0796 0.1075 0.1352 0.1622 0.0749 0.0734 0.0856 0.108 0.1329 0.1581 0.0925 0.0985 0.1144 0.135 0.1571 0.1154 0.1256 0.1416 0.1597 0.1402 0.152 0.1657 0.1639 0.1745 0.1851
-1.000 -2.000 18 0.08 0.0641 0.0713 0.0514 0.0518 0.0683 0.0462 0.0335 0.0469 0.0723 0.0514 0.0241 0.0242 0.0527 0.0826 0.0642 0.0345 0.0 0.0345 0.0667 0.0971 0.08 0.0545 0.0254 0.0253 0.0547 0.085 0.1142 0.0969 0.0762 0.0515 0.0369 0.051 0.0773 0.1052 0.1326 0.098 0.0774 0.0598 0.0592 0.0765 0.1006 0.1262 0.1027 0.0859 0.0775 0.0841 0.1015 0.1234 0.1124 0.1011 0.0995 0.1089 0.1252 0.1264 0.1203 0.122 0.132 0.1432 0.14 0.1434 0.1604 0.1577 0.1748
1.000 -2.000 18 0.0787 0.071 0.0624 0.069 0.0508 0.0496 0.074 0.0468 0.0322 0.0444 0.0851 0.0538 0.0236 0.0228 0.0496 0.1003 0.0697 0.0345 0.0 0.0322 0.0627 0.1167 0.0897 0.0564 0.0245 0.0236 0.0508 0.0797 0.1342 0.1114 0.0817 0.051 0.0347 0.047 0.0717 0.0982 0.134 0.1085 0.0793 0.0573 0.0547 0.0702 0.093 0.1347 0.1088 0.0844 0.0722 0.0767 0.0929 0.1378 0.1138 0.0959 0.0909 0.0988 0.1434 0.1229 0.111 0.1102 0.1512 0.1344 0.1266 0.1592 0.1464 0.1671
3.000 -2.000 24 0.0882 0.0878 0.0682 0.0929 0.0663 0.0485 0.1029 0.0719 0.0443 0.0307 0.1169 0.0845 0.051 0.0222 0.0217 0.1335 0.1022 0.0667 0.0322 0.0 0.0306 0.1507 0.1228 0.0881 0.0528 0.0227 0.0221 0.0481 0.1688 0.1447 0.1128 0.0777 0.0471 0.0321 0.044 0.0675 0.1677 0.1394 0.1055 0.0736 0.0524 0.0505 0.0655 0.1658 0.1349 0.1024 0.0771 0.0659 0.0708 0.1643 0.1329 0.1046 0.0868 0.0829 0.1635 0.134 0.1111 0.1001 0.1636 0.1376 0.1203 0.1644 0.1424 0.1656
5.000 -2.000 30 0.1054 0.1098 0.0852 0.1187 0.0894 0.0641 0.1313 0.0992 0.0687 0.0428 0.1469 0.1141 0.0801 0.0485 0.0213 0.1644 0.1328 0.0971 0.0627 0.0306 0.0 0.1823 0.1537 0.1185 0.0824 0.0494 0.0215 0.021 0.2009 0.1759 0.1429 0.1062 0.0721 0.0441 0.0303 0.0414 0.1991 0.1691 0.1331 0.0975 0.0681 0.049 0.0474 0.1956 0.1619 0.1257 0.0939 0.0712 0.0614 0.191 0.1556 0.1217 0.0955 0.08 0.1859 0.1509 0.1214 0.1012 0.1804 0.1482 0.124 0.1752 0.1472 0.1701
-6.000 -1.000 36 0.1187 0.098 0.1273 0.0766 0.107 0.138 0.0555 0.086 0.1191 0.1509 0.0355 0.0646 0.0993 0.1334 0.1654 0.0171 0.0444 0.08 0.1167 0.1507 0.1823 0.0 0.0272 0.062 0.1005 0.1371 0.17 0.2007 0.0161 0.0187 0.048 0.0855 0.1236 0.1584 0.1899 0.2192 0.0258 0.0419 0.0743 0.1121 0.1482 0.1806 0.2103 0.0457 0.0693 0.104 0.1405 0.1737 0.2035 0.0713 0.0999 0.1343 0.1674 0.1972 0.1007 0.131 0.1629 0.192 0.1309 0.1602 0.1893 0.1591 0.1865 0.1846
-4.000 -1.000 30 0.1109 0.09 0.113 0.0683 0.0917 0.1183 0.0473 0.069 0.0978 0.1271 0.029 0.0458 0.0762 0.1082 0.1389 0.0199 0.0225 0.0545 0.0897 0.1228 0.1537 0.0272 0.0 0.0345 0.0722 0.1079 0.1403 0.1706 0.0419 0.0215 0.0241 0.0577 0.0945 0.1283 0.1593 0.1883 0.0419 0.0335 0.0518 0.0848 0.1188 0.1501 0.1792 0.0519 0.0574 0.0816 0.1133 0.144 0.1725 0.0715 0.0861 0.1121 0.1405 0.1676 0.0969 0.1163 0.1406 0.1653 0.1244 0.1445 0.1657 0.1513 0.1688 0.1738
-2.000 -1.000 24 0.1013 0.083 0.0954 0.0656 0.0749 0.0938 0.0517 0.054 0.0723 0.0973 0.0457 0.0345 0.0496 0.077 0.1059 0.0502 0.0245 0.0254 0.0564 0.0881 0.1185 0.062 0.0345 0.0 0.0369 0.0719 0.1039 0.1339 0.0771 0.0537 0.026 0.0268 0.0591 0.0917 0.1222 0.1511 0.0745 0.0518 0.0385 0.0547 0.0838 0.1134 0.1419 0.0768 0.0614 0.0628 0.0826 0.1089 0.1356 0.0864 0.0808 0.0898 0.1096 0.1327 0.1029 0.1044 0.1164 0.1341 0.1234 0.1282 0.14 0.1438 0.15 0.1618
0.000 -1.000 18 0.0956 0.0834 0.0821 0.0747 0.0663 0.0723 0.0718 0.054 0.0527 0.0687 0.076 0.0495 0.0345 0.0472 0.0724 0.0863 0.0565 0.0253 0.0245 0.0528 0.0824 0.1005 0.0722 0.0369 0.0 0.0347 0.0666 0.0967 0.1164 0.0917 0.0596 0.0265 0.0256 0.0547 0.0847 0.1134 0.1127 0.0851 0.0548 0.0378 0.051 0.0769 0.1044 0.1112 0.0839 0.062 0.0596 0.0758 0.0993 0.1129 0.0902 0.0784 0.0831 0.0996 0.1193 0.1027 0.098 0.1058 0.129 0.1185 0.1174 0.1409 0.1337 0.1525
2.000 -1.000 24 0.0981 0.0932 0.0797 0.0929 0.0719 0.0627 0.098 0.0704 0.051 0.0496 0.1075 0.0766 0.0471 0.0322 0.0443 0.121 0.0898 0.0547 0.0236 0.0227 0.0494 0.1371 0.1079 0.0719 0.0347 0.0 0.0321 0.0623 0.1538 0.1281 0.0944 0.0572 0.0245 0.0234 0.0505 0.0788 0.1494 0.1195 0.0841 0.0511 0.0344 0.0466 0.0709 0.1458 0.1132 0.08 0.0567 0.0539 0.0692 0.1424 0.1105 0.0834 0.0707 0.0749 0.1409 0.1125 0.093 0.0877 0.1418 0.1182 0.1057 0.1447 0.1262 0.1478
4.000 -1.000 30 0.1094 0.11 0.0892 0.1151 0.0885 0.0686 0.1247 0.0938 0.0664 0.0485 0.1373 0.1049 0.072 0.0442 0.0306 0.1528 0.1209 0.085 0.0508 0.0221 0.0215 0.17 0.1403 0.1039 0.0666 0.0321 0.0 0.0303 0.1876 0.1613 0.1267 0.0885 0.0525 0.0226 0.0219 0.0474 0.183 0.1517 0.1144 0.0773 0.0467 0.0318 0.0434 0.1778 0.1426 0.1051 0.0726 0.0517 0.0497 0.1713 0.1348 0.1005 0.0753 0.0644 0.1647 0.1297 0.1011 0.0837 0.1589 0.1278 0.1054 0.1544 0.1285 0.1512
6.000 -1.000 36 0.1266 0.131 0.1063 0.1394 0.1103 0.0853 0.1515 0.1193 0.0893 0.0638 0.1659 0.1329 0.0991 0.0683 0.0423 0.1826 0.1503 0.1142 0.0797 0.0481 0.021 0.2007 0.1706 0.1339 0.0967 0.0623 0.0303 0.0 0.219 0.1921 0.157 0.1184 0.0818 0.049 0.0212 0.0204 0.2142 0.1821 0.1437 0.1053 0.0713 0.0434 0.0296 0.2081 0.1713 0.1318 0.096 0.0669 0.0479 0.1994 0.1605 0.1228 0.0915 0.0691 0.1893 0.1508 0.1171 0.0918 0.179 0.1432 0.1148 0.169 0.1377 0.1602
-7.000 0.000 42 0.1349 0.1139 0.1452 0.0925 0.1245 0.1564 0.0713 0.1033 0.1373 0.1697 0.0515 0.0818 0.1175 0.1524 0.1849 0.0331 0.061 0.0969 0.1342 0.1688 0.2009 0.0161 0.0419 0.0771 0.1164 0.1538 0.1876 0.219 0.0 0.0258 0.0593 0.099 0.1391 0.1753 0.2078 0.238 0.0179 0.0458 0.0831 0.1241 0.1625 0.1966 0.2276 0.04 0.0715 0.1108 0.1504 0.1861 0.2178 0.0662 0.101 0.1401 0.177 0.2093 0.0953 0.1312 0.1676 0.2003 0.1251 0.1595 0.1917 0.1529 0.185 0.1778
-5.000 0.000 36 0.1307 0.1093 0.1349 0.087 0.1135 0.1413 0.0651 0.0908 0.1207 0.1504 0.0445 0.0674 0.0991 0.1314 0.1622 0.0272 0.0441 0.0762 0.1114 0.1447 0.1759 0.0187 0.0215 0.0537 0.0917 0.1281 0.1613 0.1921 0.0258 0.0 0.0335 0.0728 0.1122 0.1477 0.1798 0.2096 0.0204 0.0232 0.0573 0.097 0.1345 0.168 0.1986 0.0321 0.0506 0.0856 0.1232 0.1577 0.1887 0.0553 0.0807 0.1156 0.1499 0.1808 0.0833 0.1118 0.1437 0.1736 0.1131 0.1407 0.1684 0.1408 0.1654 0.1645
-3.000 0.000 30 0.1236 0.1037 0.1203 0.0837 0.0993 0.1201 0.0649 0.0771 0.0987 0.1238 0.0504 0.0548 0.0758 0.1033 0.1316 0.044 0.0345 0.0515 0.0817 0.1128 0.1429 0.048 0.0241 0.026 0.0596 0.0944 0.1267 0.157 0.0593 0.0335 0.0 0.0385 0.077 0.1119 0.1435 0.173 0.0518 0.0257 0.0275 0.0626 0.0987 0.1315 0.1616 0.0506 0.0389 0.0571 0.0894 0.1218 0.1519 0.0607 0.0642 0.0869 0.1163 0.1449 0.0806 0.0925 0.1154 0.1406 0.1047 0.1201 0.1402 0.1288 0.1438 0.1507
-1.000 0.000 24 0.1161 0.1008 0.1053 0.0871 0.0873 0.0977 0.0769 0.0703 0.0774 0.095 0.0728 0.0567 0.0566 0.0737 0.0979 0.076 0.0514 0.0369 0.051 0.0777 0.1062 0.0855 0.0577 0.0268 0.0265 0.0572 0.0885 0.1184 0.099 0.0728 0.0385 0.0 0.0378 0.0722 0.1037 0.1332 0.0914 0.0612 0.0282 0.0278 0.0596 0.0915 0.1214 0.0859 0.0571 0.0405 0.0555 0.0834 0.1121 0.0857 0.0654 0.0641 0.082 0.1067 0.0928 0.083 0.089 0.1065 0.1062 0.1034 0.1122 0.1224 0.1227 0.1373
1.000 0.000 24 0.1134 0.1045 0.0969 0.099 0.085 0.0825 0.098 0.077 0.0668 0.0724 0.1023 0.0754 0.0548 0.0528 0.0686 0.1109 0.0814 0.051 0.0347 0.0471 0.0721 0.1236 0.0945 0.0591 0.0256 0.0245 0.0525 0.0818 0.1391 0.1122 0.077 0.0378 0.0 0.0344 0.066 0.0956 0.1315 0.0997 0.0619 0.0267 0.0254 0.054 0.0835 0.124 0.0898 0.0555 0.0374 0.0501 0.0754 0.1186 0.0858 0.0614 0.0581 0.0736 0.1163 0.0893 0.0759 0.0796 0.1183 0.0987 0.0927 0.1234 0.1107 0.1304
3.000 0.000 30 0.1185 0.1154 0.099 0.1165 0.0938 0.08 0.1219 0.094 0.072 0.0627 0.1313 0.1003 0.0706 0.0508 0.0494 0.1433 0.112 0.0773 0.047 0.0321 0.0441 0.1584 0.1283 0.0917 0.0547 0.0234 0.0226 0.049 0.1753 0.1477 0.1119 0.0722 0.0344 0.0 0.0318 0.0614 0.1679 0.135 0.0959 0.0568 0.0241 0.0231 0.0498 0.1593 0.1227 0.0837 0.0502 0.0338 0.0456 0.1508 0.113 0.0781 0.055 0.0523 0.1425 0.1073 0.0799 0.0676 0.1364 0.1065 0.0873 0.1329 0.1091 0.1318
5.000 0.000 36 0.1306 0.132 0.1102 0.1374 0.1105 0.0893 0.1466 0.1159 0.0884 0.0684 0.1591 0.1264 0.0937 0.0662 0.0482 0.1733 0.1411 0.1052 0.0717 0.044 0.0303 0.1899 0.1593 0.1222 0.0847 0.0505 0.0219 0.0212 0.2078 0.1798 0.1435 0.1037 0.066 0.0318 0.0 0.0296 0.2007 0.1671 0.1274 0.0876 0.0518 0.0223 0.0214 0.1915 0.1536 0.113 0.0758 0.0457 0.031 0.1809 0.1408 0.1021 0.0703 0.05 0.169 0.1298 0.096 0.0718 0.1575 0.122 0.0947 0.1475 0.1175 0.1395
7.000 0.000 42 0.1474 0.152 0.1269 0.1601 0.131 0.1058 0.1716 0.1396 0.1098 0.0844 0.1859 0.1525 0.1187 0.0885 0.0628 0.2016 0.1689 0.1326 0.0982 0.0675 0.0414 0.2192 0.1883 0.1511 0.1134 0.0788 0.0474 0.0204 0.238 0.2096 0.173 0.1332 0.0956 0.0614 0.0296 0.0 0.231 0.197 0.1568 0.1168 0.0805 0.048 0.0206 0.2214 0.1828 0.1413 0.1029 0.0695 0.0421 0.2093 0.1679 0.1275 0.0926 0.0642 0.1948 0.1536 0.1167 0.0868 0.1795 0.141 0.1091 0.1648 0.1309 0.1518
-6.000 1.000 36 0.1493 0.1274 0.1559 0.1048 0.1341 0.1639 0.0823 0.1113 0.1428 0.1732 0.0611 0.0879 0.121 0.1539 0.1851 0.0418 0.0645 0.098 0.134 0.1677 0.1991 0.0258 0.0419 0.0745 0.1127 0.1494 0.183 0.2142 0.0179 0.0204 0.0518 0.0914 0.1315 0.1679 0.2007 0.231 0.0 0.0321 0.0713 0.1136 0.1529 0.1877 0.2191 0.0221 0.0553 0.0964 0.1375 0.1742 0.2067 0.0482 0.0834 0.1236 0.1613 0.1946 0.077 0.1132 0.1505 0.1841 0.1068 0.1409 0.1736 0.1343 0.1646 0.1576
-4.000 1.000 30 0.1456 0.1246 0.145 0.1028 0.1234 0.1464 0.0815 0.1006 0.125 0.1508 0.0624 0.077 0.1021 0.1302 0.1584 0.0481 0.0539 0.0774 0.1085 0.1394 0.1691 0.0419 0.0335 0.0518 0.0851 0.1195 0.1517 0.1821 0.0458 0.0232 0.0257 0.0612 0.0997 0.135 0.1671 0.197 0.0321 0.0 0.0389 0.0803 0.1188 0.153 0.184 0.0248 0.0272 0.0641 0.1036 0.1394 0.1713 0.0377 0.0571 0.0922 0.1277 0.1599 0.0626 0.0874 0.12 0.1509 0.0905 0.1163 0.1441 0.1178 0.1407 0.1408
-2.000 1.000 24 0.139 0.1214 0.1308 0.104 0.1115 0.1251 0.0884 0.0918 0.1043 0.1234 0.0769 0.073 0.0825 0.102 0.126 0.0718 0.058 0.0598 0.0793 0.1055 0.1331 0.0743 0.0518 0.0385 0.0548 0.0841 0.1144 0.1437 0.0831 0.0573 0.0275 0.0282 0.0619 0.0959 0.1274 0.1568 0.0713 0.0389 0.0 0.0405 0.0783 0.1121 0.1428 0.0606 0.0288 0.0293 0.0641 0.0986 0.1301 0.0571 0.0419 0.0588 0.0892 0.1196 0.0659 0.0666 0.0865 0.1131 0.0839 0.0921 0.1114 0.1045 0.1154 0.1235
0.000 1.000 18 0.1331 0.121 0.1187 0.1108 0.1039 0.1065 0.1038 0.0912 0.0887 0.098 0.1015 0.0822 0.0722 0.0778 0.0949 0.1046 0.0796 0.0592 0.0573 0.0736 0.0975 0.1121 0.0848 0.0547 0.0378 0.0511 0.0773 0.1053 0.1241 0.097 0.0626 0.0278 0.0267 0.0568 0.0876 0.1168 0.1136 0.0803 0.0405 0.0 0.0374 0.0711 0.1018 0.1019 0.0653 0.0288 0.0275 0.0582 0.0891 0.0925 0.0589 0.0403 0.0539 0.0803 0.0888 0.065 0.0619 0.0779 0.0924 0.0797 0.0835 0.1017 0.0961 0.113
2.000 1.000 24 0.1326 0.1263 0.1142 0.1232 0.1054 0.097 0.1238 0.1007 0.085 0.0823 0.1285 0.1012 0.0774 0.0665 0.072 0.1371 0.1075 0.0765 0.0547 0.0524 0.0681 0.1482 0.1188 0.0838 0.051 0.0344 0.0467 0.0713 0.1625 0.1345 0.0987 0.0596 0.0254 0.0241 0.0518 0.0805 0.1529 0.1188 0.0783 0.0374 0.0 0.0338 0.0647 0.1408 0.1025 0.0615 0.0261 0.0247 0.0524 0.1286 0.0895 0.0539 0.036 0.048 0.1186 0.0829 0.0583 0.0548 0.1121 0.0838 0.0704 0.1101 0.09 0.1111
4.000 1.000 30 0.1392 0.1376 0.1191 0.1398 0.1158 0.099 0.1456 0.1173 0.0936 0.0797 0.1549 0.1238 0.0939 0.0716 0.0623 0.167 0.1352 0.1006 0.0702 0.0505 0.049 0.1806 0.1501 0.1134 0.0769 0.0466 0.0318 0.0434 0.1966 0.168 0.1315 0.0915 0.054 0.0231 0.0223 0.048 0.1877 0.153 0.1121 0.0711 0.0338 0.0 0.031 0.1754 0.1362 0.0941 0.0552 0.0235 0.0224 0.1615 0.1204 0.0806 0.0481 0.0323 0.1477 0.1077 0.0736 0.0518 0.135 0.0997 0.0738 0.1251 0.0965 0.1184
6.000 1.000 36 0.1518 0.1538 0.131 0.1596 0.1321 0.11 0.1686 0.1377 0.11 0.0887 0.1807 0.1479 0.1154 0.0878 0.0676 0.195 0.1622 0.1262 0.093 0.0655 0.0474 0.2103 0.1792 0.1419 0.1044 0.0709 0.0434 0.0296 0.2276 0.1986 0.1616 0.1214 0.0835 0.0498 0.0214 0.0206 0.2191 0.184 0.1428 0.1018 0.0647 0.031 0.0 0.2067 0.167 0.1245 0.085 0.0502 0.0215 0.1917 0.1496 0.1084 0.0724 0.0436 0.1753 0.1334 0.096 0.066 0.1585 0.1199 0.0883 0.1432 0.11 0.1305
-5.000 2.000 30 0.1664 0.1446 0.1688 0.1217 0.1467 0.1722 0.099 0.1234 0.1504 0.1777 0.0777 0.0991 0.1273 0.1566 0.1852 0.0593 0.0749 0.1027 0.1347 0.1658 0.1956 0.0457 0.0519 0.0768 0.1112 0.1458 0.1778 0.2081 0.04 0.0321 0.0506 0.0859 0.124 0.1593 0.1915 0.2214 0.0221 0.0248 0.0606 0.1019 0.1408 0.1754 0.2067 0.0 0.0377 0.0804 0.1223 0.1595 0.1921 0.0259 0.0627 0.1044 0.1432 0.1771 0.0545 0.0905 0.1286 0.1628 0.0835 0.1178 0.151 0.111 0.1408 0.134
-3.000 2.000 24 0.1627 0.1432 0.1572 0.1231 0.1368 0.1535 0.1037 0.1154 0.1324 0.1528 0.0869 0.0937 0.1099 0.1314 0.1556 0.0747 0.0734 0.0859 0.1088 0.1349 0.1619 0.0693 0.0574 0.0614 0.0839 0.1132 0.1426 0.1713 0.0715 0.0506 0.0389 0.0571 0.0898 0.1227 0.1536 0.1828 0.0553 0.0272 0.0288 0.0653 0.1025 0.1362 0.167 0.0377 0.0 0.0419 0.0829 0.1193 0.1516 0.0282 0.0296 0.0665 0.1038 0.137 0.0412 0.0595 0.0922 0.1244 0.0655 0.0874 0.1159 0.0906 0.1118 0.1131
-1.000 2.000 18 0.1561 0.1413 0.1438 0.1272 0.1271 0.1334 0.1148 0.1109 0.1146 0.1264 0.106 0.0963 0.0957 0.1058 0.1237 0.1022 0.0856 0.0775 0.0844 0.1024 0.1257 0.104 0.0816 0.0628 0.062 0.08 0.1051 0.1318 0.1108 0.0856 0.0571 0.0405 0.0555 0.0837 0.113 0.1413 0.0964 0.0641 0.0293 0.0288 0.0615 0.0941 0.1245 0.0804 0.0419 0.0 0.0403 0.0763 0.1084 0.0658 0.0299 0.0292 0.062 0.0943 0.0596 0.0418 0.0566 0.0842 0.0659 0.0639 0.0808 0.0804 0.0853 0.0963
1.000 2.000 18 0.1513 0.1422 0.1343 0.1351 0.1228 0.1187 0.1307 0.1137 0.1042 0.106 0.1299 0.1084 0.0921 0.0883 0.0973 0.1332 0.108 0.0841 0.0722 0.0771 0.0939 0.1405 0.1133 0.0826 0.0596 0.0567 0.0726 0.096 0.1504 0.1232 0.0894 0.0555 0.0374 0.0502 0.0758 0.1029 0.1375 0.1036 0.0641 0.0275 0.0261 0.0552 0.085 0.1223 0.0829 0.0403 0.0 0.036 0.0682 0.106 0.0651 0.0278 0.0262 0.055 0.0926 0.0567 0.0379 0.0501 0.0853 0.0605 0.0566 0.0854 0.0719 0.0907
3.000 2.000 24 0.1523 0.1481 0.1328 0.1469 0.1266 0.1139 0.149 0.1242 0.105 0.0964 0.1542 0.1262 0.1005 0.0844 0.0816 0.1626 0.1329 0.1015 0.0767 0.0659 0.0712 0.1737 0.144 0.1089 0.0758 0.0539 0.0517 0.0669 0.1861 0.1577 0.1218 0.0834 0.0501 0.0338 0.0457 0.0695 0.1742 0.1394 0.0986 0.0582 0.0247 0.0235 0.0502 0.1595 0.1193 0.0763 0.036 0.0 0.0323 0.1421 0.0998 0.0585 0.0246 0.0232 0.1251 0.0845 0.0501 0.0333 0.1111 0.0759 0.0529 0.1013 0.0746 0.0965
5.000 2.000 30 0.1598 0.1596 0.1393 0.1628 0.1375 0.1187 0.1693 0.14 0.1151 0.0983 0.1782 0.147 0.1165 0.0928 0.0788 0.1899 0.1581 0.1234 0.0929 0.0708 0.0614 0.2035 0.1725 0.1356 0.0993 0.0692 0.0497 0.0479 0.2178 0.1887 0.1519 0.1121 0.0754 0.0456 0.031 0.0421 0.2067 0.1713 0.1301 0.0891 0.0524 0.0224 0.0215 0.1921 0.1516 0.1084 0.0682 0.0323 0.0 0.1741 0.1311 0.0891 0.052 0.0221 0.1549 0.1126 0.0746 0.0444 0.1366 0.0979 0.0666 0.1208 0.0882 0.1087
-4.000 3.000 24 0.1856 0.1646 0.1831 0.1426 0.1618 0.1817 0.1208 0.1392 0.16 0.1822 0.1004 0.1156 0.137 0.1606 0.1854 0.0834 0.0925 0.1124 0.1378 0.1643 0.191 0.0713 0.0715 0.0864 0.1129 0.1424 0.1713 0.1994 0.0662 0.0553 0.0607 0.0857 0.1186 0.1508 0.1809 0.2093 0.0482 0.0377 0.0571 0.0925 0.1286 0.1615 0.1917 0.0259 0.0282 0.0658 0.106 0.1421 0.1741 0.0 0.0412 0.0839 0.1228 0.1565 0.0283 0.0655 0.1046 0.1393 0.0569 0.0906 0.1241 0.0834 0.1132 0.1065
-2.000 3.000 18 0.1808 0.1637 0.1708 0.1463 0.1526 0.1623 0.1295 0.1338 0.1427 0.1565 0.115 0.1153 0.1222 0.1357 0.1542 0.1048 0.0985 0.1011 0.1138 0.1329 0.1556 0.0999 0.0861 0.0808 0.0902 0.1105 0.1348 0.1605 0.101 0.0807 0.0642 0.0654 0.0858 0.113 0.1408 0.1679 0.0834 0.0571 0.0419 0.0589 0.0895 0.1204 0.1496 0.0627 0.0296 0.0299 0.0651 0.0998 0.1311 0.0412 0.0 0.0418 0.0801 0.1133 0.0295 0.0296 0.064 0.0974 0.0412 0.0571 0.0857 0.0627 0.0806 0.0833
0.000 3.000 12 0.1738 0.1621 0.1583 0.1511 0.1446 0.1442 0.142 0.1321 0.1281 0.1328 0.1354 0.1214 0.1129 0.1142 0.1251 0.1327 0.1144 0.0995 0.0959 0.1046 0.1217 0.1343 0.1121 0.0898 0.0784 0.0834 0.1005 0.1228 0.1401 0.1156 0.0869 0.0641 0.0614 0.0781 0.1021 0.1275 0.1236 0.0922 0.0588 0.0403 0.0539 0.0806 0.1084 0.1044 0.0665 0.0292 0.0278 0.0585 0.0891 0.0839 0.0418 0.0 0.0379 0.0711 0.0659 0.0287 0.0272 0.0568 0.0571 0.0387 0.0511 0.0606 0.057 0.0711
2.000 3.000 18 0.1698 0.1633 0.1512 0.1587 0.1423 0.1334 0.1565 0.1364 0.1219 0.1174 0.1571 0.1337 0.1133 0.1029 0.1044 0.1607 0.135 0.1089 0.0909 0.0868 0.0955 0.1674 0.1405 0.1096 0.0831 0.0707 0.0753 0.0915 0.177 0.1499 0.1163 0.082 0.0581 0.055 0.0703 0.0926 0.1613 0.1277 0.0892 0.0539 0.036 0.0481 0.0724 0.1432 0.1038 0.062 0.0262 0.0246 0.052 0.1228 0.0801 0.0379 0.0 0.0333 0.1023 0.0607 0.0254 0.0238 0.0859 0.0511 0.0337 0.0762 0.0529 0.0737
4.000 3.000 24 0.1719 0.1694 0.1518 0.17 0.1474 0.1318 0.1733 0.1467 0.1252 0.1126 0.1793 0.15 0.1228 0.1034 0.095 0.1868 0.1571 0.1252 0.0988 0.0829 0.08 0.1972 0.1676 0.1327 0.0996 0.0749 0.0644 0.0691 0.2093 0.1808 0.1449 0.1067 0.0736 0.0523 0.05 0.0642 0.1946 0.1599 0.1196 0.0803 0.048 0.0323 0.0436 0.1771 0.137 0.0943 0.055 0.0232 0.0221 0.1565 0.1133 0.0711 0.0333 0.0 0.1344 0.0918 0.0532 0.0223 0.114 0.0754 0.0444 0.0976 0.0658 0.0863
-3.000 4.000 18 0.2052 0.186 0.198 0.166 0.1784 0.1914 0.1459 0.1575 0.171 0.1869 0.1272 0.1361 0.1495 0.1657 0.1849 0.1115 0.1154 0.1264 0.1434 0.1635 0.1859 0.1007 0.0969 0.1029 0.1193 0.1409 0.1647 0.1893 0.0953 0.0833 0.0806 0.0928 0.1163 0.1425 0.169 0.1948 0.077 0.0626 0.0659 0.0888 0.1186 0.1477 0.1753 0.0545 0.0412 0.0596 0.0926 0.1251 0.1549 0.0283 0.0295 0.0659 0.1023 0.1344 0.0 0.0412 0.0805 0.1147 0.0283 0.0627 0.0968 0.0544 0.0833 0.0766
-1.000 4.000 12 0.1985 0.1844 0.1848 0.17 0.1692 0.1721 0.1561 0.1539 0.1547 0.1618 0.1444 0.1388 0.1374 0.1426 0.1545 0.1356 0.1256 0.1203 0.1229 0.134 0.1509 0.131 0.1163 0.1044 0.1027 0.1125 0.1297 0.1508 0.1312 0.1118 0.0925 0.083 0.0893 0.1073 0.1298 0.1536 0.1132 0.0874 0.0666 0.065 0.0829 0.1077 0.1334 0.0905 0.0595 0.0418 0.0567 0.0845 0.1126 0.0655 0.0296 0.0287 0.0607 0.0918 0.0412 0.0 0.0387 0.0724 0.0282 0.0272 0.0571 0.0378 0.0505 0.0552
1.000 4.000 12 0.1911 0.182 0.1733 0.1743 0.1624 0.1564 0.1678 0.1531 0.1432 0.1416 0.1632 0.1461 0.1315 0.1256 0.1297 0.1614 0.1416 0.122 0.111 0.1111 0.1214 0.1629 0.1406 0.1164 0.098 0.093 0.1011 0.1171 0.1676 0.1437 0.1154 0.089 0.0759 0.0799 0.096 0.1167 0.1505 0.12 0.0865 0.0619 0.0583 0.0736 0.096 0.1286 0.0922 0.0566 0.0379 0.0501 0.0746 0.1046 0.064 0.0272 0.0254 0.0532 0.0805 0.0387 0.0 0.0337 0.0606 0.0256 0.0238 0.0505 0.0333 0.0516
3.000 4.000 18 0.1879 0.1832 0.168 0.1807 0.1616 0.1488 0.1809 0.1578 0.1397 0.1308 0.1828 0.1572 0.1341 0.119 0.1145 0.1869 0.1597 0.132 0.1102 0.1001 0.1012 0.192 0.1653 0.1341 0.1058 0.0877 0.0837 0.0918 0.2003 0.1736 0.1406 0.1065 0.0796 0.0676 0.0718 0.0868 0.1841 0.1509 0.1131 0.0779 0.0548 0.0518 0.066 0.1628 0.1244 0.0842 0.0501 0.0333 0.0444 0.1393 0.0974 0.0568 0.0238 0.0223 0.1147 0.0724 0.0337 0.0 0.0918 0.0532 0.022 0.0742 0.0434 0.0637
-2.000 5.000 12 0.2232 0.2068 0.2118 0.1895 0.1944 0.2006 0.1717 0.1766 0.1824 0.1912 0.1549 0.1583 0.163 0.1716 0.1845 0.1412 0.1402 0.1432 0.1512 0.1636 0.1804 0.1309 0.1244 0.1234 0.129 0.1418 0.1589 0.179 0.1251 0.1131 0.1047 0.1062 0.1183 0.1364 0.1575 0.1795 0.1068 0.0905 0.0839 0.0924 0.1121 0.135 0.1585 0.0835 0.0655 0.0659 0.0853 0.1111 0.1366 0.0569 0.0412 0.0571 0.0859 0.114 0.0283 0.0282 0.0606 0.0918 0.0 0.0378 0.0714 0.0259 0.0552 0.0478
0.000 5.000 6 0.2147 0.2033 0.1979 0.1919 0.1854 0.1819 0.1815 0.173 0.1673 0.168 0.1718 0.1614 0.1534 0.1509 0.1565 0.1644 0.152 0.14 0.1344 0.1376 0.1482 0.1602 0.1445 0.1282 0.1185 0.1182 0.1278 0.1432 0.1595 0.1407 0.1201 0.1034 0.0987 0.1065 0.122 0.141 0.1409 0.1163 0.0921 0.0797 0.0838 0.0997 0.1199 0.1178 0.0874 0.0639 0.0605 0.0759 0.0979 0.0906 0.0571 0.0387 0.0511 0.0754 0.0627 0.0272 0.0256 0.0532 0.0378 0.0 0.0333 0.0248 0.0231 0.0319
2.000 5.000 12 0.2067 0.2004 0.1875 0.1949 0.1789 0.169 0.1907 0.1728 0.158 0.1515 0.1888 0.1681 0.1492 0.1383 0.1362 0.1879 0.1657 0.1434 0.1266 0.1203 0.124 0.1893 0.1657 0.14 0.1174 0.1057 0.1054 0.1148 0.1917 0.1684 0.1402 0.1122 0.0927 0.0873 0.0947 0.1091 0.1736 0.1441 0.1114 0.0835 0.0704 0.0738 0.0883 0.151 0.1159 0.0808 0.0566 0.0529 0.0666 0.1241 0.0857 0.0511 0.0337 0.0444 0.0968 0.0571 0.0238 0.022 0.0714 0.0333 0.0 0.0517 0.0213 0.0415
-1.000 6.000 6 0.2384 0.2251 0.223 0.2105 0.2088 0.2084 0.1954 0.1943 0.1922 0.1949 0.1816 0.1789 0.1764 0.1774 0.1836 0.1689 0.1639 0.1604 0.1592 0.1644 0.1752 0.1591 0.1513 0.1438 0.1409 0.1447 0.1544 0.169 0.1529 0.1408 0.1288 0.1224 0.1234 0.1329 0.1475 0.1648 0.1343 0.1178 0.1045 0.1017 0.1101 0.1251 0.1432 0.111 0.0906 0.0804 0.0854 0.1013 0.1208 0.0834 0.0627 0.0606 0.0762 0.0976 0.0544 0.0378 0.0505 0.0742 0.0259 0.0248 0.0517 0.0 0.0319 0.0217
1.000 6.000 6 0.2279 0.2191 0.2094 0.2112 0.1991 0.1909 0.203 0.1897 0.179 0.1739 0.1954 0.1819 0.1678 0.1596 0.1595 0.1905 0.1745 0.1577 0.1464 0.1424 0.1472 0.1865 0.1688 0.15 0.1337 0.1262 0.1285 0.1377 0.185 0.1654 0.1438 0.1227 0.1107 0.1091 0.1175 0.1309 0.1646 0.1407 0.1154 0.0961 0.09 0.0965 0.11 0.1408 0.1118 0.0853 0.0719 0.0746 0.0882 0.1132 0.0806 0.057 0.0529 0.0658 0.0833 0.0505 0.0333 0.0434 0.0552 0.0231 0.0213 0.0319 0.0 0.0202
0.000 7.000 0 0.25 0.239 0.2316 0.2273 0.2204 0.2136 0.216 0.2084 0.2006 0.1975 0.2038 0.1962 0.188 0.1818 0.1827 0.1926 0.1851 0.1748 0.1671 0.1656 0.1701 0.1846 0.1738 0.1618 0.1525 0.1478 0.1512 0.1602 0.1778 0.1645 0.1507 0.1373 0.1304 0.1318 0.1395 0.1518 0.1576 0.1408 0.1235 0.113 0.1111 0.1184 0.1305 0.134 0.1131 0.0963 0.0907 0.0965 0.1087 0.1065 0.0833 0.0711 0.0737 0.0863 0.0766 0.0552 0.0516 0.0637 0.0478 0.0319 0.0415 0.0217 0.0202 0.0