n 64
m 3
tmax 18.3
Vcpm 1.4
R 1
dmax 25.62
0.000 -7.000 0 0.0 0.031 0.0298 0.0633 0.0418 0.0581 0.0985 0.0652 0.0629 0.085 0.1385 0.0931 0.0774 0.086 0.1108 0.1818 0.1264 0.0977 0.0947 0.1097 0.1362 0.2205 0.1664 0.1235 0.109 0.1149 0.134 0.1604 0.25 0.2084 0.1553 0.1279 0.1246 0.1363 0.1576 0.1824 0.2452 0.1932 0.1516 0.1379 0.1426 0.158 0.1793 0.2318 0.1808 0.1547 0.1515 0.1611 0.1782 0.2151 0.1755 0.1629 0.1667 0.1791 0.2013 0.1772 0.1742 0.1818 0.1948 0.1836 0.1864 0.1953 0.1925 0.2001
-1.000 -6.000 6 0.031 0.0 0.0418 0.0324 0.0292 0.0634 0.068 0.0413 0.0548 0.0865 0.1086 0.0672 0.0602 0.0789 0.1098 0.1519 0.1008 0.0767 0.0811 0.1025 0.1336 0.1902 0.1407 0.1017 0.0915 0.1024 0.1265 0.1566 0.2174 0.1825 0.1342 0.1089 0.1091 0.1247 0.1497 0.1776 0.2175 0.1722 0.1328 0.1206 0.1277 0.1465 0.1708 0.2104 0.1631 0.1371 0.1351 0.1468 0.1665 0.198 0.1589 0.1459 0.1505 0.165 0.1861 0.1606 0.1574 0.166 0.1797 0.1668 0.1696 0.1794 0.1756 0.1836
1.000 -6.000 6 0.0298 0.0418 0.0 0.0659 0.0282 0.0283 0.0952 0.0548 0.0383 0.0552 0.1296 0.0819 0.0582 0.0588 0.0812 0.1692 0.112 0.0808 0.0714 0.082 0.1065 0.2058 0.1482 0.1055 0.0886 0.0899 0.1059 0.1307 0.2346 0.1871 0.1349 0.1083 0.1022 0.1107 0.1293 0.1526 0.2221 0.169 0.1305 0.1171 0.119 0.1316 0.1508 0.2043 0.1568 0.1338 0.1296 0.1368 0.1515 0.187 0.1528 0.1419 0.144 0.1542 0.1752 0.1556 0.1526 0.1585 0.1712 0.1624 0.1644 0.1733 0.1712 0.1789
-2.000 -5.000 12 0.0633 0.0324 0.0659 0.0 0.0413 0.0782 0.036 0.0299 0.0606 0.0958 0.0767 0.0446 0.0544 0.0818 0.1159 0.1193 0.0759 0.0628 0.0768 0.1032 0.1368 0.1577 0.115 0.0842 0.0817 0.0983 0.1259 0.1582 0.1842 0.1557 0.1154 0.0961 0.1006 0.1203 0.1479 0.1778 0.1891 0.1524 0.119 0.1101 0.1201 0.1415 0.1678 0.1891 0.1492 0.1257 0.1252 0.1393 0.1607 0.1832 0.148 0.1355 0.1411 0.1568 0.1759 0.1506 0.147 0.1566 0.1709 0.1569 0.1593 0.1705 0.1651 0.1742
0.000 -5.000 6 0.0418 0.0292 0.0282 0.0413 0.0 0.0383 0.0678 0.0268 0.0259 0.0588 0.1022 0.0543 0.0357 0.0504 0.0817 0.141 0.0856 0.0561 0.0545 0.0745 0.1052 0.1775 0.1217 0.0812 0.0677 0.0759 0.0985 0.1282 0.2047 0.1608 0.1107 0.0861 0.0841 0.0979 0.1218 0.1491 0.1951 0.1453 0.1084 0.0968 0.1026 0.1197 0.143 0.1809 0.1352 0.1129 0.1109 0.1214 0.1398 0.1661 0.1323 0.122 0.1263 0.1393 0.1556 0.1355 0.1335 0.1415 0.1517 0.1427 0.1458 0.1537 0.1519 0.1593
2.000 -5.000 12 0.0581 0.0634 0.0283 0.0782 0.0383 0.0 0.1008 0.0583 0.0262 0.0269 0.1308 0.0815 0.0503 0.0363 0.053 0.165 0.1078 0.0737 0.0553 0.057 0.0785 0.199 0.1402 0.0975 0.0758 0.0694 0.0801 0.1027 0.2247 0.1756 0.1244 0.0965 0.0854 0.0881 0.1031 0.1245 0.208 0.1552 0.1184 0.1025 0.0996 0.1079 0.1242 0.1871 0.1425 0.1199 0.1127 0.1158 0.127 0.1692 0.1383 0.1265 0.1254 0.1319 0.1587 0.1406 0.1358 0.1385 0.1555 0.1466 0.1462 0.1577 0.1543 0.1628
-3.000 -4.000 18 0.0985 0.068 0.0952 0.036 0.0678 0.1008 0.0 0.0446 0.0781 0.1123 0.0406 0.0339 0.0635 0.0945 0.129 0.0824 0.0517 0.0599 0.0836 0.1137 0.148 0.1185 0.0863 0.0719 0.0816 0.1033 0.1331 0.1664 0.1452 0.1235 0.0976 0.09 0.1009 0.124 0.1534 0.1844 0.1549 0.1306 0.109 0.1063 0.1205 0.1441 0.172 0.1627 0.1363 0.1199 0.1228 0.1392 0.1617 0.167 0.1405 0.1311 0.1389 0.1557 0.1668 0.1458 0.1435 0.1535 0.1657 0.1527 0.156 0.167 0.1614 0.1706
-1.000 -4.000 12 0.0652 0.0413 0.0548 0.0299 0.0268 0.0583 0.0446 0.0 0.0357 0.0714 0.0761 0.028 0.025 0.0546 0.0897 0.1136 0.0597 0.036 0.0479 0.0762 0.1103 0.1503 0.0965 0.0592 0.0534 0.0704 0.0983 0.131 0.1769 0.1355 0.0891 0.0684 0.0727 0.0924 0.1202 0.1503 0.1695 0.1238 0.09 0.0819 0.0923 0.1137 0.1403 0.1593 0.1171 0.0967 0.0976 0.1116 0.1332 0.1484 0.1161 0.107 0.1137 0.1296 0.14 0.1202 0.1193 0.1294 0.137 0.1278 0.1321 0.139 0.1372 0.1444
1.000 -4.000 12 0.0629 0.0548 0.0383 0.0606 0.0259 0.0262 0.0781 0.0357 0.0 0.0363 0.106 0.0565 0.0243 0.0246 0.0568 0.1398 0.0831 0.0479 0.0337 0.049 0.0797 0.1728 0.1143 0.0724 0.052 0.0529 0.0732 0.1025 0.1981 0.1496 0.0993 0.0724 0.0647 0.0743 0.0965 0.1232 0.1816 0.1303 0.0942 0.08 0.0815 0.0958 0.1176 0.1627 0.1187 0.097 0.0922 0.0994 0.1156 0.1462 0.1155 0.1047 0.1064 0.1169 0.1363 0.1184 0.1153 0.1207 0.1335 0.1252 0.1266 0.136 0.1338 0.1416
3.000 -4.000 18 0.085 0.0865 0.0552 0.0958 0.0588 0.0269 0.1123 0.0714 0.0363 0.0 0.1378 0.0896 0.0552 0.0254 0.0261 0.1691 0.1128 0.0761 0.049 0.0358 0.0516 0.1992 0.1403 0.0978 0.0712 0.0546 0.0561 0.0757 0.2229 0.1723 0.122 0.0922 0.0744 0.0687 0.078 0.0975 0.2018 0.1497 0.1133 0.0935 0.0841 0.0861 0.0987 0.1784 0.1356 0.1118 0.0999 0.0973 0.1036 0.1596 0.1299 0.1154 0.1096 0.1114 0.1487 0.1303 0.122 0.1206 0.145 0.1342 0.1302 0.146 0.1399 0.1496
-4.000 -3.000 24 0.1385 0.1086 0.1296 0.0767 0.1022 0.1308 0.0406 0.0761 0.106 0.1378 0.0 0.0517 0.0858 0.1161 0.1496 0.0409 0.0387 0.0722 0.101 0.1318 0.1659 0.0758 0.0561 0.0691 0.092 0.1185 0.1495 0.1828 0.1003 0.0868 0.0815 0.0918 0.11 0.1357 0.166 0.1974 0.1134 0.1053 0.1022 0.1099 0.1284 0.1539 0.1827 0.1305 0.1218 0.1179 0.1269 0.1461 0.1707 0.1453 0.1336 0.1317 0.143 0.1612 0.1544 0.1429 0.1451 0.157 0.1598 0.1522 0.1569 0.1642 0.1619 0.1698
-2.000 -3.000 18 0.0931 0.0672 0.0819 0.0446 0.0543 0.0815 0.0339 0.028 0.0565 0.0896 0.0517 0.0 0.036 0.0684 0.1034 0.0853 0.0321 0.0265 0.0539 0.0857 0.1208 0.1187 0.0689 0.0398 0.0487 0.0739 0.1051 0.1389 0.1464 0.107 0.0674 0.0562 0.0694 0.0938 0.1242 0.1557 0.1411 0.1012 0.0745 0.0732 0.0888 0.1137 0.1423 0.136 0.1005 0.0849 0.09 0.1078 0.1319 0.1307 0.1034 0.0972 0.1067 0.1252 0.1271 0.1093 0.1101 0.1224 0.1262 0.1177 0.1232 0.1289 0.1273 0.1345
0.000 -3.000 12 0.0774 0.0602 0.0582 0.0544 0.0357 0.0503 0.0635 0.025 0.0243 0.0552 0.0858 0.036 0.0 0.0337 0.0693 0.117 0.06 0.0238 0.0232 0.053 0.0879 0.1478 0.0911 0.0486 0.0323 0.0459 0.0745 0.1075 0.1733 0.1254 0.0762 0.0508 0.0498 0.0681 0.096 0.1262 0.157 0.1072 0.0725 0.0615 0.0691 0.0895 0.1157 0.1396 0.0973 0.0771 0.076 0.0883 0.109 0.1252 0.0954 0.0866 0.0916 0.1062 0.1167 0.0995 0.0983 0.1071 0.1146 0.1072 0.1107 0.1177 0.1165 0.1237
2.000 -3.000 18 0.086 0.0789 0.0588 0.0818 0.0504 0.0363 0.0945 0.0546 0.0246 0.0254 0.1161 0.0684 0.0337 0.0 0.0358 0.1457 0.0896 0.0522 0.0236 0.0244 0.056 0.1745 0.1169 0.0735 0.0459 0.0333 0.0486 0.0777 0.1976 0.147 0.097 0.0671 0.0507 0.0523 0.0717 0.0982 0.176 0.1244 0.0882 0.0692 0.0635 0.0727 0.0928 0.1535 0.1107 0.0873 0.0774 0.0794 0.0922 0.1353 0.1055 0.092 0.0891 0.0955 0.1247 0.1066 0.1001 0.1018 0.1214 0.1115 0.1098 0.123 0.1184 0.1274
4.000 -3.000 24 0.1108 0.1098 0.0812 0.1159 0.0817 0.053 0.129 0.0897 0.0568 0.0261 0.1496 0.1034 0.0693 0.0358 0.0 0.1777 0.1227 0.0859 0.0546 0.0251 0.0254 0.2051 0.1476 0.1049 0.0746 0.0486 0.0351 0.0493 0.2261 0.1749 0.1256 0.0942 0.0702 0.0537 0.0541 0.0707 0.2017 0.1501 0.1136 0.09 0.073 0.0664 0.0735 0.1764 0.134 0.1082 0.0911 0.0813 0.0814 0.1554 0.1257 0.1077 0.0963 0.0923 0.1432 0.1231 0.1107 0.1039 0.1377 0.1241 0.1157 0.1365 0.127 0.1377
-5.000 -2.000 30 0.1818 0.1519 0.1692 0.1193 0.141 0.165 0.0824 0.1136 0.1398 0.1691 0.0409 0.0853 0.117 0.1457 0.1777 0.0 0.0561 0.097 0.126 0.156 0.1894 0.0341 0.0389 0.0806 0.111 0.1392 0.1702 0.2033 0.0581 0.0514 0.0738 0.1016 0.1265 0.1543 0.1851 0.2162 0.0721 0.0811 0.1 0.1192 0.1417 0.1687 0.1979 0.0958 0.1073 0.1193 0.1353 0.1574 0.1832 0.1197 0.1264 0.1346 0.1505 0.1719 0.1377 0.1398 0.1485 0.1637 0.1498 0.1513 0.1606 0.1585 0.1615 0.1665
-3.000 -2.000 24 0.1264 0.1008 0.112 0.0759 0.0856 0.1078 0.0517 0.0597 0.0831 0.1128 0.0387 0.0321 0.06 0.0896 0.1227 0.0561 0.0 0.0398 0.0701 0.1016 0.136 0.085 0.0365 0.0302 0.0569 0.0856 0.1175 0.1513 0.1088 0.0739 0.0457 0.0532 0.0752 0.103 0.1341 0.1656 0.1057 0.0757 0.0629 0.0724 0.0926 0.1195 0.149 0.1073 0.0841 0.0785 0.0893 0.1102 0.1358 0.1111 0.0933 0.0925 0.1058 0.1264 0.1145 0.1026 0.1064 0.121 0.1179 0.112 0.1198 0.1227 0.1224 0.1287
-1.000 -2.000 18 0.0977 0.0767 0.0808 0.0628 0.0561 0.0737 0.0599 0.036 0.0479 0.0761 0.0722 0.0265 0.0238 0.0522 0.0859 0.097 0.0398 0.0 0.0323 0.0652 0.1003 0.1244 0.0679 0.0251 0.0227 0.0501 0.0824 0.1165 0.1462 0.1007 0.053 0.0324 0.0437 0.0697 0.1006 0.132 0.1322 0.0843 0.0525 0.0481 0.0638 0.089 0.1178 0.1167 0.0773 0.0606 0.0651 0.0827 0.1069 0.1053 0.0781 0.0724 0.0819 0.1002 0.0994 0.084 0.0856 0.0976 0.0989 0.0928 0.0988 0.1028 0.1029 0.1093
1.000 -2.000 18 0.0947 0.0811 0.0714 0.0768 0.0545 0.0553 0.0836 0.0479 0.0337 0.049 0.101 0.0539 0.0232 0.0236 0.0546 0.126 0.0701 0.0323 0.0 0.0333 0.0686 0.1526 0.0951 0.0513 0.0223 0.0227 0.0524 0.0859 0.1728 0.1243 0.0745 0.0436 0.031 0.045 0.0728 0.1029 0.152 0.1009 0.065 0.0473 0.0481 0.0662 0.0921 0.1296 0.0875 0.0649 0.0583 0.0666 0.0857 0.1123 0.0831 0.0713 0.0723 0.0842 0.1026 0.0853 0.0812 0.0868 0.1 0.0915 0.0924 0.1025 0.0996 0.1077
3.000 -2.000 24 0.1097 0.1025 0.082 0.1032 0.0745 0.057 0.1137 0.0762 0.049 0.0358 0.1318 0.0857 0.053 0.0244 0.0251 0.156 0.1016 0.0652 0.0333 0.0 0.0351 0.1817 0.1245 0.0819 0.0509 0.0234 0.0241 0.054 0.2007 0.1513 0.1022 0.0697 0.045 0.0328 0.047 0.0732 0.1762 0.125 0.0886 0.0648 0.0496 0.0506 0.0678 0.1507 0.1087 0.083 0.0669 0.0612 0.0689 0.1306 0.1006 0.0832 0.0742 0.0752 0.1184 0.0985 0.0876 0.0843 0.1132 0.1005 0.0944 0.1127 0.1049 0.115
5.000 -2.000 30 0.1362 0.1336 0.1065 0.1368 0.1052 0.0785 0.148 0.1103 0.0797 0.0516 0.1659 0.1208 0.0879 0.056 0.0254 0.1894 0.136 0.1003 0.0686 0.0351 0.0 0.214 0.1573 0.1156 0.0844 0.0537 0.0243 0.0238 0.2319 0.1822 0.1337 0.101 0.073 0.0471 0.0331 0.045 0.205 0.1542 0.1179 0.0913 0.0678 0.0509 0.0497 0.1773 0.1357 0.1083 0.0865 0.0691 0.0613 0.1551 0.1245 0.1032 0.0862 0.0752 0.1403 0.1183 0.1016 0.0893 0.1323 0.1156 0.1028 0.1283 0.1152 0.1266
-6.000 -1.000 36 0.2205 0.1902 0.2058 0.1577 0.1775 0.199 0.1185 0.1503 0.1728 0.1992 0.0758 0.1187 0.1478 0.1745 0.2051 0.0341 0.085 0.1244 0.1526 0.1817 0.214 0.0 0.0514 0.1016 0.1335 0.1612 0.1916 0.224 0.0239 0.0323 0.0795 0.1164 0.1439 0.1722 0.2028 0.2336 0.0389 0.067 0.1034 0.1303 0.1561 0.1841 0.2134 0.0669 0.0967 0.1227 0.1443 0.1687 0.1953 0.0961 0.1194 0.1371 0.1573 0.1807 0.1202 0.1346 0.1502 0.1696 0.1362 0.1471 0.1622 0.1478 0.1584 0.1579
-4.000 -1.000 30 0.1664 0.1407 0.1482 0.115 0.1217 0.1402 0.0863 0.0965 0.1143 0.1403 0.0561 0.0689 0.0911 0.1169 0.1476 0.0389 0.0365 0.0679 0.0951 0.1245 0.1573 0.0514 0.0 0.0457 0.0763 0.1044 0.1353 0.1682 0.0712 0.0365 0.0339 0.0633 0.0897 0.118 0.1488 0.1798 0.0673 0.0488 0.0596 0.0803 0.1046 0.1323 0.1615 0.0748 0.0693 0.0787 0.0955 0.1187 0.145 0.0886 0.0861 0.0938 0.1108 0.133 0.1009 0.0988 0.108 0.125 0.1103 0.1104 0.1212 0.1178 0.1215 0.1258
-2.000 -1.000 24 0.1235 0.1017 0.1055 0.0842 0.0812 0.0975 0.0719 0.0592 0.0724 0.0978 0.0691 0.0398 0.0486 0.0735 0.1049 0.0806 0.0302 0.0251 0.0513 0.0819 0.1156 0.1016 0.0457 0.0 0.0324 0.0624 0.0946 0.1282 0.1198 0.0749 0.0281 0.0235 0.0485 0.0777 0.1093 0.1407 0.1035 0.0594 0.0346 0.0432 0.0661 0.0939 0.1235 0.091 0.0575 0.0488 0.0611 0.0829 0.1091 0.0847 0.0633 0.0635 0.0776 0.0989 0.0836 0.0723 0.0777 0.093 0.0861 0.0827 0.0914 0.0915 0.0934 0.0988
0.000 -1.000 18 0.109 0.0915 0.0886 0.0817 0.0677 0.0758 0.0816 0.0534 0.052 0.0712 0.092 0.0487 0.0323 0.0459 0.0746 0.111 0.0569 0.0227 0.0223 0.0509 0.0844 0.1335 0.0763 0.0324 0.0 0.031 0.0637 0.0975 0.151 0.1029 0.0532 0.0215 0.0212 0.0483 0.0797 0.1109 0.1285 0.0792 0.043 0.029 0.0413 0.0668 0.0955 0.107 0.066 0.0449 0.0443 0.0604 0.0843 0.0908 0.0629 0.054 0.0606 0.0778 0.0825 0.0667 0.0661 0.0763 0.0812 0.0746 0.0787 0.0848 0.084 0.091
2.000 -1.000 24 0.1149 0.1024 0.0899 0.0983 0.0759 0.0694 0.1033 0.0704 0.0529 0.0546 0.1185 0.0739 0.0459 0.0333 0.0486 0.1392 0.0856 0.0501 0.0227 0.0234 0.0537 0.1612 0.1044 0.0624 0.031 0.0 0.0328 0.0663 0.1782 0.1292 0.0804 0.0475 0.0216 0.0222 0.0506 0.081 0.1527 0.1029 0.0659 0.0414 0.0299 0.0433 0.0687 0.1268 0.0852 0.0597 0.0451 0.0461 0.0625 0.1069 0.0773 0.0608 0.0554 0.0627 0.0952 0.0759 0.0671 0.068 0.0906 0.0792 0.0759 0.0911 0.0851 0.0946
4.000 -1.000 30 0.134 0.1265 0.1059 0.1259 0.0985 0.0801 0.1331 0.0983 0.0732 0.0561 0.1495 0.1051 0.0745 0.0486 0.0351 0.1702 0.1175 0.0824 0.0524 0.0241 0.0243 0.1916 0.1353 0.0946 0.0637 0.0328 0.0 0.0331 0.2078 0.1585 0.1108 0.0782 0.0496 0.0227 0.0228 0.0496 0.1803 0.1307 0.0941 0.067 0.0434 0.0311 0.0434 0.152 0.1109 0.0836 0.062 0.0469 0.0468 0.1299 0.0996 0.0786 0.0631 0.0567 0.1156 0.0938 0.0782 0.0688 0.1079 0.092 0.0812 0.1046 0.093 0.1042
6.000 -1.000 36 0.1604 0.1566 0.1307 0.1582 0.1282 0.1027 0.1664 0.131 0.1025 0.0757 0.1828 0.1389 0.1075 0.0777 0.0493 0.2033 0.1513 0.1165 0.0859 0.054 0.0238 0.224 0.1682 0.1282 0.0975 0.0663 0.0331 0.0 0.2392 0.1898 0.1428 0.1104 0.0811 0.0508 0.0223 0.0211 0.2099 0.1607 0.1243 0.0963 0.069 0.0434 0.0296 0.1798 0.1391 0.1109 0.086 0.0626 0.0456 0.1557 0.1249 0.1013 0.0799 0.0623 0.139 0.1153 0.0951 0.0778 0.1281 0.1088 0.092 0.121 0.1048 0.1163
-7.000 0.000 42 0.25 0.2174 0.2346 0.1842 0.2047 0.2247 0.1452 0.1769 0.1981 0.2229 0.1003 0.1464 0.1733 0.1976 0.2261 0.0581 0.1088 0.1462 0.1728 0.2007 0.2319 0.0239 0.0712 0.1198 0.151 0.1782 0.2078 0.2392 0.0 0.0389 0.0921 0.1311 0.1584 0.186 0.2158 0.2458 0.0226 0.0659 0.11 0.1398 0.1663 0.1942 0.2231 0.0507 0.0921 0.1242 0.1496 0.1754 0.2024 0.0795 0.1139 0.1377 0.1606 0.1851 0.1046 0.1281 0.1485 0.1703 0.1216 0.1397 0.1587 0.134 0.1509 0.1451
-5.000 0.000 36 0.2084 0.1825 0.1871 0.1557 0.1608 0.1756 0.1235 0.1355 0.1496 0.1723 0.0868 0.107 0.1254 0.147 0.1749 0.0514 0.0739 0.1007 0.1243 0.1513 0.1822 0.0323 0.0365 0.0749 0.1029 0.1292 0.1585 0.1898 0.0389 0.0 0.0488 0.0839 0.11 0.1373 0.1671 0.197 0.0301 0.0336 0.0687 0.0954 0.1207 0.1482 0.1767 0.044 0.0622 0.0857 0.108 0.1325 0.1588 0.0677 0.0831 0.1 0.1201 0.1433 0.0879 0.0984 0.1131 0.1323 0.1025 0.1108 0.1253 0.1133 0.1221 0.1228
-3.000 0.000 30 0.1553 0.1342 0.1349 0.1154 0.1107 0.1244 0.0976 0.0891 0.0993 0.122 0.0815 0.0674 0.0762 0.097 0.1256 0.0738 0.0457 0.053 0.0745 0.1022 0.1337 0.0795 0.0339 0.0281 0.0532 0.0804 0.1108 0.1428 0.0921 0.0488 0.0 0.0346 0.062 0.0906 0.1213 0.1517 0.0733 0.031 0.0257 0.0494 0.0752 0.1034 0.1325 0.0621 0.0382 0.0452 0.065 0.0894 0.1159 0.0623 0.0523 0.0614 0.0794 0.1024 0.0686 0.0653 0.0755 0.0936 0.076 0.077 0.089 0.0839 0.0885 0.092
-1.000 0.000 24 0.1279 0.1089 0.1083 0.0961 0.0861 0.0965 0.09 0.0684 0.0724 0.0922 0.0918 0.0562 0.0508 0.0671 0.0942 0.1016 0.0532 0.0324 0.0436 0.0697 0.101 0.1164 0.0633 0.0235 0.0215 0.0475 0.0782 0.1104 0.1311 0.0839 0.0346 0.0 0.029 0.0587 0.0899 0.1205 0.1065 0.0579 0.0217 0.0201 0.0445 0.0729 0.1022 0.0845 0.0449 0.0281 0.0383 0.061 0.0872 0.0699 0.0445 0.0415 0.0552 0.0765 0.0641 0.0514 0.0558 0.0707 0.065 0.0614 0.0695 0.0702 0.0722 0.0776
1.000 0.000 24 0.1246 0.1091 0.1022 0.1006 0.0841 0.0854 0.1009 0.0727 0.0647 0.0744 0.11 0.0694 0.0498 0.0507 0.0702 0.1265 0.0752 0.0437 0.031 0.045 0.073 0.1439 0.0897 0.0485 0.0212 0.0216 0.0496 0.0811 0.1584 0.11 0.062 0.029 0.0 0.0299 0.0612 0.0917 0.1314 0.0822 0.0452 0.0198 0.0202 0.0461 0.0749 0.1054 0.0643 0.0383 0.0272 0.0392 0.0626 0.0851 0.0561 0.041 0.0416 0.0564 0.074 0.0557 0.05 0.0565 0.0704 0.0607 0.0611 0.072 0.0684 0.0768
3.000 0.000 30 0.1363 0.1247 0.1107 0.1203 0.0979 0.0881 0.124 0.0924 0.0743 0.0687 0.1357 0.0938 0.0681 0.0523 0.0537 0.1543 0.103 0.0697 0.045 0.0328 0.0471 0.1722 0.118 0.0777 0.0483 0.0222 0.0227 0.0508 0.186 0.1373 0.0906 0.0587 0.0299 0.0 0.0311 0.0611 0.1575 0.1087 0.0726 0.0452 0.0206 0.021 0.0467 0.1294 0.0888 0.0611 0.0392 0.0282 0.04 0.1066 0.0767 0.056 0.0423 0.0426 0.0925 0.0711 0.0568 0.0512 0.0853 0.0703 0.0619 0.0829 0.073 0.0836
5.000 0.000 36 0.1576 0.1497 0.1293 0.1479 0.1218 0.1031 0.1534 0.1202 0.0965 0.078 0.166 0.1242 0.096 0.0717 0.0541 0.1851 0.1341 0.1006 0.0728 0.047 0.0331 0.2028 0.1488 0.1093 0.0797 0.0506 0.0228 0.0223 0.2158 0.1671 0.1213 0.0899 0.0612 0.0311 0.0 0.0296 0.1859 0.1376 0.1021 0.0743 0.0469 0.021 0.0204 0.1562 0.1161 0.0879 0.063 0.0401 0.0279 0.1315 0.1014 0.0781 0.0572 0.0423 0.1151 0.0919 0.0725 0.0571 0.1047 0.0861 0.0708 0.0984 0.0834 0.0949
7.000 0.000 42 0.1824 0.1776 0.1526 0.1778 0.1491 0.1245 0.1844 0.1503 0.1232 0.0975 0.1974 0.1557 0.1262 0.0982 0.0707 0.2162 0.1656 0.132 0.1029 0.0732 0.045 0.2336 0.1798 0.1407 0.1109 0.081 0.0496 0.0211 0.2458 0.197 0.1517 0.1205 0.0917 0.0611 0.0296 0.0 0.2143 0.1662 0.1311 0.103 0.0747 0.0455 0.0193 0.1829 0.1431 0.1146 0.0884 0.062 0.0378 0.1566 0.1262 0.1015 0.0774 0.0548 0.1379 0.1134 0.0911 0.0702 0.1246 0.1035 0.0838 0.1147 0.0961 0.1071
-6.000 1.000 36 0.2452 0.2175 0.2221 0.1891 0.1951 0.208 0.1549 0.1695 0.1816 0.2018 0.1134 0.1411 0.157 0.176 0.2017 0.0721 0.1057 0.1322 0.152 0.1762 0.205 0.0389 0.0673 0.1035 0.1285 0.1527 0.1803 0.2099 0.0226 0.0301 0.0733 0.1065 0.1314 0.1575 0.1859 0.2143 0.0 0.044 0.0857 0.113 0.1376 0.164 0.1916 0.0276 0.0663 0.0969 0.1209 0.1455 0.1714 0.0555 0.0849 0.1078 0.1303 0.154 0.0785 0.0997 0.1187 0.1396 0.0957 0.1112 0.1289 0.1076 0.1216 0.1177
-4.000 1.000 30 0.1932 0.1722 0.169 0.1524 0.1453 0.1552 0.1306 0.1238 0.1303 0.1497 0.1053 0.1012 0.1072 0.1244 0.1501 0.0811 0.0757 0.0843 0.1009 0.125 0.1542 0.067 0.0488 0.0594 0.0792 0.1029 0.1307 0.1607 0.0659 0.0336 0.031 0.0579 0.0822 0.1087 0.1376 0.1662 0.044 0.0 0.0382 0.0648 0.0898 0.1168 0.1447 0.0304 0.028 0.0527 0.0758 0.1004 0.1264 0.0397 0.0486 0.0667 0.0879 0.1112 0.0556 0.0641 0.0791 0.0989 0.0688 0.0764 0.0914 0.0791 0.088 0.0887
-2.000 1.000 24 0.1516 0.1328 0.1305 0.119 0.1084 0.1184 0.109 0.09 0.0942 0.1133 0.1022 0.0745 0.0725 0.0882 0.1136 0.1 0.0629 0.0525 0.065 0.0886 0.1179 0.1034 0.0596 0.0346 0.043 0.0659 0.0941 0.1243 0.11 0.0687 0.0257 0.0217 0.0452 0.0726 0.1021 0.1311 0.0857 0.0382 0.0 0.0281 0.0546 0.0825 0.1109 0.0618 0.0233 0.0199 0.0418 0.067 0.0935 0.0483 0.0287 0.0366 0.0564 0.0797 0.0466 0.0405 0.0516 0.07 0.0515 0.0528 0.065 0.0592 0.0645 0.0679
0.000 1.000 18 0.1379 0.1206 0.1171 0.1101 0.0968 0.1025 0.1063 0.0819 0.08 0.0935 0.1099 0.0732 0.0615 0.0692 0.09 0.1192 0.0724 0.0481 0.0473 0.0648 0.0913 0.1303 0.0803 0.0432 0.029 0.0414 0.067 0.0963 0.1398 0.0954 0.0494 0.0201 0.0198 0.0452 0.0743 0.103 0.113 0.0648 0.0281 0.0 0.0272 0.0554 0.0839 0.0857 0.045 0.0185 0.0184 0.0416 0.0678 0.0655 0.0365 0.0249 0.0353 0.0564 0.0547 0.0379 0.0376 0.0508 0.0523 0.0454 0.0509 0.0556 0.0552 0.0619
2.000 1.000 24 0.1426 0.1277 0.119 0.1201 0.1026 0.0996 0.1205 0.0923 0.0815 0.0841 0.1284 0.0888 0.0691 0.0635 0.073 0.1417 0.0926 0.0638 0.0481 0.0496 0.0678 0.1561 0.1046 0.0661 0.0413 0.0299 0.0434 0.069 0.1663 0.1207 0.0752 0.0445 0.0202 0.0206 0.0469 0.0747 0.1376 0.0898 0.0546 0.0272 0.0 0.0282 0.0565 0.1088 0.069 0.0412 0.0186 0.0189 0.0426 0.0863 0.0563 0.0354 0.0253 0.0361 0.0716 0.0507 0.038 0.0383 0.0648 0.051 0.0459 0.0633 0.0555 0.0656
4.000 1.000 30 0.158 0.1465 0.1316 0.1415 0.1197 0.1079 0.1441 0.1137 0.0958 0.0861 0.1539 0.1137 0.0895 0.0727 0.0664 0.1687 0.1195 0.089 0.0662 0.0506 0.0509 0.1841 0.1323 0.0939 0.0668 0.0433 0.0311 0.0434 0.1942 0.1482 0.1034 0.0729 0.0461 0.021 0.021 0.0455 0.164 0.1168 0.0825 0.0554 0.0282 0.0 0.0279 0.134 0.095 0.0673 0.0423 0.0191 0.0189 0.11 0.08 0.0567 0.0362 0.0255 0.0931 0.0703 0.0515 0.0383 0.0831 0.0651 0.0515 0.0774 0.0638 0.0751
6.000 1.000 36 0.1793 0.1708 0.1508 0.1678 0.143 0.1242 0.172 0.1403 0.1176 0.0987 0.1827 0.1423 0.1157 0.0928 0.0735 0.1979 0.149 0.1178 0.0921 0.0678 0.0497 0.2134 0.1615 0.1235 0.0955 0.0687 0.0434 0.0296 0.2231 0.1767 0.1325 0.1022 0.0749 0.0467 0.0204 0.0193 0.1916 0.1447 0.1109 0.0839 0.0565 0.0279 0.0 0.1602 0.1216 0.094 0.0683 0.0422 0.0184 0.1346 0.1047 0.0804 0.0568 0.0353 0.1158 0.092 0.0704 0.0505 0.103 0.0827 0.0641 0.0938 0.0764 0.0874
-5.000 2.000 30 0.2318 0.2104 0.2043 0.1891 0.1809 0.1871 0.1627 0.1593 0.1627 0.1784 0.1305 0.136 0.1396 0.1535 0.1764 0.0958 0.1073 0.1167 0.1296 0.1507 0.1773 0.0669 0.0748 0.091 0.107 0.1268 0.152 0.1798 0.0507 0.044 0.0621 0.0845 0.1054 0.1294 0.1562 0.1829 0.0276 0.0304 0.0618 0.0857 0.1088 0.134 0.1602 0.0 0.0397 0.0685 0.0911 0.1147 0.1394 0.0271 0.0552 0.0776 0.0994 0.1224 0.0493 0.0686 0.0878 0.1084 0.0654 0.0799 0.0972 0.0773 0.0904 0.0874
-3.000 2.000 24 0.1808 0.1631 0.1568 0.1492 0.1352 0.1425 0.1363 0.1171 0.1187 0.1356 0.1218 0.1005 0.0973 0.1107 0.134 0.1073 0.0841 0.0773 0.0875 0.1087 0.1357 0.0967 0.0693 0.0575 0.066 0.0852 0.1109 0.1391 0.0921 0.0622 0.0382 0.0449 0.0643 0.0888 0.1161 0.1431 0.0663 0.028 0.0233 0.045 0.069 0.095 0.1216 0.0397 0.0 0.0287 0.0524 0.0769 0.1023 0.0248 0.0209 0.041 0.0631 0.0865 0.0304 0.0367 0.0538 0.0742 0.0416 0.05 0.0655 0.0523 0.0616 0.0619
-1.000 2.000 18 0.1547 0.1371 0.1338 0.1257 0.1129 0.1199 0.1199 0.0967 0.097 0.1118 0.1179 0.0849 0.0771 0.0873 0.1082 0.1193 0.0785 0.0606 0.0649 0.083 0.1083 0.1227 0.0787 0.0488 0.0449 0.0597 0.0836 0.1109 0.1242 0.0857 0.0452 0.0281 0.0383 0.0611 0.0879 0.1146 0.0969 0.0527 0.0199 0.0185 0.0412 0.0673 0.094 0.0685 0.0287 0.0 0.0249 0.0501 0.0758 0.0469 0.0181 0.017 0.0377 0.0611 0.0365 0.0233 0.0322 0.0509 0.0364 0.0345 0.0459 0.0422 0.0462 0.0504
1.000 2.000 18 0.1515 0.1351 0.1296 0.1252 0.1109 0.1127 0.1228 0.0976 0.0922 0.0999 0.1269 0.09 0.076 0.0774 0.0911 0.1353 0.0893 0.0651 0.0583 0.0669 0.0865 0.1443 0.0955 0.0611 0.0443 0.0451 0.062 0.086 0.1496 0.108 0.065 0.0383 0.0272 0.0392 0.063 0.0884 0.1209 0.0758 0.0418 0.0184 0.0186 0.0423 0.0683 0.0911 0.0524 0.0249 0.0 0.0253 0.051 0.0679 0.0382 0.0168 0.017 0.0382 0.0533 0.0322 0.0228 0.0324 0.0465 0.0342 0.0343 0.0461 0.0412 0.0499
3.000 2.000 24 0.1611 0.1468 0.1368 0.1393 0.1214 0.1158 0.1392 0.1116 0.0994 0.0973 0.1461 0.1078 0.0883 0.0794 0.0813 0.1574 0.1102 0.0827 0.0666 0.0612 0.0691 0.1687 0.1187 0.0829 0.0604 0.0461 0.0469 0.0626 0.1754 0.1325 0.0894 0.061 0.0392 0.0282 0.0401 0.062 0.1455 0.1004 0.067 0.0416 0.0189 0.0191 0.0422 0.1147 0.0769 0.0501 0.0253 0.0 0.0255 0.0905 0.0613 0.038 0.0171 0.0171 0.0738 0.0511 0.0324 0.0229 0.0635 0.0462 0.0344 0.0585 0.0462 0.0572
5.000 2.000 30 0.1782 0.1665 0.1515 0.1607 0.1398 0.127 0.1617 0.1332 0.1156 0.1036 0.1707 0.1319 0.109 0.0922 0.0814 0.1832 0.1358 0.1069 0.0857 0.0689 0.0613 0.1953 0.145 0.1091 0.0843 0.0625 0.0468 0.0456 0.2024 0.1588 0.1159 0.0872 0.0626 0.04 0.0279 0.0378 0.1714 0.1264 0.0935 0.0678 0.0426 0.0189 0.0184 0.1394 0.1023 0.0758 0.051 0.0255 0.0 0.1141 0.0853 0.0616 0.0382 0.0168 0.0958 0.0725 0.0512 0.032 0.0831 0.0634 0.0457 0.0745 0.0579 0.069
-4.000 3.000 24 0.2151 0.198 0.187 0.1832 0.1661 0.1692 0.167 0.1484 0.1462 0.1596 0.1453 0.1307 0.1252 0.1353 0.1554 0.1197 0.1111 0.1053 0.1123 0.1306 0.1551 0.0961 0.0886 0.0847 0.0908 0.1069 0.1299 0.1557 0.0795 0.0677 0.0623 0.0699 0.0851 0.1066 0.1315 0.1566 0.0555 0.0397 0.0483 0.0655 0.0863 0.11 0.1346 0.0271 0.0248 0.0469 0.0679 0.0905 0.1141 0.0 0.0304 0.0525 0.0739 0.0962 0.0218 0.0419 0.0614 0.082 0.0379 0.0532 0.071 0.0502 0.0632 0.0602
-2.000 3.000 18 0.1755 0.1589 0.1528 0.148 0.1323 0.1383 0.1405 0.1161 0.1155 0.1299 0.1336 0.1034 0.0954 0.1055 0.1257 0.1264 0.0933 0.0781 0.0831 0.1006 0.1245 0.1194 0.0861 0.0633 0.0629 0.0773 0.0996 0.1249 0.1139 0.0831 0.0523 0.0445 0.0561 0.0767 0.1014 0.1262 0.0849 0.0486 0.0287 0.0365 0.0563 0.08 0.1047 0.0552 0.0209 0.0181 0.0382 0.0613 0.0853 0.0304 0.0 0.0233 0.0457 0.0686 0.0185 0.0163 0.0347 0.0555 0.0229 0.0299 0.0464 0.0326 0.0421 0.0427
0.000 3.000 12 0.1629 0.1459 0.1419 0.1355 0.122 0.1265 0.1311 0.107 0.1047 0.1154 0.1317 0.0972 0.0866 0.092 0.1077 0.1346 0.0925 0.0724 0.0713 0.0832 0.1032 0.1371 0.0938 0.0635 0.054 0.0608 0.0786 0.1013 0.1377 0.1 0.0614 0.0415 0.041 0.056 0.0781 0.1015 0.1078 0.0667 0.0366 0.0249 0.0354 0.0567 0.0804 0.0776 0.041 0.017 0.0168 0.038 0.0616 0.0525 0.0233 0.0 0.0228 0.0458 0.0367 0.0154 0.0153 0.0343 0.0298 0.0206 0.0291 0.0311 0.0309 0.0371
2.000 3.000 18 0.1667 0.1505 0.144 0.1411 0.1263 0.1254 0.1389 0.1137 0.1064 0.1096 0.143 0.1067 0.0916 0.0891 0.0963 0.1505 0.1058 0.0819 0.0723 0.0742 0.0862 0.1573 0.1108 0.0776 0.0606 0.0554 0.0631 0.0799 0.1606 0.1201 0.0794 0.0552 0.0416 0.0423 0.0572 0.0774 0.1303 0.0879 0.0564 0.0353 0.0253 0.0362 0.0568 0.0994 0.0631 0.0377 0.017 0.0171 0.0382 0.0739 0.0457 0.0228 0.0 0.0229 0.0568 0.0342 0.0153 0.0154 0.0463 0.0291 0.0206 0.0415 0.0309 0.0415
4.000 3.000 24 0.1791 0.165 0.1542 0.1568 0.1393 0.1319 0.1557 0.1296 0.1169 0.1114 0.1612 0.1252 0.1062 0.0955 0.0923 0.1719 0.1264 0.1002 0.0842 0.0752 0.0752 0.1807 0.133 0.0989 0.0778 0.0627 0.0567 0.0623 0.1851 0.1433 0.1024 0.0765 0.0564 0.0426 0.0423 0.0548 0.154 0.1112 0.0797 0.0564 0.0361 0.0255 0.0353 0.1224 0.0865 0.0611 0.0382 0.0171 0.0168 0.0962 0.0686 0.0458 0.0229 0.0 0.078 0.0553 0.0343 0.0152 0.0654 0.046 0.0289 0.0569 0.0412 0.0522
-3.000 4.000 18 0.2013 0.1861 0.1752 0.1759 0.1556 0.1587 0.1668 0.14 0.1363 0.1487 0.1544 0.1271 0.1167 0.1247 0.1432 0.1377 0.1145 0.0994 0.1026 0.1184 0.1403 0.1202 0.1009 0.0836 0.0825 0.0952 0.1156 0.139 0.1046 0.0879 0.0686 0.0641 0.074 0.0925 0.1151 0.1379 0.0785 0.0556 0.0466 0.0547 0.0716 0.0931 0.1158 0.0493 0.0304 0.0365 0.0533 0.0738 0.0958 0.0218 0.0185 0.0367 0.0568 0.078 0.0 0.0229 0.0427 0.0629 0.0163 0.0329 0.0512 0.029 0.0432 0.0397
-1.000 4.000 12 0.1772 0.1606 0.1556 0.1506 0.1355 0.1406 0.1458 0.1202 0.1184 0.1303 0.1429 0.1093 0.0995 0.1066 0.1231 0.1398 0.1026 0.084 0.0853 0.0985 0.1183 0.1346 0.0988 0.0723 0.0667 0.0759 0.0938 0.1153 0.1281 0.0984 0.0653 0.0514 0.0557 0.0711 0.0919 0.1134 0.0997 0.0641 0.0405 0.0379 0.0507 0.0703 0.092 0.0686 0.0367 0.0233 0.0322 0.0511 0.0725 0.0419 0.0163 0.0154 0.0342 0.0553 0.0229 0.0 0.0206 0.0411 0.0145 0.0139 0.0309 0.0189 0.0262 0.0279
1.000 4.000 12 0.1742 0.1574 0.1526 0.147 0.1335 0.1358 0.1435 0.1193 0.1153 0.122 0.1451 0.1101 0.0983 0.1001 0.1107 0.1485 0.1064 0.0856 0.0812 0.0876 0.1016 0.1502 0.108 0.0777 0.0661 0.0671 0.0782 0.0951 0.1485 0.1131 0.0755 0.0558 0.05 0.0568 0.0725 0.0911 0.1187 0.0791 0.0516 0.0376 0.038 0.0515 0.0704 0.0878 0.0538 0.0322 0.0228 0.0324 0.0512 0.0614 0.0347 0.0153 0.0153 0.0343 0.0427 0.0206 0.0 0.0206 0.0312 0.0138 0.0138 0.0262 0.0185 0.0278
3.000 4.000 18 0.1818 0.166 0.1585 0.1566 0.1415 0.1385 0.1535 0.1294 0.1207 0.1206 0.157 0.1224 0.1071 0.1018 0.1039 0.1637 0.121 0.0976 0.0868 0.0843 0.0893 0.1696 0.125 0.093 0.0763 0.068 0.0688 0.0778 0.1703 0.1323 0.0936 0.0707 0.0565 0.0512 0.0571 0.0702 0.1396 0.0989 0.07 0.0508 0.0383 0.0383 0.0505 0.1084 0.0742 0.0509 0.0324 0.0229 0.032 0.082 0.0555 0.0343 0.0154 0.0152 0.0629 0.0411 0.0206 0.0 0.05 0.0308 0.0137 0.0414 0.026 0.0371
-2.000 5.000 12 0.1948 0.1797 0.1712 0.1709 0.1517 0.1555 0.1657 0.137 0.1335 0.145 0.1598 0.1262 0.1146 0.1214 0.1377 0.1498 0.1179 0.0989 0.1 0.1132 0.1323 0.1362 0.1103 0.0861 0.0812 0.0906 0.1079 0.1281 0.1216 0.1025 0.076 0.065 0.0704 0.0853 0.1047 0.1246 0.0957 0.0688 0.0515 0.0523 0.0648 0.0831 0.103 0.0654 0.0416 0.0364 0.0465 0.0635 0.0831 0.0379 0.0229 0.0298 0.0463 0.0654 0.0163 0.0145 0.0312 0.05 0.0 0.0189 0.0372 0.0129 0.028 0.024
0.000 5.000 6 0.1836 0.1668 0.1624 0.1569 0.1427 0.1466 0.1527 0.1278 0.1252 0.1342 0.1522 0.1177 0.1072 0.1115 0.1241 0.1513 0.112 0.0928 0.0915 0.1005 0.1156 0.1471 0.1104 0.0827 0.0746 0.0792 0.092 0.1088 0.1397 0.1108 0.077 0.0614 0.0607 0.0703 0.0861 0.1035 0.1112 0.0764 0.0528 0.0454 0.051 0.0651 0.0827 0.0799 0.05 0.0345 0.0342 0.0462 0.0634 0.0532 0.0299 0.0206 0.0291 0.046 0.0329 0.0139 0.0138 0.0308 0.0189 0.0 0.0185 0.0125 0.0124 0.0166
2.000 5.000 12 0.1864 0.1696 0.1644 0.1593 0.1458 0.1462 0.156 0.1321 0.1266 0.1302 0.1569 0.1232 0.1107 0.1098 0.1157 0.1606 0.1198 0.0988 0.0924 0.0944 0.1028 0.1622 0.1212 0.0914 0.0787 0.0759 0.0812 0.092 0.1587 0.1253 0.089 0.0695 0.0611 0.0619 0.0708 0.0838 0.1289 0.0914 0.065 0.0509 0.0459 0.0515 0.0641 0.0972 0.0655 0.0459 0.0343 0.0344 0.0457 0.071 0.0464 0.0291 0.0206 0.0289 0.0512 0.0309 0.0138 0.0137 0.0372 0.0185 0.0 0.0277 0.0124 0.0235
-1.000 6.000 6 0.1953 0.1794 0.1733 0.1705 0.1537 0.1577 0.167 0.139 0.136 0.146 0.1642 0.1289 0.1177 0.123 0.1365 0.1585 0.1227 0.1028 0.1025 0.1127 0.1283 0.1478 0.1178 0.0915 0.0848 0.0911 0.1046 0.121 0.134 0.1133 0.0839 0.0702 0.072 0.0829 0.0984 0.1147 0.1076 0.0791 0.0592 0.0556 0.0633 0.0774 0.0938 0.0773 0.0523 0.0422 0.0461 0.0585 0.0745 0.0502 0.0326 0.0311 0.0415 0.0569 0.029 0.0189 0.0262 0.0414 0.0129 0.0125 0.0277 0.0 0.0166 0.0112
1.000 6.000 6 0.1925 0.1756 0.1712 0.1651 0.1519 0.1543 0.1614 0.1372 0.1338 0.1399 0.1619 0.1273 0.1165 0.1184 0.127 0.1615 0.1224 0.1029 0.0996 0.1049 0.1152 0.1584 0.1215 0.0934 0.084 0.0851 0.093 0.1048 0.1509 0.1221 0.0885 0.0722 0.0684 0.073 0.0834 0.0961 0.1216 0.088 0.0645 0.0552 0.0555 0.0638 0.0764 0.0904 0.0616 0.0462 0.0412 0.0462 0.0579 0.0632 0.0421 0.0309 0.0309 0.0412 0.0432 0.0262 0.0185 0.026 0.028 0.0124 0.0124 0.0166 0.0 0.0111
0.000 7.000 0 0.2001 0.1836 0.1789 0.1742 0.1593 0.1628 0.1706 0.1444 0.1416 0.1496 0.1698 0.1345 0.1237 0.1274 0.1377 0.1665 0.1287 0.1093 0.1077 0.115 0.1266 0.1579 0.1258 0.0988 0.091 0.0946 0.1042 0.1163 0.1451 0.1228 0.092 0.0776 0.0768 0.0836 0.0949 0.1071 0.1177 0.0887 0.0679 0.0619 0.0656 0.0751 0.0874 0.0874 0.0619 0.0504 0.0499 0.0572 0.069 0.0602 0.0427 0.0371 0.0415 0.0522 0.0397 0.0279 0.0278 0.0371 0.024 0.0166 0.0235 0.0112 0.0111 0.0