n 64
m 4
tmax 3.8
Vmax 1.6
Vmin 1.4
kappa 1
dmax 4.56
0.000 -7.000 0 0.0 0.0171 0.0165 0.0369 0.0251 0.0339 0.0599 0.0428 0.0408 0.0518 0.0858 0.0654 0.0557 0.0589 0.07 0.1139 0.0914 0.0764 0.0723 0.0776 0.0877 0.1428 0.1196 0.1011 0.0912 0.0903 0.0961 0.1049 0.1716 0.1486 0.1285 0.1142 0.1078 0.1087 0.114 0.1215 0.1779 0.1571 0.14 0.1294 0.1251 0.1266 0.1315 0.1859 0.1679 0.1537 0.1454 0.1429 0.1445 0.1964 0.1803 0.1689 0.1623 0.1609 0.2085 0.1945 0.185 0.1806 0.2211 0.2097 0.2027 0.2348 0.2264 0.25
-1.000 -6.000 6 0.0171 0.0 0.0251 0.0199 0.0191 0.0408 0.0429 0.0292 0.0394 0.0588 0.0687 0.0496 0.0474 0.0601 0.0777 0.0969 0.0747 0.0643 0.0681 0.081 0.0963 0.1257 0.1026 0.0869 0.0829 0.0894 0.1012 0.1144 0.1539 0.1314 0.1129 0.1032 0.1029 0.1101 0.1207 0.1321 0.1599 0.1409 0.1271 0.1214 0.1234 0.1302 0.1397 0.1691 0.1533 0.1437 0.1405 0.1435 0.1502 0.1812 0.1685 0.1615 0.1604 0.1638 0.1949 0.1853 0.1803 0.1809 0.2103 0.2028 0.2007 0.2264 0.2218 0.2432
1.000 -6.000 6 0.0165 0.0251 0.0 0.0428 0.0183 0.0173 0.0653 0.0395 0.0264 0.0352 0.0914 0.0638 0.0451 0.0424 0.0532 0.1198 0.0909 0.0684 0.0577 0.0603 0.071 0.149 0.12 0.0951 0.0786 0.0737 0.0785 0.0881 0.1782 0.1499 0.1238 0.1034 0.0925 0.0908 0.0962 0.1045 0.1799 0.1535 0.131 0.1152 0.108 0.1084 0.1134 0.1839 0.16 0.141 0.1292 0.1245 0.1258 0.1898 0.1691 0.1535 0.1446 0.142 0.1982 0.1801 0.1679 0.1617 0.2082 0.1932 0.1844 0.2191 0.2087 0.2327
-2.000 -5.000 12 0.0369 0.0199 0.0428 0.0 0.0292 0.0557 0.023 0.0222 0.0474 0.0724 0.0488 0.0336 0.0455 0.0682 0.0906 0.0766 0.0562 0.0542 0.0691 0.0896 0.1095 0.1055 0.0828 0.0723 0.0773 0.0926 0.1107 0.1279 0.1335 0.1113 0.0958 0.0927 0.101 0.1152 0.131 0.146 0.1394 0.1221 0.1135 0.1146 0.124 0.137 0.151 0.1496 0.1374 0.1333 0.1372 0.1464 0.1584 0.1633 0.1557 0.1544 0.1596 0.1689 0.18 0.1752 0.1763 0.1825 0.1981 0.1955 0.199 0.2164 0.2172 0.2355
0.000 -5.000 6 0.0251 0.0191 0.0183 0.0292 0.0 0.0264 0.0496 0.0212 0.0202 0.0424 0.0748 0.0456 0.0306 0.0408 0.0604 0.1029 0.0726 0.0518 0.0489 0.0614 0.0787 0.1318 0.1018 0.0775 0.0659 0.0692 0.0817 0.0965 0.1601 0.1315 0.1059 0.0886 0.0837 0.0897 0.101 0.1138 0.1609 0.1353 0.1147 0.1038 0.1028 0.1095 0.1198 0.165 0.1432 0.1276 0.121 0.1224 0.1292 0.1724 0.1542 0.1432 0.1394 0.1424 0.1826 0.168 0.1602 0.1593 0.1944 0.1838 0.1794 0.2081 0.2014 0.2238
2.000 -5.000 12 0.0339 0.0408 0.0173 0.0557 0.0264 0.0 0.0765 0.0451 0.019 0.0178 0.1015 0.0685 0.0409 0.0271 0.0357 0.1293 0.0953 0.0657 0.046 0.0429 0.0533 0.158 0.1242 0.0932 0.0694 0.0581 0.0602 0.0704 0.1864 0.154 0.1224 0.0959 0.0787 0.0733 0.0776 0.0868 0.184 0.1526 0.1244 0.1031 0.0916 0.0896 0.0947 0.1833 0.1543 0.1303 0.1139 0.1064 0.1067 0.1853 0.1593 0.1393 0.1272 0.1229 0.1893 0.1672 0.1513 0.143 0.1959 0.1775 0.1663 0.2047 0.1913 0.216
-3.000 -4.000 18 0.0599 0.0429 0.0653 0.023 0.0496 0.0765 0.0 0.0336 0.0644 0.0916 0.0257 0.0252 0.0542 0.0832 0.1088 0.0534 0.0374 0.0513 0.0775 0.1037 0.1269 0.0818 0.0611 0.0599 0.0775 0.1013 0.1246 0.1453 0.1098 0.0881 0.0784 0.0851 0.1033 0.1245 0.1451 0.1633 0.1158 0.1018 0.1002 0.1109 0.128 0.147 0.1652 0.1274 0.1207 0.124 0.136 0.152 0.1694 0.144 0.1422 0.1486 0.1607 0.176 0.1637 0.1651 0.1731 0.1857 0.1845 0.1886 0.1981 0.2056 0.2124 0.2275
-1.000 -4.000 12 0.0428 0.0292 0.0395 0.0222 0.0212 0.0451 0.0336 0.0 0.0306 0.0578 0.0562 0.0243 0.0232 0.049 0.074 0.083 0.0513 0.0349 0.0467 0.0694 0.0916 0.1115 0.0801 0.0579 0.0553 0.0699 0.09 0.1094 0.1394 0.1099 0.0851 0.0734 0.0778 0.0925 0.1101 0.1269 0.1391 0.1142 0.097 0.0929 0.1005 0.1142 0.1297 0.1434 0.1238 0.1136 0.1139 0.1226 0.1355 0.1523 0.138 0.1325 0.1357 0.1449 0.1645 0.155 0.1529 0.1582 0.1793 0.1734 0.1749 0.1958 0.1938 0.2134
1.000 -4.000 12 0.0408 0.0394 0.0264 0.0474 0.0202 0.019 0.0644 0.0306 0.0 0.0271 0.0872 0.0518 0.0219 0.0206 0.0429 0.1135 0.0777 0.0468 0.0311 0.0411 0.0604 0.1416 0.1062 0.0741 0.0523 0.049 0.0611 0.0779 0.1692 0.1355 0.1033 0.0778 0.0657 0.0685 0.0805 0.0949 0.1648 0.1334 0.106 0.0879 0.0826 0.0881 0.0992 0.1636 0.1357 0.1138 0.1022 0.101 0.1076 0.166 0.1422 0.1258 0.1188 0.1204 0.1717 0.1522 0.1407 0.1377 0.1802 0.1652 0.1584 0.1907 0.1814 0.2045
3.000 -4.000 18 0.0518 0.0588 0.0352 0.0724 0.0424 0.0178 0.0916 0.0578 0.0271 0.0 0.1152 0.079 0.046 0.0192 0.0178 0.1416 0.1042 0.0696 0.0412 0.0271 0.0354 0.1694 0.132 0.0963 0.0658 0.0457 0.0423 0.0523 0.1968 0.1609 0.1249 0.0928 0.0686 0.0571 0.059 0.0687 0.1898 0.1546 0.1215 0.0945 0.0771 0.0716 0.0757 0.1852 0.1516 0.1225 0.1009 0.0894 0.0877 0.1827 0.1521 0.1276 0.1113 0.1044 0.1829 0.1562 0.1365 0.1253 0.1855 0.1638 0.1495 0.1914 0.1754 0.2013
-4.000 -3.000 24 0.0858 0.0687 0.0914 0.0488 0.0748 0.1015 0.0257 0.0562 0.0872 0.1152 0.0 0.0374 0.0725 0.1039 0.1312 0.0275 0.0274 0.06 0.0931 0.1227 0.1481 0.0556 0.0398 0.0556 0.0853 0.1153 0.1423 0.1655 0.0831 0.0635 0.0636 0.0837 0.111 0.138 0.1623 0.1832 0.0897 0.0815 0.0903 0.1113 0.1361 0.1603 0.1822 0.1041 0.1046 0.1178 0.1381 0.1607 0.1827 0.1241 0.1301 0.1449 0.1643 0.1854 0.147 0.1563 0.1716 0.1907 0.171 0.1822 0.1985 0.1951 0.2081 0.2187
-2.000 -3.000 18 0.0654 0.0496 0.0638 0.0336 0.0456 0.0685 0.0252 0.0243 0.0518 0.079 0.0374 0.0 0.0349 0.0661 0.0932 0.0612 0.0269 0.026 0.0554 0.0842 0.1094 0.0881 0.0555 0.0383 0.052 0.078 0.1036 0.1262 0.1157 0.0849 0.0625 0.0606 0.0775 0.1007 0.1233 0.1435 0.1141 0.0902 0.0791 0.085 0.1023 0.1229 0.143 0.119 0.1031 0.1002 0.1098 0.1263 0.145 0.1297 0.121 0.1232 0.1342 0.1502 0.1451 0.1415 0.1469 0.1591 0.1631 0.1633 0.1714 0.1822 0.1865 0.2025
0.000 -3.000 12 0.0557 0.0474 0.0451 0.0455 0.0306 0.0409 0.0542 0.0232 0.0219 0.046 0.0725 0.0349 0.0 0.0311 0.0582 0.0962 0.058 0.0248 0.0234 0.0491 0.0737 0.1223 0.0852 0.052 0.035 0.0465 0.0687 0.0903 0.1493 0.1142 0.081 0.0579 0.0548 0.0689 0.0884 0.1072 0.1431 0.1111 0.085 0.0725 0.0764 0.0906 0.1077 0.1412 0.1142 0.096 0.0912 0.0983 0.1119 0.1442 0.1228 0.1117 0.1117 0.1204 0.1516 0.136 0.1301 0.1335 0.1622 0.1521 0.1509 0.1757 0.1709 0.1919
2.000 -3.000 18 0.0589 0.0601 0.0424 0.0682 0.0408 0.0271 0.0832 0.049 0.0206 0.0192 0.1039 0.0661 0.0311 0.0 0.0271 0.1282 0.089 0.0524 0.022 0.0205 0.0424 0.1541 0.1153 0.078 0.0466 0.0308 0.0404 0.0591 0.1807 0.1435 0.1062 0.0734 0.0514 0.048 0.0597 0.0758 0.1717 0.1357 0.1022 0.0764 0.0641 0.0668 0.0784 0.1656 0.1322 0.1041 0.0858 0.0804 0.0859 0.1629 0.1335 0.1113 0.0996 0.099 0.1637 0.1392 0.123 0.1169 0.1681 0.1489 0.1387 0.1758 0.1629 0.1871
4.000 -3.000 24 0.07 0.0777 0.0532 0.0906 0.0604 0.0357 0.1088 0.074 0.0429 0.0178 0.1312 0.0932 0.0582 0.0271 0.0 0.1561 0.1166 0.0791 0.0458 0.019 0.0175 0.1822 0.1426 0.1038 0.0688 0.0404 0.0264 0.0344 0.2086 0.1702 0.1311 0.0947 0.0644 0.0445 0.0411 0.0507 0.198 0.1597 0.1227 0.0905 0.0667 0.0554 0.0572 0.189 0.1522 0.1186 0.0918 0.0749 0.0697 0.1828 0.1483 0.1192 0.0983 0.0875 0.179 0.1483 0.1246 0.1098 0.1782 0.1527 0.1352 0.1809 0.1623 0.1888
-5.000 -2.000 30 0.1139 0.0969 0.1198 0.0766 0.1029 0.1293 0.0534 0.083 0.1135 0.1416 0.0275 0.0612 0.0962 0.1282 0.1561 0.0 0.0398 0.0784 0.1139 0.1451 0.1718 0.0279 0.0285 0.0636 0.1003 0.1338 0.1631 0.188 0.0552 0.0404 0.0577 0.0902 0.1239 0.1547 0.1816 0.2046 0.0633 0.0648 0.087 0.1175 0.1482 0.1762 0.201 0.0817 0.0926 0.1163 0.1444 0.1723 0.1982 0.1057 0.1214 0.1448 0.1709 0.197 0.1322 0.15 0.1727 0.1978 0.1593 0.1777 0.2006 0.1853 0.2052 0.2107
-3.000 -2.000 24 0.0914 0.0747 0.0909 0.0562 0.0726 0.0953 0.0374 0.0513 0.0777 0.1042 0.0274 0.0269 0.058 0.089 0.1166 0.0398 0.0 0.0383 0.0735 0.1045 0.131 0.0635 0.0285 0.028 0.0606 0.0931 0.122 0.1466 0.0895 0.0576 0.0406 0.056 0.0851 0.1142 0.1404 0.1629 0.0865 0.065 0.0642 0.0834 0.1098 0.1358 0.1595 0.0924 0.0826 0.0904 0.1102 0.1341 0.1578 0.1063 0.1052 0.117 0.1364 0.1587 0.1254 0.1297 0.1434 0.1627 0.1468 0.1548 0.1701 0.1691 0.1802 0.1921
-1.000 -2.000 18 0.0764 0.0643 0.0684 0.0542 0.0518 0.0657 0.0513 0.0349 0.0468 0.0696 0.06 0.026 0.0248 0.0524 0.0791 0.0784 0.0383 0.0 0.035 0.0658 0.0923 0.1017 0.0625 0.0271 0.0259 0.0549 0.0829 0.1073 0.1267 0.0901 0.056 0.0382 0.0514 0.0765 0.1014 0.1233 0.1186 0.0857 0.0623 0.0597 0.076 0.0983 0.1204 0.1159 0.0902 0.0781 0.0834 0.0999 0.1202 0.1197 0.1023 0.0985 0.1074 0.1239 0.1293 0.1193 0.1209 0.1321 0.1432 0.139 0.1447 0.1599 0.1608 0.1784
1.000 -2.000 18 0.0723 0.0681 0.0577 0.0691 0.0489 0.046 0.0775 0.0467 0.0311 0.0412 0.0931 0.0554 0.0234 0.022 0.0458 0.1139 0.0735 0.035 0.0 0.0308 0.0572 0.1375 0.0972 0.0579 0.0246 0.023 0.048 0.0719 0.162 0.1236 0.085 0.0514 0.0343 0.0454 0.0668 0.0877 0.1512 0.114 0.0799 0.0567 0.0533 0.067 0.0859 0.1436 0.1099 0.0833 0.0706 0.0743 0.0883 0.1405 0.1123 0.0937 0.0889 0.0961 0.1422 0.1202 0.1091 0.1098 0.1484 0.1329 0.1282 0.1581 0.1497 0.172
3.000 -2.000 24 0.0776 0.081 0.0603 0.0896 0.0614 0.0429 0.1037 0.0694 0.0411 0.0271 0.1227 0.0842 0.0491 0.0205 0.019 0.1451 0.1045 0.0658 0.0308 0.0 0.0264 0.1692 0.1284 0.0883 0.0515 0.0215 0.0199 0.0411 0.1936 0.1543 0.1141 0.0765 0.0454 0.0299 0.0392 0.0572 0.1814 0.1421 0.1041 0.0715 0.0499 0.0465 0.0579 0.1709 0.1333 0.0996 0.0742 0.0622 0.065 0.1634 0.1292 0.1012 0.0836 0.0788 0.1595 0.13 0.1087 0.0981 0.1595 0.136 0.1217 0.1637 0.1474 0.1731
5.000 -2.000 30 0.0877 0.0963 0.071 0.1095 0.0787 0.0533 0.1269 0.0916 0.0604 0.0354 0.1481 0.1094 0.0737 0.0424 0.0175 0.1718 0.131 0.0923 0.0572 0.0264 0.0 0.1964 0.1553 0.1149 0.0774 0.0446 0.0184 0.0169 0.221 0.1811 0.1402 0.1013 0.0668 0.0392 0.0256 0.0332 0.2079 0.1675 0.1278 0.0919 0.0623 0.0431 0.0398 0.1957 0.1562 0.1192 0.0877 0.0648 0.0539 0.1856 0.1482 0.1153 0.0895 0.0737 0.1783 0.1443 0.1168 0.0976 0.1741 0.1455 0.1244 0.1744 0.1526 0.1799
-6.000 -1.000 36 0.1428 0.1257 0.149 0.1055 0.1318 0.158 0.0818 0.1115 0.1416 0.1694 0.0556 0.0881 0.1223 0.1541 0.1822 0.0279 0.0635 0.1017 0.1375 0.1692 0.1964 0.0 0.0404 0.0813 0.1202 0.1552 0.1856 0.2115 0.0271 0.0283 0.0647 0.1041 0.1411 0.1741 0.2026 0.2269 0.0395 0.0577 0.0922 0.1289 0.1633 0.194 0.2208 0.0639 0.0878 0.1208 0.1547 0.1865 0.2154 0.0921 0.118 0.1491 0.1806 0.2106 0.1216 0.1477 0.177 0.2071 0.1505 0.1762 0.2051 0.1779 0.2042 0.2045
-4.000 -1.000 30 0.1196 0.1026 0.12 0.0828 0.1018 0.1242 0.0611 0.0801 0.1062 0.132 0.0398 0.0555 0.0852 0.1153 0.1426 0.0285 0.0285 0.0625 0.0972 0.1284 0.1553 0.0404 0.0 0.0406 0.079 0.1137 0.1438 0.1695 0.0632 0.029 0.0291 0.0641 0.1 0.1324 0.1606 0.1846 0.0577 0.0415 0.0584 0.0902 0.1227 0.1524 0.1787 0.0656 0.066 0.0874 0.1167 0.1462 0.1738 0.0839 0.0936 0.116 0.143 0.1705 0.1075 0.1216 0.1438 0.1697 0.1326 0.149 0.1717 0.158 0.1762 0.1828
-2.000 -1.000 24 0.1011 0.0869 0.0951 0.0723 0.0775 0.0932 0.0599 0.0579 0.0741 0.0963 0.0556 0.0383 0.052 0.078 0.1038 0.0636 0.028 0.0271 0.0579 0.0883 0.1149 0.0813 0.0406 0.0 0.0382 0.0726 0.1026 0.1281 0.1034 0.0649 0.0287 0.0279 0.0597 0.0912 0.1191 0.1429 0.092 0.0583 0.0405 0.0553 0.0833 0.1115 0.1371 0.0882 0.0653 0.0636 0.082 0.1073 0.1329 0.0934 0.0823 0.0891 0.1081 0.1317 0.1064 0.104 0.115 0.1345 0.1242 0.1276 0.1415 0.1441 0.1524 0.1656
0.000 -1.000 18 0.0912 0.0829 0.0786 0.0773 0.0659 0.0694 0.0775 0.0553 0.0523 0.0658 0.0853 0.052 0.035 0.0466 0.0688 0.1003 0.0606 0.0259 0.0246 0.0515 0.0774 0.1202 0.079 0.0382 0.0 0.0343 0.0642 0.0897 0.1423 0.1027 0.0623 0.0267 0.0254 0.0534 0.0805 0.1041 0.1285 0.09 0.0552 0.0373 0.05 0.0743 0.0986 0.1193 0.085 0.0611 0.0582 0.0739 0.0959 0.1156 0.0889 0.0764 0.0814 0.0979 0.1184 0.1003 0.0963 0.1056 0.1267 0.1167 0.1192 0.1396 0.1367 0.1563
2.000 -1.000 24 0.0903 0.0894 0.0737 0.0926 0.0692 0.0581 0.1013 0.0699 0.049 0.0457 0.1153 0.078 0.0465 0.0308 0.0404 0.1338 0.0931 0.0549 0.023 0.0215 0.0446 0.1552 0.1137 0.0726 0.0343 0.0 0.0299 0.0554 0.1776 0.1373 0.0959 0.0567 0.0239 0.0223 0.0465 0.0696 0.1626 0.1223 0.0832 0.0499 0.0332 0.0439 0.0649 0.1506 0.1121 0.0779 0.055 0.0518 0.0654 0.1419 0.1075 0.0811 0.0688 0.073 0.1378 0.1095 0.0916 0.0877 0.1386 0.1175 0.1079 0.1445 0.1315 0.1554
4.000 -1.000 30 0.0961 0.1012 0.0785 0.1107 0.0817 0.0602 0.1246 0.09 0.0611 0.0423 0.1423 0.1036 0.0687 0.0404 0.0264 0.1631 0.122 0.0829 0.048 0.0199 0.0184 0.1856 0.1438 0.1026 0.0642 0.0299 0.0 0.0256 0.2084 0.1678 0.1259 0.0859 0.0499 0.0208 0.0193 0.0398 0.1928 0.1518 0.1112 0.0741 0.0439 0.0289 0.0381 0.1793 0.1389 0.1011 0.0693 0.0485 0.0454 0.1678 0.1299 0.0969 0.0725 0.0612 0.1596 0.1259 0.0993 0.0831 0.1553 0.1277 0.1088 0.1561 0.1361 0.1629
6.000 -1.000 36 0.1049 0.1144 0.0881 0.1279 0.0965 0.0704 0.1453 0.1094 0.0779 0.0523 0.1655 0.1262 0.0903 0.0591 0.0344 0.188 0.1466 0.1073 0.0719 0.0411 0.0169 0.2115 0.1695 0.1281 0.0897 0.0554 0.0256 0.0 0.2348 0.1938 0.1518 0.1115 0.0749 0.0431 0.0178 0.0164 0.219 0.1774 0.1362 0.0981 0.0647 0.038 0.0249 0.2046 0.1633 0.1241 0.0892 0.0608 0.0424 0.1916 0.1521 0.1162 0.0862 0.0645 0.181 0.1448 0.114 0.0901 0.1742 0.143 0.1185 0.1722 0.1479 0.1765
-7.000 0.000 42 0.1716 0.1539 0.1782 0.1335 0.1601 0.1864 0.1098 0.1394 0.1692 0.1968 0.0831 0.1157 0.1493 0.1807 0.2086 0.0552 0.0895 0.1267 0.162 0.1936 0.221 0.0271 0.0632 0.1034 0.1423 0.1776 0.2084 0.2348 0.0 0.0395 0.0814 0.1227 0.161 0.195 0.2245 0.2497 0.0273 0.0638 0.1048 0.1446 0.1811 0.2134 0.2415 0.0562 0.0917 0.1307 0.1682 0.2025 0.2335 0.0862 0.1211 0.1578 0.193 0.226 0.1166 0.15 0.1845 0.2186 0.146 0.178 0.2116 0.1736 0.2055 0.2
-5.000 0.000 36 0.1486 0.1314 0.1499 0.1113 0.1315 0.154 0.0881 0.1099 0.1355 0.1609 0.0635 0.0849 0.1142 0.1435 0.1702 0.0404 0.0576 0.0901 0.1236 0.1543 0.1811 0.0283 0.029 0.0649 0.1027 0.1373 0.1678 0.1938 0.0395 0.0 0.0415 0.0823 0.1202 0.1539 0.1831 0.2081 0.0286 0.0293 0.0659 0.1045 0.1403 0.1721 0.2 0.0413 0.0593 0.0932 0.1288 0.162 0.1923 0.0662 0.0894 0.1213 0.1541 0.1856 0.0943 0.119 0.1489 0.1802 0.1228 0.1474 0.1766 0.1498 0.1752 0.1758
-3.000 0.000 30 0.1285 0.1129 0.1238 0.0958 0.1059 0.1224 0.0784 0.0851 0.1033 0.1249 0.0636 0.0625 0.081 0.1062 0.1311 0.0577 0.0406 0.056 0.085 0.1141 0.1402 0.0647 0.0291 0.0287 0.0623 0.0959 0.1259 0.1518 0.0814 0.0415 0.0 0.0405 0.078 0.1115 0.1405 0.1653 0.0654 0.0295 0.0292 0.0635 0.0982 0.1295 0.1571 0.0593 0.0419 0.0582 0.0889 0.1204 0.1498 0.0668 0.0662 0.0866 0.1149 0.1442 0.0846 0.093 0.1144 0.1415 0.1069 0.12 0.1423 0.1304 0.1469 0.1547
-1.000 0.000 24 0.1142 0.1032 0.1034 0.0927 0.0886 0.0959 0.0851 0.0734 0.0778 0.0928 0.0837 0.0606 0.0579 0.0734 0.0947 0.0902 0.056 0.0382 0.0514 0.0765 0.1013 0.1041 0.0641 0.0279 0.0267 0.0567 0.0859 0.1115 0.1227 0.0823 0.0405 0.0 0.0373 0.0706 0.0995 0.1243 0.1054 0.0652 0.0284 0.0273 0.0582 0.0887 0.1159 0.0931 0.0581 0.0399 0.054 0.0813 0.1091 0.0885 0.0646 0.0624 0.0802 0.1054 0.0928 0.0809 0.0873 0.1066 0.1046 0.1019 0.1134 0.1212 0.1255 0.1407
1.000 0.000 24 0.1078 0.1029 0.0925 0.101 0.0837 0.0787 0.1033 0.0778 0.0657 0.0686 0.111 0.0775 0.0548 0.0514 0.0644 0.1239 0.0851 0.0514 0.0343 0.0454 0.0668 0.1411 0.1 0.0597 0.0254 0.0239 0.0499 0.0749 0.161 0.1202 0.078 0.0373 0.0 0.0332 0.0621 0.0869 0.1433 0.1019 0.0611 0.026 0.0246 0.0517 0.0783 0.1284 0.0888 0.054 0.0363 0.0486 0.0727 0.1183 0.0834 0.0596 0.0568 0.0728 0.1137 0.0869 0.0748 0.0805 0.1156 0.0981 0.0955 0.1234 0.1154 0.137
3.000 0.000 30 0.1087 0.1101 0.0908 0.1152 0.0897 0.0733 0.1245 0.0925 0.0685 0.0571 0.138 0.1007 0.0689 0.048 0.0445 0.1547 0.1142 0.0765 0.0454 0.0299 0.0392 0.1741 0.1324 0.0912 0.0534 0.0223 0.0208 0.0431 0.195 0.1539 0.1115 0.0706 0.0332 0.0 0.0289 0.0538 0.1772 0.1352 0.0936 0.055 0.0231 0.0217 0.0453 0.1612 0.1199 0.081 0.0485 0.0324 0.0432 0.1482 0.1094 0.076 0.0539 0.0513 0.1388 0.105 0.0797 0.0686 0.1343 0.1077 0.0919 0.1358 0.1177 0.1437
5.000 0.000 36 0.114 0.1207 0.0962 0.131 0.101 0.0776 0.1451 0.1101 0.0805 0.059 0.1623 0.1233 0.0884 0.0597 0.0411 0.1816 0.1404 0.1014 0.0668 0.0392 0.0256 0.2026 0.1606 0.1191 0.0805 0.0465 0.0193 0.0178 0.2245 0.1831 0.1405 0.0995 0.0621 0.0289 0.0 0.0249 0.2068 0.1645 0.1225 0.0833 0.0484 0.0203 0.0189 0.1903 0.1483 0.1082 0.0723 0.0431 0.0287 0.1759 0.1356 0.0989 0.0685 0.0486 0.1641 0.1274 0.0962 0.0735 0.1562 0.1252 0.1013 0.1539 0.1303 0.1581
7.000 0.000 42 0.1215 0.1321 0.1045 0.146 0.1138 0.0868 0.1633 0.1269 0.0949 0.0687 0.1832 0.1435 0.1072 0.0758 0.0507 0.2046 0.1629 0.1233 0.0877 0.0572 0.0332 0.2269 0.1846 0.1429 0.1041 0.0696 0.0398 0.0164 0.2497 0.2081 0.1653 0.1243 0.0869 0.0538 0.0249 0.0 0.2323 0.1899 0.1477 0.1083 0.073 0.0422 0.0176 0.2158 0.1735 0.133 0.0961 0.064 0.0381 0.201 0.16 0.1223 0.0892 0.0619 0.1881 0.1504 0.1171 0.089 0.179 0.1464 0.1187 0.1758 0.1491 0.1787
-6.000 1.000 36 0.1779 0.1599 0.1799 0.1394 0.1609 0.184 0.1158 0.1391 0.1648 0.1898 0.0897 0.1141 0.1431 0.1717 0.198 0.0633 0.0865 0.1186 0.1512 0.1814 0.2079 0.0395 0.0577 0.092 0.1285 0.1626 0.1928 0.219 0.0273 0.0286 0.0654 0.1054 0.1433 0.1772 0.2068 0.2323 0.0 0.0413 0.0836 0.1242 0.1612 0.194 0.2229 0.0288 0.0661 0.1068 0.1456 0.181 0.2129 0.0588 0.0942 0.1322 0.1687 0.203 0.0889 0.1228 0.1584 0.1936 0.1183 0.1503 0.1848 0.1457 0.1773 0.1715
-4.000 1.000 30 0.1571 0.1409 0.1535 0.1221 0.1353 0.1526 0.1018 0.1142 0.1334 0.1546 0.0815 0.0902 0.1111 0.1357 0.1597 0.0648 0.065 0.0857 0.114 0.1421 0.1675 0.0577 0.0415 0.0583 0.09 0.1223 0.1518 0.1774 0.0638 0.0293 0.0295 0.0652 0.1019 0.1352 0.1645 0.1899 0.0413 0.0 0.0419 0.0821 0.1187 0.1513 0.18 0.0296 0.0299 0.0661 0.1037 0.1385 0.17 0.0424 0.0599 0.0929 0.1275 0.1608 0.0671 0.0892 0.1201 0.153 0.0941 0.1177 0.1476 0.1208 0.1454 0.1465
-2.000 1.000 24 0.14 0.1271 0.131 0.1135 0.1147 0.1244 0.1002 0.097 0.106 0.1215 0.0903 0.0791 0.085 0.1022 0.1227 0.087 0.0642 0.0623 0.0799 0.1041 0.1278 0.0922 0.0584 0.0405 0.0552 0.0832 0.1112 0.1362 0.1048 0.0659 0.0292 0.0284 0.0611 0.0936 0.1225 0.1477 0.0836 0.0419 0.0 0.0399 0.0763 0.1087 0.1373 0.0667 0.0296 0.0289 0.0623 0.0962 0.1273 0.0598 0.0417 0.0573 0.0873 0.1189 0.0666 0.0653 0.0851 0.1135 0.0833 0.0912 0.113 0.1042 0.1178 0.127
0.000 1.000 18 0.1294 0.1214 0.1152 0.1146 0.1038 0.1031 0.1109 0.0929 0.0879 0.0945 0.1113 0.085 0.0725 0.0764 0.0905 0.1175 0.0834 0.0597 0.0567 0.0715 0.0919 0.1289 0.0902 0.0553 0.0373 0.0499 0.0741 0.0981 0.1446 0.1045 0.0635 0.0273 0.026 0.055 0.0833 0.1083 0.1242 0.0821 0.0399 0.0 0.0363 0.0687 0.0972 0.106 0.0646 0.0279 0.0267 0.0568 0.0872 0.0927 0.0572 0.039 0.0529 0.0804 0.0872 0.0633 0.0612 0.0796 0.0906 0.0792 0.0866 0.1017 0.1006 0.1186
2.000 1.000 24 0.1251 0.1234 0.108 0.124 0.1028 0.0916 0.128 0.1005 0.0826 0.0771 0.1361 0.1023 0.0764 0.0641 0.0667 0.1482 0.1098 0.076 0.0533 0.0499 0.0623 0.1633 0.1227 0.0833 0.05 0.0332 0.0439 0.0647 0.1811 0.1403 0.0982 0.0582 0.0246 0.0231 0.0484 0.073 0.1612 0.1187 0.0763 0.0363 0.0 0.0324 0.061 0.1425 0.1001 0.0596 0.0254 0.0241 0.0512 0.1268 0.0869 0.0528 0.0357 0.0485 0.1158 0.0816 0.0588 0.057 0.1109 0.0856 0.0751 0.1132 0.0983 0.1224
4.000 1.000 30 0.1266 0.1302 0.1084 0.137 0.1095 0.0896 0.147 0.1142 0.0881 0.0716 0.1603 0.1229 0.0906 0.0668 0.0554 0.1762 0.1358 0.0983 0.067 0.0465 0.0431 0.194 0.1524 0.1115 0.0743 0.0439 0.0289 0.038 0.2134 0.1721 0.1295 0.0887 0.0517 0.0217 0.0203 0.0422 0.194 0.1513 0.1087 0.0687 0.0324 0.0 0.0287 0.1753 0.1326 0.0914 0.0538 0.0228 0.0217 0.1586 0.1174 0.0796 0.0483 0.0327 0.1452 0.1077 0.0759 0.055 0.1362 0.1049 0.0818 0.1334 0.1103 0.1377
6.000 1.000 36 0.1315 0.1397 0.1134 0.151 0.1198 0.0947 0.1652 0.1297 0.0992 0.0757 0.1822 0.143 0.1077 0.0784 0.0572 0.201 0.1595 0.1204 0.0859 0.0579 0.0398 0.2208 0.1787 0.1371 0.0986 0.0649 0.0381 0.0249 0.2415 0.2 0.1571 0.1159 0.0783 0.0453 0.0189 0.0176 0.2229 0.18 0.1373 0.0972 0.061 0.0287 0.0 0.2046 0.1616 0.1203 0.0823 0.0485 0.0206 0.1878 0.1462 0.1074 0.073 0.0444 0.1736 0.1351 0.1006 0.0715 0.1632 0.1297 0.1012 0.1584 0.1315 0.1603
-5.000 2.000 30 0.1859 0.1691 0.1839 0.1496 0.165 0.1833 0.1274 0.1434 0.1636 0.1852 0.1041 0.119 0.1412 0.1656 0.189 0.0817 0.0924 0.1159 0.1436 0.1709 0.1957 0.0639 0.0656 0.0882 0.1193 0.1506 0.1793 0.2046 0.0562 0.0413 0.0593 0.0931 0.1284 0.1612 0.1903 0.2158 0.0288 0.0296 0.0667 0.106 0.1425 0.1753 0.2046 0.0 0.0424 0.0845 0.124 0.16 0.1927 0.0298 0.0671 0.107 0.1448 0.1804 0.0598 0.0943 0.1314 0.1682 0.0887 0.1214 0.157 0.1162 0.1479 0.1419
-3.000 2.000 24 0.1679 0.1533 0.16 0.1374 0.1432 0.1543 0.1207 0.1238 0.1357 0.1516 0.1046 0.1031 0.1142 0.1322 0.1522 0.0926 0.0826 0.0902 0.1099 0.1333 0.1562 0.0878 0.066 0.0653 0.085 0.1121 0.1389 0.1633 0.0917 0.0593 0.0419 0.0581 0.0888 0.1199 0.1483 0.1735 0.0661 0.0299 0.0296 0.0646 0.1001 0.1326 0.1616 0.0424 0.0 0.0417 0.0809 0.1167 0.1493 0.0301 0.0299 0.0653 0.1021 0.1372 0.0424 0.0591 0.0914 0.1264 0.0661 0.0874 0.1184 0.0915 0.1151 0.1169
-1.000 2.000 18 0.1537 0.1437 0.141 0.1333 0.1276 0.1303 0.124 0.1136 0.1138 0.1225 0.1178 0.1002 0.096 0.1041 0.1186 0.1163 0.0904 0.0781 0.0833 0.0996 0.1192 0.1208 0.0874 0.0636 0.0611 0.0779 0.1011 0.1241 0.1307 0.0932 0.0582 0.0399 0.054 0.081 0.1082 0.133 0.1068 0.0661 0.0289 0.0279 0.0596 0.0914 0.1203 0.0845 0.0417 0.0 0.039 0.0747 0.1073 0.0667 0.0292 0.0284 0.0612 0.0954 0.0591 0.0409 0.0562 0.0867 0.065 0.0638 0.0843 0.0808 0.0896 0.1013
1.000 2.000 18 0.1454 0.1405 0.1292 0.1372 0.121 0.1139 0.136 0.1139 0.1022 0.1009 0.1381 0.1098 0.0912 0.0858 0.0918 0.1444 0.1102 0.0834 0.0706 0.0742 0.0877 0.1547 0.1167 0.082 0.0582 0.055 0.0693 0.0892 0.1682 0.1288 0.0889 0.054 0.0363 0.0485 0.0723 0.0961 0.1456 0.1037 0.0623 0.0267 0.0254 0.0538 0.0823 0.124 0.0809 0.039 0.0 0.0357 0.0683 0.1048 0.0633 0.0273 0.0263 0.0569 0.0909 0.056 0.0385 0.0532 0.0849 0.0622 0.0614 0.0884 0.0791 0.1004
3.000 2.000 24 0.1429 0.1435 0.1245 0.1464 0.1224 0.1064 0.152 0.1226 0.101 0.0894 0.1607 0.1263 0.0983 0.0804 0.0749 0.1723 0.1341 0.0999 0.0743 0.0622 0.0648 0.1865 0.1462 0.1073 0.0739 0.0518 0.0485 0.0608 0.2025 0.162 0.1204 0.0813 0.0486 0.0324 0.0431 0.064 0.181 0.1385 0.0962 0.0568 0.0241 0.0228 0.0485 0.16 0.1167 0.0747 0.0357 0.0 0.0327 0.1405 0.0983 0.0588 0.0254 0.0246 0.1244 0.0857 0.0529 0.0367 0.1137 0.0815 0.0605 0.1101 0.0876 0.1146
5.000 2.000 30 0.1445 0.1502 0.1258 0.1584 0.1292 0.1067 0.1694 0.1355 0.1076 0.0877 0.1827 0.145 0.1119 0.0859 0.0697 0.1982 0.1578 0.1202 0.0883 0.065 0.0539 0.2154 0.1738 0.1329 0.0959 0.0654 0.0454 0.0424 0.2335 0.1923 0.1498 0.1091 0.0727 0.0432 0.0287 0.0381 0.2129 0.17 0.1273 0.0872 0.0512 0.0217 0.0206 0.1927 0.1493 0.1073 0.0683 0.0327 0.0 0.1737 0.1313 0.0914 0.0549 0.0239 0.1571 0.1176 0.0816 0.0509 0.145 0.1103 0.0803 0.1386 0.1107 0.1392
-4.000 3.000 24 0.1964 0.1812 0.1898 0.1633 0.1724 0.1853 0.144 0.1523 0.166 0.1827 0.1241 0.1297 0.1442 0.1629 0.1828 0.1057 0.1063 0.1197 0.1405 0.1634 0.1856 0.0921 0.0839 0.0934 0.1156 0.1419 0.1678 0.1916 0.0862 0.0662 0.0668 0.0885 0.1183 0.1482 0.1759 0.201 0.0588 0.0424 0.0598 0.0927 0.1268 0.1586 0.1878 0.0298 0.0301 0.0667 0.1048 0.1405 0.1737 0.0 0.0424 0.0835 0.1222 0.1586 0.0298 0.0662 0.105 0.1433 0.0586 0.092 0.1292 0.0857 0.1179 0.1114
-2.000 3.000 18 0.1803 0.1685 0.1691 0.1557 0.1542 0.1593 0.1422 0.138 0.1422 0.1521 0.1301 0.121 0.1228 0.1335 0.1483 0.1214 0.1052 0.1023 0.1123 0.1292 0.1482 0.118 0.0936 0.0823 0.0889 0.1075 0.1299 0.1521 0.1211 0.0894 0.0662 0.0646 0.0834 0.1094 0.1356 0.16 0.0942 0.0599 0.0417 0.0572 0.0869 0.1174 0.1462 0.0671 0.0299 0.0292 0.0633 0.0983 0.1313 0.0424 0.0 0.0409 0.0794 0.1158 0.0296 0.0292 0.0639 0.1013 0.0412 0.0574 0.0901 0.0635 0.0853 0.088
0.000 3.000 12 0.1689 0.1615 0.1535 0.1544 0.1432 0.1393 0.1486 0.1325 0.1258 0.1276 0.1449 0.1232 0.1117 0.1113 0.1192 0.1448 0.117 0.0985 0.0937 0.1012 0.1153 0.1491 0.116 0.0891 0.0764 0.0811 0.0969 0.1162 0.1578 0.1213 0.0866 0.0624 0.0596 0.076 0.0989 0.1223 0.1322 0.0929 0.0573 0.039 0.0528 0.0796 0.1074 0.107 0.0653 0.0284 0.0273 0.0588 0.0914 0.0835 0.0409 0.0 0.0385 0.075 0.0651 0.0285 0.0279 0.0615 0.0572 0.04 0.0562 0.063 0.0632 0.0789
2.000 3.000 18 0.1623 0.1604 0.1446 0.1596 0.1394 0.1272 0.1607 0.1357 0.1188 0.1113 0.1643 0.1342 0.1117 0.0996 0.0983 0.1709 0.1364 0.1074 0.0889 0.0836 0.0895 0.1806 0.143 0.1081 0.0814 0.0688 0.0725 0.0862 0.193 0.1541 0.1149 0.0802 0.0568 0.0539 0.0685 0.0892 0.1687 0.1275 0.0873 0.0529 0.0357 0.0483 0.073 0.1448 0.1021 0.0612 0.0263 0.0254 0.0549 0.1222 0.0794 0.0385 0.0 0.0367 0.1025 0.0623 0.0274 0.0271 0.0888 0.0558 0.0396 0.0838 0.0634 0.0888
4.000 3.000 24 0.1609 0.1638 0.142 0.1689 0.1424 0.1229 0.176 0.1449 0.1204 0.1044 0.1854 0.1502 0.1204 0.099 0.0875 0.197 0.1587 0.1239 0.0961 0.0788 0.0737 0.2106 0.1705 0.1317 0.0979 0.073 0.0612 0.0645 0.226 0.1856 0.1442 0.1054 0.0728 0.0513 0.0486 0.0619 0.203 0.1608 0.1189 0.0804 0.0485 0.0327 0.0444 0.1804 0.1372 0.0954 0.0569 0.0246 0.0239 0.1586 0.1158 0.075 0.0367 0.0 0.1392 0.0986 0.0605 0.027 0.1241 0.0878 0.0562 0.1156 0.0859 0.1144
-3.000 4.000 18 0.2085 0.1949 0.1982 0.18 0.1826 0.1893 0.1637 0.1645 0.1717 0.1829 0.147 0.1451 0.1516 0.1637 0.179 0.1322 0.1254 0.1293 0.1422 0.1595 0.1783 0.1216 0.1075 0.1064 0.1184 0.1378 0.1596 0.181 0.1166 0.0943 0.0846 0.0928 0.1137 0.1388 0.1641 0.1881 0.0889 0.0671 0.0666 0.0872 0.1158 0.1452 0.1736 0.0598 0.0424 0.0591 0.0909 0.1244 0.1571 0.0298 0.0296 0.0651 0.1025 0.1392 0.0 0.0412 0.0812 0.1204 0.0287 0.0637 0.1027 0.0557 0.0887 0.0814
-1.000 4.000 12 0.1945 0.1853 0.1801 0.1752 0.168 0.1672 0.1651 0.155 0.1522 0.1562 0.1563 0.1415 0.136 0.1392 0.1483 0.15 0.1297 0.1193 0.1202 0.13 0.1443 0.1477 0.1216 0.104 0.1003 0.1095 0.1259 0.1448 0.15 0.119 0.093 0.0809 0.0869 0.105 0.1274 0.1504 0.1228 0.0892 0.0653 0.0633 0.0816 0.1077 0.1351 0.0943 0.0591 0.0409 0.056 0.0857 0.1176 0.0662 0.0292 0.0285 0.0623 0.0986 0.0412 0.0 0.04 0.0794 0.0285 0.0283 0.0634 0.0394 0.0562 0.0612
1.000 4.000 12 0.185 0.1803 0.1679 0.1763 0.1602 0.1513 0.1731 0.1529 0.1407 0.1365 0.1716 0.1469 0.1301 0.123 0.1246 0.1727 0.1434 0.1209 0.1091 0.1087 0.1168 0.177 0.1438 0.115 0.0963 0.0916 0.0993 0.114 0.1845 0.1489 0.1144 0.0873 0.0748 0.0797 0.0962 0.1171 0.1584 0.1201 0.0851 0.0612 0.0588 0.0759 0.1006 0.1314 0.0914 0.0562 0.0385 0.0529 0.0816 0.105 0.0639 0.0279 0.0274 0.0605 0.0812 0.04 0.0 0.0396 0.0631 0.0282 0.0285 0.0559 0.0404 0.0624
3.000 4.000 18 0.1806 0.1809 0.1617 0.1825 0.1593 0.143 0.1857 0.1582 0.1377 0.1253 0.1907 0.1591 0.1335 0.1169 0.1098 0.1978 0.1627 0.1321 0.1098 0.0981 0.0976 0.2071 0.1697 0.1345 0.1056 0.0877 0.0831 0.0901 0.2186 0.1802 0.1415 0.1066 0.0805 0.0686 0.0735 0.089 0.1936 0.153 0.1135 0.0796 0.057 0.055 0.0715 0.1682 0.1264 0.0867 0.0532 0.0367 0.0509 0.1433 0.1013 0.0615 0.0271 0.027 0.1204 0.0794 0.0396 0.0 0.1017 0.0636 0.029 0.0896 0.0584 0.0861
-2.000 5.000 12 0.2211 0.2103 0.2082 0.1981 0.1944 0.1959 0.1845 0.1793 0.1802 0.1855 0.171 0.1631 0.1622 0.1681 0.1782 0.1593 0.1468 0.1432 0.1484 0.1595 0.1741 0.1505 0.1326 0.1242 0.1267 0.1386 0.1553 0.1742 0.146 0.1228 0.1069 0.1046 0.1156 0.1343 0.1562 0.179 0.1183 0.0941 0.0833 0.0906 0.1109 0.1362 0.1632 0.0887 0.0661 0.065 0.0849 0.1137 0.145 0.0586 0.0412 0.0572 0.0888 0.1241 0.0287 0.0285 0.0631 0.1017 0.0 0.0394 0.0795 0.0271 0.0615 0.0528
0.000 5.000 6 0.2097 0.2028 0.1932 0.1955 0.1838 0.1775 0.1886 0.1734 0.1652 0.1638 0.1822 0.1633 0.1521 0.1489 0.1527 0.1777 0.1548 0.139 0.1329 0.136 0.1455 0.1762 0.149 0.1276 0.1167 0.1175 0.1277 0.143 0.178 0.1474 0.12 0.1019 0.0981 0.1077 0.1252 0.1464 0.1503 0.1177 0.0912 0.0792 0.0856 0.1049 0.1297 0.1214 0.0874 0.0638 0.0622 0.0815 0.1103 0.092 0.0574 0.04 0.0558 0.0878 0.0637 0.0283 0.0282 0.0636 0.0394 0.0 0.0404 0.0274 0.0281 0.0384
2.000 5.000 12 0.2027 0.2007 0.1844 0.199 0.1794 0.1663 0.1981 0.1749 0.1584 0.1495 0.1985 0.1714 0.1509 0.1387 0.1352 0.2006 0.1701 0.1447 0.1282 0.1217 0.1244 0.2051 0.1717 0.1415 0.1192 0.1079 0.1088 0.1185 0.2116 0.1766 0.1423 0.1134 0.0955 0.0919 0.1013 0.1187 0.1848 0.1476 0.113 0.0866 0.0751 0.0818 0.1012 0.157 0.1184 0.0843 0.0614 0.0605 0.0803 0.1292 0.0901 0.0562 0.0396 0.0562 0.1027 0.0634 0.0285 0.029 0.0795 0.0404 0.0 0.0628 0.0291 0.0564
-1.000 6.000 6 0.2348 0.2264 0.2191 0.2164 0.2081 0.2047 0.2056 0.1958 0.1907 0.1914 0.1951 0.1822 0.1757 0.1758 0.1809 0.1853 0.1691 0.1599 0.1581 0.1637 0.1744 0.1779 0.158 0.1441 0.1396 0.1445 0.1561 0.1722 0.1736 0.1498 0.1304 0.1212 0.1234 0.1358 0.1539 0.1758 0.1457 0.1208 0.1042 0.1017 0.1132 0.1334 0.1584 0.1162 0.0915 0.0808 0.0884 0.1101 0.1386 0.0857 0.0635 0.063 0.0838 0.1156 0.0557 0.0394 0.0559 0.0896 0.0271 0.0274 0.0628 0.0 0.0384 0.0258
1.000 6.000 6 0.2264 0.2218 0.2087 0.2172 0.2014 0.1913 0.2124 0.1938 0.1814 0.1754 0.2081 0.1865 0.1709 0.1629 0.1623 0.2052 0.1802 0.1608 0.1497 0.1474 0.1526 0.2042 0.1762 0.1524 0.1367 0.1315 0.1361 0.1479 0.2055 0.1752 0.1469 0.1255 0.1154 0.1177 0.1303 0.1491 0.1773 0.1454 0.1178 0.1006 0.0983 0.1103 0.1315 0.1479 0.1151 0.0896 0.0791 0.0876 0.1107 0.1179 0.0853 0.0632 0.0634 0.0859 0.0887 0.0562 0.0404 0.0584 0.0615 0.0281 0.0291 0.0384 0.0 0.027
0.000 7.000 0 0.25 0.2432 0.2327 0.2355 0.2238 0.216 0.2275 0.2134 0.2045 0.2013 0.2187 0.2025 0.1919 0.1871 0.1888 0.2107 0.1921 0.1784 0.172 0.1731 0.1799 0.2045 0.1828 0.1656 0.1563 0.1554 0.1629 0.1765 0.2 0.1758 0.1547 0.1407 0.137 0.1437 0.1581 0.1787 0.1715 0.1465 0.127 0.1186 0.1224 0.1377 0.1603 0.1419 0.1169 0.1013 0.1004 0.1146 0.1392 0.1114 0.088 0.0789 0.0888 0.1144 0.0814 0.0612 0.0624 0.0861 0.0528 0.0384 0.0564 0.0258 0.027 0.0