n 64
m 4
tmax 7.5
Vmax 1.8
Vmin 1.6
kappa 1.3
dmax 10.5
0.000 -7.000 0 0.0 0.0171 0.0138 0.0444 0.0244 0.0272 0.0833 0.0511 0.0377 0.0394 0.1253 0.0945 0.0632 0.0501 0.0504 0.1568 0.143 0.1081 0.0742 0.0605 0.0599 0.1779 0.1778 0.1595 0.117 0.0805 0.0687 0.0679 0.1949 0.1987 0.1986 0.1688 0.1169 0.0849 0.0754 0.0746 0.215 0.2188 0.2074 0.1652 0.1121 0.0881 0.0811 0.2319 0.2319 0.2055 0.1515 0.109 0.0912 0.2459 0.2304 0.1924 0.1384 0.1071 0.25 0.2216 0.1738 0.1305 0.2422 0.2068 0.1589 0.2312 0.1897 0.2176
-1.000 -6.000 6 0.0171 0.0 0.0244 0.0279 0.0224 0.0379 0.0667 0.0414 0.0438 0.0517 0.106 0.0813 0.0654 0.0613 0.0639 0.138 0.1248 0.1058 0.0854 0.0749 0.0745 0.1579 0.1585 0.1504 0.1264 0.0985 0.0849 0.0834 0.1716 0.1772 0.18 0.1728 0.1355 0.105 0.0928 0.0904 0.1892 0.1991 0.2017 0.1796 0.1376 0.1094 0.0991 0.2095 0.2154 0.2132 0.1754 0.1354 0.1133 0.2275 0.2276 0.2095 0.1691 0.1342 0.237 0.2313 0.2006 0.1621 0.2423 0.2258 0.1925 0.2425 0.2179 0.2377
1.000 -6.000 6 0.0138 0.0244 0.0 0.0506 0.0169 0.0132 0.0915 0.0452 0.0229 0.0254 0.1371 0.0902 0.0476 0.0336 0.0363 0.1715 0.1423 0.0911 0.054 0.0435 0.0458 0.1948 0.1811 0.1453 0.0914 0.0596 0.0521 0.0537 0.214 0.2055 0.1869 0.1402 0.0893 0.064 0.0591 0.0602 0.2252 0.2118 0.1837 0.1296 0.0854 0.0685 0.0648 0.2325 0.2095 0.1678 0.1169 0.0835 0.0723 0.2284 0.1979 0.15 0.1061 0.0839 0.2185 0.1781 0.134 0.1003 0.2028 0.1605 0.1219 0.1839 0.1461 0.1687
-2.000 -5.000 12 0.0444 0.0279 0.0506 0.0 0.0414 0.0634 0.0377 0.0366 0.065 0.0782 0.0752 0.0593 0.0746 0.0866 0.0921 0.1033 0.0945 0.0983 0.1054 0.1038 0.1038 0.1234 0.1211 0.1287 0.134 0.1264 0.1163 0.1141 0.1364 0.1397 0.1484 0.162 0.1578 0.1375 0.126 0.1226 0.1509 0.1599 0.1783 0.1839 0.1667 0.1448 0.1333 0.1698 0.1828 0.1987 0.195 0.17 0.1503 0.1883 0.2026 0.2095 0.1961 0.1725 0.2046 0.2147 0.215 0.1956 0.2168 0.2221 0.2152 0.2249 0.227 0.2311
0.000 -5.000 6 0.0244 0.0224 0.0169 0.0414 0.0 0.0229 0.0799 0.0294 0.0209 0.0343 0.1215 0.0749 0.0397 0.0381 0.0456 0.1566 0.1242 0.0815 0.056 0.0512 0.0552 0.1781 0.1637 0.1317 0.0928 0.0674 0.0611 0.0637 0.1928 0.1865 0.1725 0.1385 0.0981 0.0749 0.0691 0.0706 0.2017 0.1946 0.1742 0.1389 0.0985 0.08 0.0755 0.2102 0.1989 0.1724 0.1312 0.0986 0.0845 0.2145 0.1941 0.164 0.1236 0.099 0.2128 0.187 0.1519 0.1193 0.2045 0.1772 0.1427 0.1961 0.1664 0.1872
2.000 -5.000 12 0.0272 0.0379 0.0132 0.0634 0.0229 0.0 0.105 0.0482 0.0151 0.0121 0.1493 0.092 0.0392 0.0198 0.0229 0.1862 0.1438 0.0799 0.0384 0.0286 0.0324 0.2087 0.1826 0.1313 0.0711 0.0421 0.0369 0.0403 0.2238 0.2067 0.1725 0.1158 0.0658 0.0466 0.0442 0.0469 0.2262 0.1976 0.1553 0.0992 0.0633 0.0513 0.0501 0.2187 0.181 0.1343 0.087 0.0629 0.0558 0.2032 0.1598 0.1135 0.0799 0.0644 0.1802 0.1387 0.1001 0.0768 0.1591 0.1208 0.0926 0.1412 0.1099 0.1274
-3.000 -4.000 18 0.0833 0.0667 0.0915 0.0377 0.0799 0.105 0.0 0.0593 0.1032 0.1202 0.0357 0.0432 0.097 0.1249 0.1344 0.0627 0.0571 0.0925 0.1314 0.1425 0.1469 0.0816 0.0778 0.0972 0.1369 0.1569 0.1567 0.1573 0.0945 0.0938 0.106 0.1387 0.1687 0.1703 0.1668 0.1658 0.1051 0.1136 0.1371 0.1719 0.1837 0.1791 0.1748 0.1215 0.1366 0.1638 0.1893 0.1915 0.1861 0.14 0.1572 0.184 0.1982 0.1974 0.1568 0.174 0.1959 0.2046 0.1704 0.188 0.2042 0.1817 0.1987 0.1922
-1.000 -4.000 12 0.0511 0.0414 0.0452 0.0366 0.0294 0.0482 0.0593 0.0 0.0397 0.0566 0.0941 0.0445 0.0368 0.0571 0.0675 0.1223 0.0914 0.0629 0.0663 0.0719 0.0777 0.1432 0.1253 0.1046 0.091 0.0852 0.0826 0.0853 0.1567 0.1485 0.1363 0.1257 0.1095 0.0963 0.0916 0.0927 0.1629 0.1577 0.1511 0.139 0.1185 0.1036 0.0988 0.1715 0.1662 0.1623 0.1435 0.1219 0.1093 0.1798 0.1742 0.1648 0.1441 0.1246 0.1846 0.1783 0.1639 0.1434 0.1874 0.1784 0.1622 0.1885 0.1776 0.1887
1.000 -4.000 12 0.0377 0.0438 0.0229 0.065 0.0209 0.0151 0.1032 0.0397 0.0 0.0198 0.1431 0.0813 0.0253 0.017 0.0292 0.1726 0.1292 0.0669 0.031 0.0301 0.0384 0.1958 0.1685 0.1167 0.0637 0.041 0.0403 0.046 0.2084 0.1903 0.1585 0.1071 0.0652 0.0487 0.0482 0.0526 0.205 0.182 0.1468 0.0988 0.066 0.0549 0.0547 0.1989 0.1703 0.1307 0.0915 0.0673 0.0601 0.1884 0.1563 0.1178 0.0856 0.0695 0.1745 0.14 0.1076 0.0834 0.1599 0.128 0.1006 0.1461 0.1191 0.1364
3.000 -4.000 18 0.0394 0.0517 0.0254 0.0782 0.0343 0.0121 0.1202 0.0566 0.0198 0.0 0.1639 0.0981 0.0396 0.0129 0.0108 0.1947 0.1454 0.0756 0.0306 0.0167 0.0202 0.2167 0.1819 0.1214 0.0587 0.0296 0.0241 0.0281 0.2277 0.2019 0.1583 0.0965 0.0497 0.033 0.0311 0.0347 0.2144 0.1797 0.1309 0.0774 0.0467 0.0374 0.0371 0.1974 0.1531 0.1057 0.0655 0.0472 0.0419 0.1719 0.1271 0.0872 0.0603 0.0492 0.1459 0.1063 0.076 0.0592 0.123 0.0926 0.0713 0.1079 0.0846 0.0984
-4.000 -3.000 24 0.1253 0.106 0.1371 0.0752 0.1215 0.1493 0.0357 0.0941 0.1431 0.1639 0.0 0.0571 0.1267 0.1641 0.1769 0.0269 0.0351 0.0973 0.1553 0.1768 0.1856 0.0459 0.0418 0.0757 0.1369 0.1741 0.1858 0.1925 0.0596 0.0557 0.0702 0.1151 0.1666 0.187 0.1938 0.1984 0.0672 0.0745 0.1004 0.1467 0.18 0.1924 0.1981 0.0814 0.0964 0.127 0.1645 0.1865 0.1962 0.0991 0.1159 0.1454 0.1743 0.1921 0.1159 0.1321 0.1581 0.1819 0.1289 0.1447 0.1683 0.1391 0.1556 0.1483
-2.000 -3.000 18 0.0945 0.0813 0.0902 0.0593 0.0749 0.092 0.0432 0.0445 0.0813 0.0981 0.0571 0.0 0.0629 0.0945 0.1055 0.0788 0.0441 0.048 0.0908 0.1069 0.1144 0.0962 0.0762 0.065 0.0904 0.1111 0.1173 0.1222 0.1082 0.0973 0.0884 0.0991 0.1183 0.1238 0.1247 0.1273 0.1113 0.1057 0.1102 0.1258 0.1335 0.1318 0.1315 0.1188 0.1189 0.1302 0.1416 0.1409 0.1381 0.1294 0.1326 0.1441 0.149 0.1462 0.1387 0.1441 0.1528 0.1539 0.1462 0.1534 0.1588 0.1539 0.1602 0.1612
0.000 -3.000 12 0.0632 0.0654 0.0476 0.0746 0.0397 0.0392 0.097 0.0368 0.0253 0.0396 0.1267 0.0629 0.0 0.031 0.0448 0.1482 0.1035 0.0414 0.0287 0.0426 0.0526 0.1633 0.1346 0.0893 0.0508 0.0473 0.0527 0.0598 0.1753 0.1568 0.1252 0.0889 0.065 0.0587 0.0599 0.0649 0.1701 0.1495 0.1212 0.0934 0.0731 0.0658 0.0668 0.1653 0.1438 0.1192 0.0944 0.0775 0.072 0.1598 0.1375 0.1162 0.0944 0.0814 0.1534 0.1329 0.1124 0.0946 0.1469 0.1284 0.1104 0.1419 0.1251 0.138
2.000 -3.000 18 0.0501 0.0613 0.0336 0.0866 0.0381 0.0198 0.1249 0.0571 0.017 0.0129 0.1641 0.0945 0.031 0.0 0.0167 0.188 0.1372 0.0651 0.0185 0.0132 0.0244 0.2016 0.1665 0.1086 0.0474 0.0219 0.0236 0.0318 0.2127 0.1869 0.1448 0.0851 0.0419 0.0293 0.0319 0.0379 0.1972 0.1643 0.1197 0.0699 0.0425 0.036 0.0384 0.1783 0.1407 0.0988 0.0617 0.0449 0.0417 0.1569 0.1194 0.0829 0.0585 0.0484 0.136 0.1027 0.0746 0.0583 0.1187 0.0908 0.0709 0.1064 0.0847 0.0982
4.000 -3.000 24 0.0504 0.0639 0.0363 0.0921 0.0456 0.0229 0.1344 0.0675 0.0292 0.0108 0.1769 0.1055 0.0448 0.0167 0.0 0.2028 0.1493 0.0761 0.0304 0.0108 0.0094 0.2155 0.1772 0.1159 0.0536 0.0237 0.014 0.0173 0.2235 0.1934 0.1465 0.0845 0.0408 0.0234 0.0201 0.0239 0.2006 0.1622 0.113 0.0632 0.0359 0.0266 0.0259 0.1728 0.1302 0.0861 0.0517 0.0356 0.0305 0.1446 0.1032 0.069 0.047 0.0374 0.118 0.0844 0.0602 0.0463 0.0985 0.0735 0.0567 0.0859 0.068 0.0792
-5.000 -2.000 30 0.1568 0.138 0.1715 0.1033 0.1566 0.1862 0.0627 0.1223 0.1726 0.1947 0.0269 0.0788 0.1482 0.188 0.2028 0.0 0.0418 0.1076 0.1717 0.1972 0.2076 0.0194 0.0248 0.0709 0.137 0.1814 0.1979 0.2074 0.0334 0.0296 0.0524 0.1013 0.1554 0.1838 0.1972 0.2063 0.0397 0.0496 0.0789 0.1257 0.1654 0.1855 0.1973 0.0535 0.0713 0.1012 0.139 0.1672 0.1841 0.0715 0.0905 0.1163 0.1459 0.1681 0.089 0.1045 0.1268 0.1516 0.1029 0.1153 0.1355 0.1127 0.1248 0.1208
-3.000 -2.000 24 0.143 0.1248 0.1423 0.0945 0.1242 0.1438 0.0571 0.0914 0.1292 0.1454 0.0351 0.0441 0.1035 0.1372 0.1493 0.0418 0.0 0.065 0.1232 0.1443 0.1529 0.0562 0.0317 0.0399 0.0979 0.1354 0.1481 0.1557 0.0683 0.0534 0.0465 0.078 0.1219 0.1426 0.1517 0.1583 0.0685 0.0613 0.0722 0.1065 0.1361 0.1478 0.1545 0.0751 0.0763 0.0954 0.1245 0.1421 0.1511 0.0858 0.0921 0.1125 0.1339 0.1466 0.0967 0.1056 0.124 0.1404 0.1066 0.1163 0.1329 0.1151 0.126 0.1224
-1.000 -2.000 18 0.1081 0.1058 0.0911 0.0983 0.0815 0.0799 0.0925 0.0629 0.0669 0.0756 0.0973 0.048 0.0414 0.0651 0.0761 0.1076 0.065 0.0 0.0508 0.0695 0.0787 0.1175 0.0885 0.045 0.0408 0.0662 0.0766 0.0841 0.126 0.1062 0.0784 0.058 0.0676 0.0772 0.0832 0.089 0.1189 0.0997 0.0819 0.078 0.082 0.0836 0.0872 0.1152 0.0993 0.0915 0.0906 0.0892 0.0899 0.1136 0.1027 0.0996 0.0968 0.095 0.1147 0.1067 0.1053 0.1017 0.1155 0.1115 0.1086 0.1171 0.116 0.1211
1.000 -2.000 18 0.0742 0.0854 0.054 0.1054 0.056 0.0384 0.1314 0.0663 0.031 0.0306 0.1553 0.0908 0.0287 0.0185 0.0304 0.1717 0.1232 0.0508 0.0 0.0219 0.0343 0.1781 0.1443 0.0883 0.0293 0.0189 0.0302 0.04 0.1822 0.157 0.1177 0.0662 0.0326 0.0308 0.0378 0.0454 0.1682 0.138 0.097 0.0584 0.04 0.0393 0.0436 0.151 0.1187 0.0838 0.0572 0.046 0.0454 0.134 0.1039 0.0764 0.0579 0.0507 0.1191 0.093 0.0725 0.0602 0.1078 0.087 0.0716 0.1003 0.0839 0.0961
3.000 -2.000 24 0.0605 0.0749 0.0435 0.1038 0.0512 0.0286 0.1425 0.0719 0.0301 0.0167 0.1768 0.1069 0.0426 0.0132 0.0108 0.1972 0.1443 0.0695 0.0219 0.0 0.014 0.2029 0.1658 0.1057 0.0435 0.0131 0.0105 0.0203 0.2039 0.1752 0.1311 0.0736 0.0307 0.016 0.0189 0.0262 0.1827 0.1466 0.1007 0.0533 0.0279 0.0222 0.0256 0.1559 0.1167 0.0762 0.0438 0.03 0.0281 0.1292 0.0929 0.0615 0.0411 0.0337 0.1064 0.0768 0.0542 0.0419 0.09 0.0676 0.0522 0.0799 0.0633 0.0745
5.000 -2.000 30 0.0599 0.0745 0.0458 0.1038 0.0552 0.0324 0.1469 0.0777 0.0384 0.0202 0.1856 0.1144 0.0526 0.0244 0.0094 0.2076 0.1529 0.0787 0.0343 0.014 0.0 0.2131 0.1746 0.1135 0.0531 0.0237 0.009 0.0079 0.2119 0.1816 0.1364 0.0791 0.0377 0.0189 0.0116 0.0145 0.1853 0.1474 0.101 0.0555 0.0302 0.0189 0.0166 0.1536 0.1136 0.074 0.0435 0.028 0.0216 0.1232 0.0876 0.0579 0.0384 0.0286 0.099 0.0707 0.0499 0.037 0.0823 0.0614 0.0466 0.0724 0.0568 0.0668
-6.000 -1.000 36 0.1779 0.1579 0.1948 0.1234 0.1781 0.2087 0.0816 0.1432 0.1958 0.2167 0.0459 0.0962 0.1633 0.2016 0.2155 0.0194 0.0562 0.1175 0.1781 0.2029 0.2131 0.0 0.0296 0.0753 0.1383 0.1829 0.1992 0.2083 0.0142 0.0177 0.0496 0.0969 0.1487 0.1772 0.1911 0.2007 0.0211 0.0377 0.0705 0.1128 0.1499 0.1707 0.184 0.0355 0.0581 0.0885 0.1226 0.1495 0.1669 0.0534 0.0763 0.1005 0.1267 0.1476 0.0716 0.0895 0.109 0.1297 0.0863 0.0995 0.1166 0.0968 0.1084 0.1055
-4.000 -1.000 30 0.1778 0.1585 0.1811 0.1211 0.1637 0.1826 0.0778 0.1253 0.1685 0.1819 0.0418 0.0762 0.1346 0.1665 0.1772 0.0248 0.0317 0.0885 0.1443 0.1658 0.1746 0.0296 0.0 0.0465 0.1085 0.1496 0.1636 0.1716 0.04 0.0223 0.0271 0.072 0.1218 0.1474 0.1594 0.1676 0.038 0.0325 0.0529 0.093 0.1273 0.1453 0.1564 0.0446 0.0509 0.0737 0.1066 0.1305 0.1449 0.0574 0.0677 0.0889 0.1134 0.1317 0.0714 0.081 0.0991 0.1184 0.0826 0.0912 0.1072 0.091 0.1001 0.0984
-2.000 -1.000 24 0.1595 0.1504 0.1453 0.1287 0.1317 0.1313 0.0972 0.1046 0.1167 0.1214 0.0757 0.065 0.0893 0.1086 0.1159 0.0709 0.0399 0.045 0.0883 0.1057 0.1135 0.0753 0.0465 0.0 0.058 0.0934 0.1051 0.1124 0.0821 0.0614 0.0325 0.0369 0.0768 0.097 0.1064 0.1133 0.0745 0.0543 0.0434 0.0643 0.0884 0.1006 0.1085 0.0712 0.0574 0.0618 0.0808 0.0949 0.1033 0.0724 0.0661 0.0764 0.0901 0.0999 0.0764 0.0762 0.0861 0.0968 0.081 0.0854 0.0942 0.0874 0.0925 0.0942
0.000 -1.000 18 0.117 0.1264 0.0914 0.134 0.0928 0.0711 0.1369 0.091 0.0637 0.0587 0.1369 0.0904 0.0508 0.0474 0.0536 0.137 0.0979 0.0408 0.0293 0.0435 0.0531 0.1383 0.1085 0.058 0.0 0.0326 0.0455 0.0546 0.1394 0.1164 0.0806 0.035 0.0267 0.0413 0.0506 0.0583 0.124 0.0966 0.0637 0.0399 0.0416 0.0488 0.0557 0.1099 0.0826 0.0598 0.0495 0.0506 0.0539 0.0978 0.0758 0.0617 0.0566 0.0562 0.0893 0.0738 0.0652 0.0612 0.0855 0.0741 0.0693 0.0839 0.0769 0.0843
2.000 -1.000 24 0.0805 0.0985 0.0596 0.1264 0.0674 0.0421 0.1569 0.0852 0.041 0.0296 0.1741 0.1111 0.0473 0.0219 0.0237 0.1814 0.1354 0.0662 0.0189 0.0131 0.0237 0.1829 0.1496 0.0934 0.0326 0.0 0.016 0.027 0.1793 0.1532 0.1128 0.0589 0.0179 0.0125 0.0225 0.0314 0.1558 0.1231 0.0821 0.0404 0.02 0.0215 0.0286 0.1335 0.0985 0.0618 0.0349 0.026 0.0286 0.1104 0.0788 0.0515 0.0356 0.0319 0.0918 0.0666 0.0479 0.0387 0.0793 0.0603 0.048 0.0722 0.0585 0.0689
4.000 -1.000 30 0.0687 0.0849 0.0521 0.1163 0.0611 0.0369 0.1567 0.0826 0.0403 0.0241 0.1858 0.1173 0.0527 0.0236 0.014 0.1979 0.1481 0.0766 0.0302 0.0105 0.009 0.1992 0.1636 0.1051 0.0455 0.016 0.0 0.0116 0.1934 0.1657 0.1236 0.0691 0.0287 0.0099 0.0085 0.0166 0.1651 0.1307 0.0885 0.0462 0.0214 0.0125 0.0153 0.1372 0.1005 0.0638 0.0348 0.0207 0.0177 0.1094 0.0768 0.0492 0.031 0.0233 0.0875 0.0619 0.0426 0.0312 0.073 0.054 0.0406 0.0647 0.0506 0.0605
6.000 -1.000 36 0.0679 0.0834 0.0537 0.1141 0.0637 0.0403 0.1573 0.0853 0.046 0.0281 0.1925 0.1222 0.0598 0.0318 0.0173 0.2074 0.1557 0.0841 0.04 0.0203 0.0079 0.2083 0.1716 0.1124 0.0546 0.027 0.0116 0.0 0.2012 0.1726 0.1302 0.0763 0.0379 0.019 0.0074 0.0066 0.1699 0.1351 0.0935 0.0527 0.0284 0.0153 0.0095 0.1388 0.1025 0.0671 0.0395 0.0238 0.0154 0.1093 0.078 0.0516 0.0333 0.0226 0.0869 0.0626 0.0436 0.0307 0.0725 0.0539 0.0397 0.0637 0.0492 0.0586
-7.000 0.000 42 0.1949 0.1716 0.214 0.1364 0.1928 0.2238 0.0945 0.1567 0.2084 0.2277 0.0596 0.1082 0.1753 0.2127 0.2235 0.0334 0.0683 0.126 0.1822 0.2039 0.2119 0.0142 0.04 0.0821 0.1394 0.1793 0.1934 0.2012 0.0 0.0211 0.0535 0.0969 0.1447 0.1706 0.1825 0.1906 0.0126 0.0357 0.0692 0.1077 0.1411 0.1596 0.1714 0.0266 0.0527 0.0822 0.1125 0.1361 0.1517 0.0427 0.0688 0.0925 0.1157 0.134 0.0598 0.0807 0.0995 0.1177 0.0744 0.0899 0.1055 0.0852 0.0984 0.0942
-5.000 0.000 36 0.1987 0.1772 0.2055 0.1397 0.1865 0.2067 0.0938 0.1485 0.1903 0.2019 0.0557 0.0973 0.1568 0.1869 0.1934 0.0296 0.0534 0.1062 0.157 0.1752 0.1816 0.0177 0.0223 0.0614 0.1164 0.1532 0.1657 0.1726 0.0211 0.0 0.0325 0.0758 0.1224 0.1465 0.1572 0.1647 0.0159 0.0198 0.0504 0.0887 0.1212 0.1385 0.1493 0.024 0.0399 0.0663 0.0961 0.1189 0.1335 0.0397 0.057 0.0786 0.1011 0.1187 0.0562 0.0703 0.087 0.1046 0.0699 0.08 0.0941 0.0796 0.0883 0.0874
-3.000 0.000 30 0.1986 0.18 0.1869 0.1484 0.1725 0.1725 0.106 0.1363 0.1585 0.1583 0.0702 0.0884 0.1252 0.1448 0.1465 0.0524 0.0465 0.0784 0.1177 0.1311 0.1364 0.0496 0.0271 0.0325 0.0806 0.1128 0.1236 0.1302 0.0535 0.0325 0.0 0.0434 0.0876 0.1092 0.1187 0.1256 0.0442 0.0228 0.0252 0.0605 0.0905 0.1058 0.1154 0.0404 0.0306 0.0454 0.0723 0.0925 0.105 0.0443 0.0443 0.0599 0.08 0.0949 0.0523 0.0562 0.0701 0.0855 0.0607 0.0657 0.0783 0.068 0.0743 0.0744
-1.000 0.000 24 0.1688 0.1728 0.1402 0.162 0.1385 0.1158 0.1387 0.1257 0.1071 0.0965 0.1151 0.0991 0.0889 0.0851 0.0845 0.1013 0.078 0.058 0.0662 0.0736 0.0791 0.0969 0.072 0.0369 0.035 0.0589 0.0691 0.0763 0.0969 0.0758 0.0434 0.0 0.0399 0.0589 0.0681 0.0752 0.0828 0.057 0.0275 0.0269 0.0492 0.0617 0.0699 0.0707 0.0464 0.0333 0.0434 0.0564 0.0655 0.0625 0.0457 0.0446 0.0536 0.0614 0.0591 0.0502 0.0539 0.0602 0.0595 0.057 0.0607 0.0622 0.0639 0.0675
1.000 0.000 24 0.1169 0.1355 0.0893 0.1578 0.0981 0.0658 0.1687 0.1095 0.0652 0.0497 0.1666 0.1183 0.065 0.0419 0.0408 0.1554 0.1219 0.0676 0.0326 0.0307 0.0377 0.1487 0.1218 0.0768 0.0267 0.0179 0.0287 0.0379 0.1447 0.1224 0.0876 0.0399 0.0 0.02 0.0311 0.0396 0.1233 0.0944 0.0584 0.0219 0.0158 0.0265 0.0354 0.1025 0.0719 0.0423 0.0239 0.0256 0.0329 0.0844 0.0576 0.038 0.0304 0.0331 0.0707 0.0511 0.0393 0.0367 0.0628 0.0498 0.0432 0.06 0.0512 0.06
3.000 0.000 30 0.0849 0.105 0.064 0.1375 0.0749 0.0466 0.1703 0.0963 0.0487 0.033 0.187 0.1238 0.0587 0.0293 0.0234 0.1838 0.1426 0.0772 0.0308 0.016 0.0189 0.1772 0.1474 0.097 0.0413 0.0125 0.0099 0.019 0.1706 0.1465 0.1092 0.0589 0.02 0.0 0.0125 0.0217 0.1437 0.1128 0.0748 0.0355 0.0116 0.0093 0.0178 0.1171 0.0842 0.0515 0.0251 0.0139 0.0166 0.0936 0.0644 0.0391 0.0234 0.0194 0.0748 0.0519 0.0345 0.0259 0.0627 0.0459 0.0345 0.0563 0.0441 0.0537
5.000 0.000 36 0.0754 0.0928 0.0591 0.126 0.0691 0.0442 0.1668 0.0916 0.0482 0.0311 0.1938 0.1247 0.0599 0.0319 0.0201 0.1972 0.1517 0.0832 0.0378 0.0189 0.0116 0.1911 0.1594 0.1064 0.0506 0.0225 0.0085 0.0074 0.1825 0.1572 0.1187 0.0681 0.0311 0.0125 0.0 0.0095 0.1526 0.1209 0.0829 0.0445 0.0209 0.0079 0.0069 0.123 0.0901 0.0579 0.0318 0.0165 0.01 0.097 0.0682 0.0435 0.026 0.0165 0.0768 0.0543 0.0363 0.0245 0.0638 0.0466 0.0335 0.0563 0.0429 0.0521
7.000 0.000 42 0.0746 0.0904 0.0602 0.1226 0.0706 0.0469 0.1658 0.0927 0.0526 0.0347 0.1984 0.1273 0.0649 0.0379 0.0239 0.2063 0.1583 0.089 0.0454 0.0262 0.0145 0.2007 0.1676 0.1133 0.0583 0.0314 0.0166 0.0066 0.1906 0.1647 0.1256 0.0752 0.0396 0.0217 0.0095 0.0 0.1586 0.1268 0.0891 0.0518 0.0291 0.0154 0.0061 0.1274 0.095 0.0637 0.0384 0.0227 0.0124 0.1003 0.0723 0.0485 0.0309 0.0194 0.0798 0.058 0.0401 0.027 0.0665 0.0494 0.0353 0.0583 0.0441 0.0529
-6.000 1.000 36 0.215 0.1892 0.2252 0.1509 0.2017 0.2262 0.1051 0.1629 0.205 0.2144 0.0672 0.1113 0.1701 0.1972 0.2006 0.0397 0.0685 0.1189 0.1682 0.1827 0.1853 0.0211 0.038 0.0745 0.124 0.1558 0.1651 0.1699 0.0126 0.0159 0.0442 0.0828 0.1233 0.1437 0.1526 0.1586 0.0 0.024 0.0558 0.0902 0.1192 0.1342 0.1433 0.0142 0.0391 0.0668 0.0938 0.114 0.1269 0.0304 0.0538 0.0755 0.0959 0.1116 0.0471 0.0662 0.0831 0.0992 0.0617 0.0752 0.0892 0.0722 0.083 0.0804
-4.000 1.000 30 0.2188 0.1991 0.2118 0.1599 0.1946 0.1976 0.1136 0.1577 0.182 0.1797 0.0745 0.1057 0.1495 0.1643 0.1622 0.0496 0.0613 0.0997 0.138 0.1466 0.1474 0.0377 0.0325 0.0543 0.0966 0.1231 0.1307 0.1351 0.0357 0.0198 0.0228 0.057 0.0944 0.1128 0.1209 0.1268 0.024 0.0 0.0306 0.0643 0.0921 0.106 0.1145 0.0178 0.0196 0.0439 0.0703 0.0896 0.1017 0.0255 0.0362 0.0549 0.0746 0.0895 0.0389 0.0487 0.0636 0.0789 0.0507 0.0585 0.0709 0.0596 0.0668 0.067
-2.000 1.000 24 0.2074 0.2017 0.1837 0.1783 0.1742 0.1553 0.1371 0.1511 0.1468 0.1309 0.1004 0.1102 0.1212 0.1197 0.113 0.0789 0.0722 0.0819 0.097 0.1007 0.101 0.0705 0.0529 0.0434 0.0637 0.0821 0.0885 0.0935 0.0692 0.0504 0.0252 0.0275 0.0584 0.0748 0.0829 0.0891 0.0558 0.0306 0.0 0.0333 0.0592 0.072 0.0802 0.0435 0.0197 0.02 0.0434 0.0609 0.0719 0.0367 0.0247 0.0344 0.0511 0.0641 0.0371 0.0345 0.045 0.0573 0.0414 0.0438 0.0531 0.0475 0.0517 0.0541
0.000 1.000 18 0.1652 0.1796 0.1296 0.1839 0.1389 0.0992 0.1719 0.139 0.0988 0.0774 0.1467 0.1258 0.0934 0.0699 0.0632 0.1257 0.1065 0.078 0.0584 0.0533 0.0555 0.1128 0.093 0.0643 0.0399 0.0404 0.0462 0.0527 0.1077 0.0887 0.0605 0.0269 0.0219 0.0355 0.0445 0.0518 0.0902 0.0643 0.0333 0.0 0.0239 0.0366 0.0453 0.0724 0.0448 0.0196 0.017 0.0305 0.0404 0.0574 0.0345 0.0227 0.0279 0.037 0.0478 0.0332 0.0305 0.036 0.0442 0.0367 0.038 0.045 0.0424 0.0481
2.000 1.000 24 0.1121 0.1376 0.0854 0.1667 0.0985 0.0633 0.1837 0.1185 0.066 0.0467 0.18 0.1335 0.0731 0.0425 0.0359 0.1654 0.1361 0.082 0.04 0.0279 0.0302 0.1499 0.1273 0.0884 0.0416 0.02 0.0214 0.0284 0.1411 0.1212 0.0905 0.0492 0.0158 0.0116 0.0209 0.0291 0.1192 0.0921 0.0592 0.0239 0.0 0.0139 0.0236 0.0957 0.0664 0.0374 0.0134 0.0105 0.0195 0.0749 0.0487 0.0271 0.0157 0.0184 0.0595 0.0392 0.0255 0.0216 0.0502 0.036 0.0282 0.0461 0.0367 0.0455
4.000 1.000 30 0.0881 0.1094 0.0685 0.1448 0.08 0.0513 0.1791 0.1036 0.0549 0.0374 0.1924 0.1318 0.0658 0.036 0.0266 0.1855 0.1478 0.0836 0.0393 0.0222 0.0189 0.1707 0.1453 0.1006 0.0488 0.0215 0.0125 0.0153 0.1596 0.1385 0.1058 0.0617 0.0265 0.0093 0.0079 0.0154 0.1342 0.106 0.072 0.0366 0.0139 0.0 0.01 0.1074 0.0776 0.0483 0.0236 0.0086 0.0074 0.0838 0.0574 0.0348 0.0182 0.0109 0.0662 0.0453 0.0284 0.0182 0.0547 0.0387 0.0268 0.0483 0.0361 0.0452
6.000 1.000 36 0.0811 0.0991 0.0648 0.1333 0.0755 0.0501 0.1748 0.0988 0.0547 0.0371 0.1981 0.1315 0.0668 0.0384 0.0259 0.1973 0.1545 0.0872 0.0436 0.0256 0.0166 0.184 0.1564 0.1085 0.0557 0.0286 0.0153 0.0095 0.1714 0.1493 0.1154 0.0699 0.0354 0.0178 0.0069 0.0061 0.1433 0.1145 0.0802 0.0453 0.0236 0.01 0.0 0.1147 0.0849 0.0561 0.0321 0.0166 0.0064 0.0898 0.064 0.0417 0.0247 0.0134 0.0713 0.0508 0.0336 0.021 0.0592 0.0428 0.0294 0.0516 0.0382 0.0468
-5.000 2.000 30 0.2319 0.2095 0.2325 0.1698 0.2102 0.2187 0.1215 0.1715 0.1989 0.1974 0.0814 0.1188 0.1653 0.1783 0.1728 0.0535 0.0751 0.1152 0.151 0.1559 0.1536 0.0355 0.0446 0.0712 0.1099 0.1335 0.1372 0.1388 0.0266 0.024 0.0404 0.0707 0.1025 0.1171 0.123 0.1274 0.0142 0.0178 0.0435 0.0724 0.0957 0.1074 0.1147 0.0 0.0255 0.0509 0.0744 0.0916 0.1022 0.0161 0.0381 0.0581 0.0763 0.0899 0.0324 0.0491 0.0647 0.0793 0.0461 0.0584 0.0712 0.0567 0.0662 0.0647
-3.000 2.000 24 0.2319 0.2154 0.2095 0.1828 0.1989 0.181 0.1366 0.1662 0.1703 0.1531 0.0964 0.1189 0.1438 0.1407 0.1302 0.0713 0.0763 0.0993 0.1187 0.1167 0.1136 0.0581 0.0509 0.0574 0.0826 0.0985 0.1005 0.1025 0.0527 0.0399 0.0306 0.0464 0.0719 0.0842 0.0901 0.095 0.0391 0.0196 0.0197 0.0448 0.0664 0.0776 0.0849 0.0255 0.0 0.0247 0.048 0.0646 0.075 0.0174 0.0163 0.0342 0.052 0.0652 0.0227 0.0288 0.0427 0.0566 0.0322 0.0387 0.0501 0.0405 0.047 0.0477
-1.000 2.000 18 0.2055 0.2132 0.1678 0.1987 0.1724 0.1343 0.1638 0.1623 0.1307 0.1057 0.127 0.1302 0.1192 0.0988 0.0861 0.1012 0.0954 0.0915 0.0838 0.0762 0.074 0.0885 0.0737 0.0618 0.0598 0.0618 0.0638 0.0671 0.0822 0.0663 0.0454 0.0333 0.0423 0.0515 0.0579 0.0637 0.0668 0.0439 0.02 0.0196 0.0374 0.0483 0.0561 0.0509 0.0247 0.0 0.0227 0.0386 0.0487 0.0367 0.0152 0.0146 0.0299 0.0421 0.0291 0.0189 0.0255 0.0369 0.0287 0.0268 0.0343 0.0325 0.0349 0.0383
1.000 2.000 18 0.1515 0.1754 0.1169 0.195 0.1312 0.087 0.1893 0.1435 0.0915 0.0655 0.1645 0.1416 0.0944 0.0617 0.0517 0.139 0.1245 0.0906 0.0572 0.0438 0.0435 0.1226 0.1066 0.0808 0.0495 0.0349 0.0348 0.0395 0.1125 0.0961 0.0723 0.0434 0.0239 0.0251 0.0318 0.0384 0.0938 0.0703 0.0434 0.017 0.0134 0.0236 0.0321 0.0744 0.048 0.0227 0.0 0.0157 0.0261 0.0562 0.0325 0.0134 0.0114 0.0216 0.043 0.0252 0.0162 0.02 0.036 0.025 0.0228 0.0344 0.0287 0.0361
3.000 2.000 24 0.109 0.1354 0.0835 0.17 0.0986 0.0629 0.1915 0.1219 0.0673 0.0472 0.1865 0.1409 0.0775 0.0449 0.0356 0.1672 0.1421 0.0892 0.046 0.03 0.028 0.1495 0.1305 0.0949 0.0506 0.026 0.0207 0.0238 0.1361 0.1189 0.0925 0.0564 0.0256 0.0139 0.0165 0.0227 0.114 0.0896 0.0609 0.0305 0.0105 0.0086 0.0166 0.0916 0.0646 0.0386 0.0157 0.0 0.0109 0.0705 0.0464 0.0254 0.0096 0.0081 0.0546 0.0352 0.0197 0.012 0.0447 0.0298 0.0198 0.0394 0.0286 0.0375
5.000 2.000 30 0.0912 0.1133 0.0723 0.1503 0.0845 0.0558 0.1861 0.1093 0.0601 0.0419 0.1962 0.1381 0.072 0.0417 0.0305 0.1841 0.1511 0.0899 0.0454 0.0281 0.0216 0.1669 0.1449 0.1033 0.0539 0.0286 0.0177 0.0154 0.1517 0.1335 0.105 0.0655 0.0329 0.0166 0.01 0.0124 0.1269 0.1017 0.0719 0.0404 0.0195 0.0074 0.0064 0.1022 0.075 0.0487 0.0261 0.0109 0.0 0.0796 0.0557 0.0348 0.0182 0.007 0.0627 0.0433 0.0269 0.0147 0.0516 0.0359 0.0231 0.0446 0.0319 0.0404
-4.000 3.000 24 0.2459 0.2275 0.2284 0.1883 0.2145 0.2032 0.14 0.1798 0.1884 0.1719 0.0991 0.1294 0.1598 0.1569 0.1446 0.0715 0.0858 0.1136 0.134 0.1292 0.1232 0.0534 0.0574 0.0724 0.0978 0.1104 0.1094 0.1093 0.0427 0.0397 0.0443 0.0625 0.0844 0.0936 0.097 0.1003 0.0304 0.0255 0.0367 0.0574 0.0749 0.0838 0.0898 0.0161 0.0174 0.0367 0.0562 0.0705 0.0796 0.0 0.0227 0.0411 0.0575 0.0696 0.0159 0.032 0.047 0.0605 0.0291 0.0406 0.0532 0.0392 0.0483 0.0471
-2.000 3.000 18 0.2304 0.2276 0.1979 0.2026 0.1941 0.1598 0.1572 0.1742 0.1563 0.1271 0.1159 0.1326 0.1375 0.1194 0.1032 0.0905 0.0921 0.1027 0.1039 0.0929 0.0876 0.0763 0.0677 0.0661 0.0758 0.0788 0.0768 0.078 0.0688 0.057 0.0443 0.0457 0.0576 0.0644 0.0682 0.0723 0.0538 0.0362 0.0247 0.0345 0.0487 0.0574 0.064 0.0381 0.0163 0.0152 0.0325 0.0464 0.0557 0.0227 0.0 0.0189 0.0354 0.0475 0.0143 0.0126 0.0265 0.0399 0.0178 0.0228 0.0342 0.0251 0.0315 0.0325
0.000 3.000 12 0.1924 0.2095 0.15 0.2095 0.164 0.1135 0.184 0.1648 0.1178 0.0872 0.1454 0.1441 0.1162 0.0829 0.069 0.1163 0.1125 0.0996 0.0764 0.0615 0.0579 0.1005 0.0889 0.0764 0.0617 0.0515 0.0492 0.0516 0.0925 0.0786 0.0599 0.0446 0.038 0.0391 0.0435 0.0485 0.0755 0.0549 0.0344 0.0227 0.0271 0.0348 0.0417 0.0581 0.0342 0.0146 0.0134 0.0254 0.0348 0.0411 0.0189 0.0 0.0162 0.0281 0.0286 0.0118 0.0111 0.0226 0.0228 0.0151 0.0202 0.0232 0.0222 0.0273
2.000 3.000 18 0.1384 0.1691 0.1061 0.1961 0.1236 0.0799 0.1982 0.1441 0.0856 0.0603 0.1743 0.149 0.0944 0.0585 0.047 0.1459 0.1339 0.0968 0.0579 0.0411 0.0384 0.1267 0.1134 0.0901 0.0566 0.0356 0.031 0.0333 0.1157 0.1011 0.08 0.0536 0.0304 0.0234 0.026 0.0309 0.0959 0.0746 0.0511 0.0279 0.0157 0.0182 0.0247 0.0763 0.052 0.0299 0.0114 0.0096 0.0182 0.0575 0.0354 0.0162 0.0 0.012 0.0429 0.0247 0.0101 0.0089 0.0337 0.02 0.0129 0.0294 0.0206 0.0289
4.000 3.000 24 0.1071 0.1342 0.0839 0.1725 0.099 0.0644 0.1974 0.1246 0.0695 0.0492 0.1921 0.1462 0.0814 0.0484 0.0374 0.1681 0.1466 0.095 0.0507 0.0337 0.0286 0.1476 0.1317 0.0999 0.0562 0.0319 0.0233 0.0226 0.134 0.1187 0.0949 0.0614 0.0331 0.0194 0.0165 0.0194 0.1116 0.0895 0.0641 0.037 0.0184 0.0109 0.0134 0.0899 0.0652 0.0421 0.0216 0.0081 0.007 0.0696 0.0475 0.0281 0.012 0.0 0.054 0.0357 0.0198 0.0077 0.0434 0.0284 0.0161 0.037 0.0248 0.0334
-3.000 4.000 18 0.25 0.237 0.2185 0.2046 0.2128 0.1802 0.1568 0.1846 0.1745 0.1459 0.1159 0.1387 0.1534 0.136 0.118 0.089 0.0967 0.1147 0.1191 0.1064 0.099 0.0716 0.0714 0.0764 0.0893 0.0918 0.0875 0.0869 0.0598 0.0562 0.0523 0.0591 0.0707 0.0748 0.0768 0.0798 0.0471 0.0389 0.0371 0.0478 0.0595 0.0662 0.0713 0.0324 0.0227 0.0291 0.043 0.0546 0.0627 0.0159 0.0143 0.0286 0.0429 0.054 0.0 0.0178 0.0324 0.0454 0.013 0.0253 0.038 0.0231 0.033 0.0313
-1.000 4.000 12 0.2216 0.2313 0.1781 0.2147 0.187 0.1387 0.174 0.1783 0.14 0.1063 0.1321 0.1441 0.1329 0.1027 0.0844 0.1045 0.1056 0.1067 0.093 0.0768 0.0707 0.0895 0.081 0.0762 0.0738 0.0666 0.0619 0.0626 0.0807 0.0703 0.0562 0.0502 0.0511 0.0519 0.0543 0.058 0.0662 0.0487 0.0345 0.0332 0.0392 0.0453 0.0508 0.0491 0.0288 0.0189 0.0252 0.0352 0.0433 0.032 0.0126 0.0118 0.0247 0.0357 0.0178 0.0 0.0151 0.0282 0.0112 0.0103 0.022 0.0143 0.0192 0.021
1.000 4.000 12 0.1738 0.2006 0.134 0.215 0.1519 0.1001 0.1959 0.1639 0.1076 0.076 0.1581 0.1528 0.1124 0.0746 0.0602 0.1268 0.124 0.1053 0.0725 0.0542 0.0499 0.109 0.0991 0.0861 0.0652 0.0479 0.0426 0.0436 0.0995 0.087 0.0701 0.0539 0.0393 0.0345 0.0363 0.0401 0.0831 0.0636 0.045 0.0305 0.0255 0.0284 0.0336 0.0647 0.0427 0.0255 0.0162 0.0197 0.0269 0.047 0.0265 0.0111 0.0101 0.0198 0.0324 0.0151 0.0 0.0129 0.0232 0.0099 0.0092 0.0192 0.013 0.0201
3.000 4.000 18 0.1305 0.1621 0.1003 0.1956 0.1193 0.0768 0.2046 0.1434 0.0834 0.0592 0.1819 0.1539 0.0946 0.0583 0.0463 0.1516 0.1404 0.1017 0.0602 0.0419 0.037 0.1297 0.1184 0.0968 0.0612 0.0387 0.0312 0.0307 0.1177 0.1046 0.0855 0.0602 0.0367 0.0259 0.0245 0.027 0.0992 0.0789 0.0573 0.036 0.0216 0.0182 0.021 0.0793 0.0566 0.0369 0.02 0.012 0.0147 0.0605 0.0399 0.0226 0.0089 0.0077 0.0454 0.0282 0.0129 0.0 0.0351 0.0205 0.0083 0.0286 0.0169 0.0254
-2.000 5.000 12 0.2422 0.2423 0.2028 0.2168 0.2045 0.1591 0.1704 0.1874 0.1599 0.123 0.1289 0.1462 0.1469 0.1187 0.0985 0.1029 0.1066 0.1155 0.1078 0.09 0.0823 0.0863 0.0826 0.081 0.0855 0.0793 0.073 0.0725 0.0744 0.0699 0.0607 0.0595 0.0628 0.0627 0.0638 0.0665 0.0617 0.0507 0.0414 0.0442 0.0502 0.0547 0.0592 0.0461 0.0322 0.0287 0.036 0.0447 0.0516 0.0291 0.0178 0.0228 0.0337 0.0434 0.013 0.0112 0.0232 0.0351 0.0 0.0143 0.0272 0.0102 0.0211 0.0186
0.000 5.000 6 0.2068 0.2258 0.1605 0.2221 0.1772 0.1208 0.188 0.1784 0.128 0.0926 0.1447 0.1534 0.1284 0.0908 0.0735 0.1153 0.1163 0.1115 0.087 0.0676 0.0614 0.0995 0.0912 0.0854 0.0741 0.0603 0.054 0.0539 0.0899 0.08 0.0657 0.057 0.0498 0.0459 0.0466 0.0494 0.0752 0.0585 0.0438 0.0367 0.036 0.0387 0.0428 0.0584 0.0387 0.0268 0.025 0.0298 0.0359 0.0406 0.0228 0.0151 0.02 0.0284 0.0253 0.0103 0.0099 0.0205 0.0143 0.0 0.013 0.0093 0.009 0.0124
2.000 5.000 12 0.1589 0.1925 0.1219 0.2152 0.1427 0.0926 0.2042 0.1622 0.1006 0.0713 0.1683 0.1588 0.1104 0.0709 0.0567 0.1355 0.1329 0.1086 0.0716 0.0522 0.0466 0.1166 0.1072 0.0942 0.0693 0.048 0.0406 0.0397 0.1055 0.0941 0.0783 0.0607 0.0432 0.0345 0.0335 0.0353 0.0892 0.0709 0.0531 0.038 0.0282 0.0268 0.0294 0.0712 0.0501 0.0343 0.0228 0.0198 0.0231 0.0532 0.0342 0.0202 0.0129 0.0161 0.038 0.022 0.0092 0.0083 0.0272 0.013 0.0 0.0201 0.0085 0.0169
-1.000 6.000 6 0.2312 0.2425 0.1839 0.2249 0.1961 0.1412 0.1817 0.1885 0.1461 0.1079 0.1391 0.1539 0.1419 0.1064 0.0859 0.1127 0.1151 0.1171 0.1003 0.0799 0.0724 0.0968 0.091 0.0874 0.0839 0.0722 0.0647 0.0637 0.0852 0.0796 0.068 0.0622 0.06 0.0563 0.0563 0.0583 0.0722 0.0596 0.0475 0.045 0.0461 0.0483 0.0516 0.0567 0.0405 0.0325 0.0344 0.0394 0.0446 0.0392 0.0251 0.0232 0.0294 0.037 0.0231 0.0143 0.0192 0.0286 0.0102 0.0093 0.0201 0.0 0.0124 0.0085
1.000 6.000 6 0.1897 0.2179 0.1461 0.227 0.1664 0.1099 0.1987 0.1776 0.1191 0.0846 0.1556 0.1602 0.1251 0.0847 0.068 0.1248 0.126 0.116 0.0839 0.0633 0.0568 0.1084 0.1001 0.0925 0.0769 0.0585 0.0506 0.0492 0.0984 0.0883 0.0743 0.0639 0.0512 0.0441 0.0429 0.0441 0.083 0.0668 0.0517 0.0424 0.0367 0.0361 0.0382 0.0662 0.047 0.0349 0.0287 0.0286 0.0319 0.0483 0.0315 0.0222 0.0206 0.0248 0.033 0.0192 0.013 0.0169 0.0211 0.009 0.0085 0.0124 0.0 0.0083
0.000 7.000 0 0.2176 0.2377 0.1687 0.2311 0.1872 0.1274 0.1922 0.1887 0.1364 0.0984 0.1483 0.1612 0.138 0.0982 0.0792 0.1208 0.1224 0.1211 0.0961 0.0745 0.0668 0.1055 0.0984 0.0942 0.0843 0.0689 0.0605 0.0586 0.0942 0.0874 0.0744 0.0675 0.06 0.0537 0.0521 0.0529 0.0804 0.067 0.0541 0.0481 0.0455 0.0452 0.0468 0.0647 0.0477 0.0383 0.0361 0.0375 0.0404 0.0471 0.0325 0.0273 0.0289 0.0334 0.0313 0.021 0.0201 0.0254 0.0186 0.0124 0.0169 0.0085 0.0083 0.0