n 102
m 4
tmax 25.0
Vmax 1.6
Vmin 1.4
kappa 1
dmax 30.0
35.000 35.000 0 0.0 0.038 0.0787 0.0066 0.1194 0.0317 0.0275 0.0393 0.02 0.0324 0.0242 0.0255 0.051 0.0134 0.0113 0.0188 0.1109 0.0394 0.0187 0.0513 0.021 0.0096 0.0276 0.0369 0.0161 0.0292 0.0401 0.0462 0.0193 0.0029 0.0054 0.0254 0.0247 0.0209 0.027 0.0434 0.0295 0.0618 0.0111 0.0052 0.079 0.0103 0.0383 0.0358 0.0776 0.0629 0.1295 0.056 0.055 0.0587 0.0111 0.0166 0.0198 0.0277 0.0424 0.0084 0.0239 0.0127 0.0185 0.0132 0.0244 0.0094 0.0185 0.0125 0.019 0.0426 0.028 0.0785 0.045 0.1045 0.1701 0.0689 0.0419 0.0347 0.022 0.0165 0.044 0.0203 0.0265 0.0464 0.0392 0.0052 0.1595 0.0789 0.0222 0.0291 0.0575 0.0826 0.0053 0.0138 0.0401 0.0487 0.0232 0.0365 0.0608 0.0131 0.0274 0.0261 0.0183 0.0228 0.0221 0.0
15.000 30.000 26 0.038 0.0 0.0686 0.0527 0.0765 0.0582 0.0661 0.0667 0.0149 0.0698 0.0634 0.0206 0.0348 0.0251 0.0214 0.052 0.1037 0.0814 0.0941 0.0986 0.0595 0.0233 0.0281 0.0295 0.0437 0.0824 0.0434 0.0486 0.0508 0.0377 0.0428 0.0583 0.1093 0.0581 0.0615 0.0543 0.0329 0.0385 0.0452 0.036 0.1249 0.028 0.0209 0.086 0.112 0.0862 0.0818 0.0928 0.053 0.052 0.046 0.0509 0.0525 0.0762 0.0404 0.0316 0.0155 0.0196 0.0149 0.021 0.0205 0.0428 0.0298 0.0225 0.078 0.0439 0.0345 0.0303 0.0702 0.149 0.1711 0.1049 0.0897 0.0529 0.0174 0.0328 0.049 0.0275 0.0309 0.0446 0.0741 0.0408 0.1877 0.0588 0.0316 0.0243 0.1242 0.114 0.0391 0.0513 0.0445 0.0475 0.0568 0.0755 0.0165 0.0639 0.1271 0.025 0.0169 0.017 0.0135 0.038
55.000 5.000 29 0.0787 0.0686 0.0 0.1038 0.0143 0.0991 0.0934 0.1069 0.0567 0.1741 0.1931 0.0615 0.0733 0.048 0.0491 0.1853 0.032 0.1989 0.1219 0.1386 0.1335 0.0472 0.0527 0.066 0.0737 0.1009 0.0355 0.0218 0.0954 0.0926 0.1074 0.1628 0.1635 0.179 0.2254 0.0527 0.0587 0.113 0.1455 0.0707 0.1106 0.0513 0.068 0.1211 0.25 0.2034 0.0185 0.2167 0.0205 0.0156 0.1462 0.1676 0.2038 0.0916 0.0936 0.0613 0.0602 0.0501 0.0547 0.051 0.0593 0.1311 0.0394 0.052 0.0881 0.1062 0.0357 0.0898 0.1873 0.1235 0.0301 0.1928 0.2363 0.1041 0.0583 0.0539 0.0253 0.0508 0.0336 0.116 0.1762 0.0774 0.0431 0.0125 0.0446 0.0706 0.1524 0.1752 0.1133 0.1367 0.0258 0.0204 0.2259 0.1652 0.0848 0.0962 0.1424 0.061 0.0554 0.0595 0.058 0.0787
31.000 52.000 27 0.0066 0.0527 0.1038 0.0 0.1451 0.0336 0.0298 0.0525 0.0366 0.0321 0.0441 0.043 0.0995 0.0196 0.0189 0.0297 0.1163 0.046 0.0144 0.0488 0.019 0.0151 0.0462 0.0747 0.021 0.0352 0.0504 0.0567 0.0211 0.0043 0.0076 0.0124 0.0198 0.0394 0.0524 0.0792 0.0547 0.0513 0.0205 0.0115 0.0642 0.0167 0.07 0.0295 0.0652 0.0386 0.1637 0.0463 0.0686 0.0755 0.0169 0.0242 0.0365 0.0298 0.0494 0.0109 0.0396 0.0233 0.0321 0.0244 0.0428 0.0099 0.0238 0.0193 0.0227 0.0385 0.0308 0.0831 0.024 0.0943 0.1487 0.0582 0.0544 0.0363 0.0406 0.0234 0.051 0.0333 0.0401 0.037 0.0355 0.0066 0.1346 0.102 0.0263 0.0338 0.0524 0.081 0.0044 0.006 0.0503 0.0613 0.0461 0.0343 0.0756 0.0095 0.0274 0.0448 0.0352 0.0407 0.0368 0.0066
60.000 12.000 31 0.1194 0.0765 0.0143 0.1451 0.0 0.1439 0.1399 0.1648 0.0566 0.163 0.1928 0.055 0.0628 0.0386 0.0615 0.1812 0.0255 0.1999 0.1608 0.1885 0.14 0.0589 0.0503 0.0555 0.1124 0.1564 0.0419 0.0171 0.1175 0.1339 0.1379 0.1857 0.1948 0.1839 0.1851 0.0615 0.0506 0.1309 0.1579 0.1052 0.096 0.0726 0.0634 0.1678 0.2242 0.2143 0.0147 0.2113 0.0143 0.0102 0.1549 0.1689 0.1924 0.1341 0.1164 0.0976 0.0582 0.0537 0.0621 0.0476 0.0473 0.1539 0.0312 0.0721 0.1386 0.1344 0.0441 0.0936 0.201 0.097 0.0176 0.1579 0.2027 0.146 0.0496 0.074 0.0282 0.0426 0.047 0.1422 0.1874 0.1254 0.0294 0.0052 0.0352 0.0913 0.1891 0.2236 0.1459 0.1659 0.0219 0.0124 0.1963 0.1532 0.0927 0.1438 0.1792 0.0497 0.052 0.0523 0.0612 0.1194
8.000 56.000 27 0.0317 0.0582 0.0991 0.0336 0.1439 0.0 0.0048 0.008 0.0779 0.0523 0.083 0.0783 0.0364 0.0787 0.0631 0.0573 0.1386 0.0811 0.0392 0.0104 0.0396 0.0587 0.0752 0.0781 0.0301 0.0046 0.0708 0.0796 0.0463 0.0269 0.0298 0.0528 0.0477 0.077 0.0924 0.0433 0.0945 0.0107 0.0493 0.0392 0.0879 0.0492 0.0634 0.0127 0.1044 0.0791 0.1508 0.0805 0.0828 0.0839 0.0391 0.048 0.0701 0.0084 0.0241 0.0386 0.082 0.0722 0.0694 0.0788 0.084 0.0409 0.0669 0.056 0.0102 0.0133 0.0978 0.0247 0.0622 0.1134 0.1847 0.0844 0.0871 0.0025 0.0845 0.0519 0.0866 0.0947 0.0967 0.0043 0.0725 0.0248 0.1673 0.1004 0.0828 0.0524 0.027 0.0381 0.0317 0.0456 0.0717 0.0779 0.0853 0.0534 0.0448 0.0206 0.0394 0.0744 0.0801 0.0838 0.0762 0.0317
13.000 52.000 36 0.0275 0.0661 0.0934 0.0298 0.1399 0.0048 0.0 0.0136 0.0717 0.046 0.0746 0.0922 0.0504 0.0672 0.054 0.0475 0.1348 0.0778 0.0417 0.0081 0.0358 0.0498 0.0906 0.0656 0.0253 0.0035 0.0654 0.0713 0.0426 0.0231 0.026 0.0504 0.0567 0.0676 0.0837 0.0737 0.068 0.0158 0.0414 0.0345 0.0853 0.0427 0.0524 0.0125 0.107 0.0836 0.147 0.0803 0.0771 0.0777 0.0327 0.04 0.0588 0.0037 0.0218 0.0326 0.0865 0.0624 0.0612 0.0687 0.0935 0.0344 0.0567 0.0478 0.0068 0.0087 0.0855 0.0335 0.0629 0.1078 0.1828 0.0752 0.0858 0.0072 0.0834 0.0463 0.0759 0.0883 0.1 0.0077 0.0678 0.0209 0.1658 0.0956 0.0701 0.0544 0.028 0.0378 0.0267 0.0411 0.0652 0.0711 0.0745 0.0481 0.0308 0.018 0.0471 0.0896 0.0728 0.0863 0.0717 0.0275
6.000 68.000 30 0.0393 0.0667 0.1069 0.0525 0.1648 0.008 0.0136 0.0 0.0853 0.089 0.1052 0.0872 0.0414 0.0794 0.0646 0.0965 0.1491 0.0981 0.0564 0.0287 0.0628 0.0582 0.0821 0.0767 0.0368 0.014 0.0753 0.0782 0.0566 0.0403 0.0459 0.0719 0.0709 0.1042 0.11 0.0479 0.0959 0.0166 0.0818 0.0442 0.1064 0.05 0.0695 0.0263 0.1184 0.1122 0.1792 0.1026 0.0877 0.0883 0.0717 0.0858 0.1061 0.0169 0.0323 0.0422 0.0919 0.0749 0.0745 0.0822 0.094 0.0678 0.0641 0.0582 0.0187 0.0203 0.101 0.0301 0.083 0.152 0.1913 0.1251 0.1077 0.005 0.094 0.0545 0.0824 0.1031 0.108 0.0094 0.0913 0.0337 0.1768 0.1124 0.0812 0.0619 0.0533 0.0208 0.0546 0.0665 0.0736 0.0798 0.1105 0.0874 0.0503 0.0336 0.0627 0.082 0.087 0.0938 0.0843 0.0393
21.000 24.000 28 0.02 0.0149 0.0567 0.0366 0.0566 0.0779 0.0717 0.0853 0.0 0.0592 0.0446 0.004 0.0245 0.0113 0.0082 0.041 0.0838 0.0623 0.0689 0.0527 0.0437 0.0088 0.009 0.013 0.0263 0.0626 0.0304 0.0357 0.0327 0.0235 0.0251 0.0423 0.0645 0.0411 0.0478 0.0263 0.01 0.0574 0.031 0.0167 0.1171 0.0119 0.012 0.0671 0.1016 0.073 0.0686 0.0794 0.0407 0.0391 0.032 0.0388 0.0411 0.0661 0.0494 0.0221 0.0025 0.0056 0.0042 0.0069 0.0055 0.0294 0.0168 0.0115 0.0386 0.0645 0.022 0.0358 0.0578 0.1508 0.1386 0.1035 0.0652 0.0767 0.0042 0.0164 0.0357 0.0166 0.0236 0.0667 0.0598 0.0331 0.1569 0.0443 0.0178 0.0201 0.1188 0.086 0.0262 0.0347 0.0331 0.0346 0.044 0.0646 0.0299 0.0515 0.095 0.0056 0.0028 0.0032 0.0024 0.02
56.000 39.000 36 0.0324 0.0698 0.1741 0.0321 0.163 0.0523 0.046 0.089 0.0592 0.0 0.0248 0.0636 0.0837 0.0746 0.0515 0.0169 0.1378 0.0308 0.051 0.085 0.0224 0.0564 0.0834 0.0719 0.0354 0.0652 0.1125 0.1497 0.0447 0.0242 0.0257 0.0539 0.068 0.0223 0.0383 0.093 0.0734 0.0771 0.0192 0.0425 0.0616 0.0598 0.0719 0.061 0.0573 0.0543 0.1589 0.0397 0.1404 0.1554 0.0163 0.0136 0.0229 0.0429 0.0623 0.037 0.0614 0.0559 0.0557 0.0615 0.069 0.0266 0.0971 0.0487 0.0389 0.0559 0.1298 0.1083 0.0516 0.064 0.1269 0.0421 0.0393 0.0572 0.0653 0.0706 0.1522 0.0891 0.1159 0.0554 0.0343 0.0245 0.1187 0.1625 0.11 0.0555 0.0766 0.1109 0.0248 0.0455 0.1271 0.1458 0.0315 0.0089 0.0905 0.035 0.0652 0.0668 0.0608 0.064 0.059 0.0324
55.000 54.000 26 0.0242 0.0634 0.1931 0.0441 0.1928 0.083 0.0746 0.1052 0.0446 0.0248 0.0 0.0512 0.0843 0.0411 0.0355 0.0082 0.1547 0.0066 0.0469 0.0795 0.0259 0.0344 0.0512 0.0659 0.045 0.0833 0.0967 0.1366 0.0354 0.0258 0.019 0.0335 0.0419 0.003 0.0083 0.0671 0.0543 0.0818 0.0135 0.0273 0.0868 0.0368 0.068 0.0701 0.0337 0.0292 0.1844 0.0158 0.1311 0.154 0.0123 0.0107 0.0053 0.0661 0.0676 0.0319 0.0495 0.0368 0.0433 0.0375 0.0483 0.0285 0.0596 0.0364 0.063 0.0714 0.0803 0.1049 0.0242 0.0709 0.1528 0.0258 0.0132 0.0877 0.0458 0.0477 0.1313 0.0483 0.0631 0.0781 0.0112 0.0363 0.1473 0.1733 0.0658 0.0512 0.0574 0.0847 0.0333 0.0401 0.1078 0.1344 0.0051 0.0333 0.0868 0.0522 0.0458 0.0512 0.0422 0.0472 0.0474 0.0242
16.000 22.000 41 0.0255 0.0206 0.0615 0.043 0.055 0.0783 0.0922 0.0872 0.004 0.0636 0.0512 0.0 0.0202 0.0138 0.0123 0.0456 0.0899 0.0699 0.0782 0.0966 0.0482 0.0131 0.0064 0.0093 0.0368 0.1089 0.0373 0.039 0.037 0.0293 0.0304 0.0487 0.0834 0.0473 0.0525 0.0279 0.0086 0.0497 0.0368 0.0214 0.1224 0.0162 0.0075 0.0696 0.1078 0.0772 0.0748 0.0863 0.0453 0.0426 0.0371 0.0435 0.0458 0.1 0.0626 0.0251 0.0024 0.0095 0.0069 0.0094 0.0029 0.0356 0.0211 0.0146 0.0669 0.0626 0.0189 0.0281 0.0627 0.1573 0.1416 0.1077 0.0739 0.0688 0.0031 0.0205 0.0371 0.0117 0.0137 0.0578 0.0663 0.0356 0.1548 0.0464 0.0187 0.0334 0.1124 0.1415 0.0323 0.0416 0.039 0.0379 0.0488 0.0692 0.0258 0.0526 0.1089 0.0029 0.0048 0.0021 0.0045 0.0255
4.000 18.000 35 0.051 0.0348 0.0733 0.0995 0.0628 0.0364 0.0504 0.0414 0.0245 0.0837 0.0843 0.0202 0.0 0.0288 0.0333 0.0693 0.1128 0.1086 0.1435 0.0632 0.0681 0.032 0.0176 0.0079 0.0855 0.0535 0.0586 0.0512 0.0557 0.0604 0.0548 0.1024 0.1653 0.0793 0.0792 0.0058 0.0128 0.0254 0.0669 0.0424 0.1413 0.0348 0.0174 0.1071 0.1495 0.1329 0.0941 0.127 0.0554 0.0557 0.0617 0.0668 0.0708 0.0557 0.049 0.0567 0.0241 0.0287 0.0298 0.0269 0.0181 0.072 0.0352 0.039 0.0917 0.0386 0.0263 0.01 0.1131 0.1774 0.1642 0.1266 0.1141 0.0344 0.0203 0.0386 0.046 0.0219 0.0215 0.0303 0.1053 0.0808 0.1684 0.0582 0.0299 0.0595 0.1217 0.0827 0.0705 0.0945 0.0522 0.05 0.075 0.0886 0.0251 0.111 0.1658 0.0169 0.0233 0.0206 0.0276 0.051
28.000 18.000 26 0.0134 0.0251 0.048 0.0196 0.0386 0.0787 0.0672 0.0794 0.0113 0.0746 0.0411 0.0138 0.0288 0.0 0.0067 0.0506 0.0867 0.0519 0.0385 0.0652 0.0502 0.0042 0.013 0.0196 0.0353 0.0562 0.0321 0.0259 0.0323 0.016 0.0208 0.0358 0.0352 0.0382 0.0658 0.0258 0.0145 0.0683 0.0281 0.0118 0.1268 0.0078 0.0207 0.0614 0.088 0.0751 0.0615 0.0676 0.0305 0.0292 0.0339 0.0462 0.0516 0.0632 0.0566 0.0163 0.0135 0.0058 0.0126 0.0042 0.0118 0.0232 0.0077 0.0109 0.0454 0.0729 0.0104 0.0432 0.0567 0.1862 0.1369 0.1352 0.0545 0.0839 0.0107 0.0134 0.0252 0.0068 0.013 0.0785 0.0529 0.0207 0.1427 0.0324 0.0066 0.03 0.096 0.0868 0.0182 0.0248 0.0257 0.0244 0.0575 0.0813 0.0397 0.035 0.0516 0.0136 0.0088 0.0119 0.0137 0.0134
26.000 27.000 27 0.0113 0.0214 0.0491 0.0189 0.0615 0.0631 0.054 0.0646 0.0082 0.0515 0.0355 0.0123 0.0333 0.0067 0.0 0.0334 0.0839 0.0516 0.0422 0.0594 0.0365 0.0025 0.0187 0.0214 0.027 0.047 0.0245 0.0294 0.0267 0.0132 0.0172 0.0304 0.0369 0.0321 0.0402 0.0333 0.018 0.067 0.0223 0.0099 0.1077 0.0061 0.0208 0.06 0.0907 0.0646 0.066 0.0685 0.0344 0.0337 0.0243 0.0312 0.0335 0.0511 0.0478 0.012 0.0106 0.0032 0.006 0.006 0.0141 0.0191 0.0101 0.0042 0.0381 0.0617 0.0174 0.0501 0.0483 0.1382 0.1478 0.0946 0.0543 0.0684 0.012 0.0114 0.0303 0.017 0.0253 0.0699 0.0496 0.0187 0.1638 0.0419 0.0128 0.0235 0.1013 0.08 0.0149 0.0213 0.0254 0.029 0.0364 0.0566 0.0406 0.0349 0.0598 0.014 0.0085 0.0116 0.0087 0.0113
55.000 45.000 13 0.0188 0.052 0.1853 0.0297 0.1812 0.0573 0.0475 0.0965 0.041 0.0169 0.0082 0.0456 0.0693 0.0506 0.0334 0.0 0.1479 0.0147 0.047 0.0827 0.0236 0.0374 0.0568 0.0556 0.0245 0.0698 0.104 0.1435 0.0383 0.0138 0.0152 0.0419 0.0549 0.0068 0.0144 0.0676 0.0519 0.0614 0.0082 0.0282 0.0773 0.0428 0.0565 0.061 0.04 0.0395 0.1778 0.0233 0.1358 0.1553 0.008 0.0043 0.0045 0.0394 0.0473 0.0211 0.0438 0.0367 0.038 0.0406 0.0479 0.0186 0.0746 0.0309 0.0384 0.0469 0.1026 0.0902 0.0365 0.0716 0.1455 0.0305 0.0195 0.0647 0.0451 0.0558 0.1422 0.0611 0.0842 0.0502 0.0197 0.0168 0.1379 0.1691 0.0841 0.0373 0.068 0.1012 0.0185 0.0384 0.1169 0.1403 0.01 0.0253 0.0722 0.0341 0.0558 0.0474 0.0413 0.0447 0.0414 0.0188
55.000 20.000 19 0.1109 0.1037 0.032 0.1163 0.0255 0.1386 0.1348 0.1491 0.0838 0.1378 0.1547 0.0899 0.1128 0.0867 0.0839 0.1479 0.0 0.16 0.1284 0.161 0.1073 0.08 0.0866 0.1006 0.1217 0.1385 0.055 0.0368 0.0963 0.1138 0.1117 0.1477 0.1562 0.144 0.2017 0.0943 0.0963 0.1583 0.1208 0.103 0.0814 0.085 0.0947 0.1414 0.2044 0.1714 0.0375 0.1744 0.0414 0.029 0.119 0.1336 0.1637 0.1353 0.1391 0.1093 0.0865 0.0791 0.0865 0.0826 0.0968 0.119 0.0771 0.0934 0.127 0.1492 0.0646 0.1256 0.1609 0.1372 0.0476 0.1861 0.1955 0.1414 0.0918 0.0803 0.0442 0.0799 0.0696 0.1554 0.1463 0.115 0.0471 0.0239 0.0689 0.116 0.1552 0.1934 0.1148 0.1306 0.0548 0.037 0.188 0.1297 0.1223 0.1207 0.1434 0.0972 0.084 0.0902 0.0867 0.1109
55.000 60.000 16 0.0394 0.0814 0.1989 0.046 0.1999 0.0811 0.0778 0.0981 0.0623 0.0308 0.0066 0.0699 0.1086 0.0519 0.0516 0.0147 0.16 0.0 0.0393 0.0689 0.0321 0.0479 0.0668 0.0874 0.0593 0.0761 0.0991 0.1375 0.0418 0.0417 0.0316 0.0276 0.0343 0.0097 0.0103 0.0864 0.0733 0.0935 0.0234 0.0396 0.0932 0.0468 0.0887 0.0644 0.029 0.0225 0.1874 0.0097 0.1331 0.1565 0.0208 0.0176 0.0113 0.0744 0.0836 0.0489 0.0679 0.0526 0.0609 0.0521 0.0656 0.0385 0.0642 0.0533 0.0682 0.0816 0.081 0.1211 0.0172 0.0731 0.1564 0.0291 0.0098 0.0816 0.063 0.0541 0.1308 0.0585 0.0682 0.0844 0.0096 0.0493 0.1527 0.1777 0.0693 0.068 0.049 0.0731 0.0449 0.0376 0.1093 0.1358 0.0091 0.0393 0.1049 0.0537 0.0379 0.0698 0.059 0.065 0.0654 0.0394
30.000 60.000 16 0.0187 0.0941 0.1219 0.0144 0.1608 0.0392 0.0417 0.0564 0.0689 0.051 0.0469 0.0782 0.1435 0.0385 0.0422 0.047 0.1284 0.0393 0.0 0.0355 0.0338 0.0317 0.0788 0.1278 0.0542 0.0351 0.0624 0.0698 0.032 0.0161 0.0188 0.0115 0.0174 0.0465 0.0527 0.1371 0.0996 0.068 0.0342 0.023 0.08 0.0289 0.1187 0.0274 0.0627 0.038 0.1804 0.039 0.0819 0.0903 0.0331 0.0421 0.0504 0.0515 0.0849 0.0355 0.073 0.0487 0.0636 0.0495 0.0756 0.0196 0.0369 0.0454 0.0454 0.057 0.0468 0.1031 0.0206 0.1128 0.1618 0.0735 0.0454 0.0397 0.0732 0.0346 0.0633 0.0597 0.0677 0.047 0.0324 0.0304 0.149 0.1183 0.0411 0.0701 0.0325 0.0618 0.0146 0.0092 0.0625 0.0746 0.0522 0.0532 0.1127 0.0307 0.018 0.0807 0.0664 0.0735 0.0697 0.0187
20.000 65.000 12 0.0513 0.0986 0.1386 0.0488 0.1885 0.0104 0.0081 0.0287 0.0527 0.085 0.0795 0.0966 0.0632 0.0652 0.0594 0.0827 0.161 0.0689 0.0355 0.0 0.0672 0.0567 0.1014 0.102 0.0264 0.0055 0.0919 0.0928 0.067 0.0507 0.0545 0.0451 0.0367 0.081 0.0824 0.1095 0.1318 0.0233 0.0702 0.056 0.1116 0.059 0.1073 0.0142 0.092 0.0701 0.2075 0.0685 0.1078 0.1118 0.0678 0.0772 0.086 0.0141 0.0475 0.0468 0.064 0.0631 0.0519 0.0665 0.0649 0.057 0.0634 0.0547 0.0135 0.0158 0.0759 0.0416 0.0508 0.147 0.1942 0.1091 0.0747 0.0156 0.0553 0.0667 0.0871 0.0766 0.0811 0.0145 0.0643 0.0435 0.1807 0.1406 0.0675 0.0612 0.0179 0.0298 0.0525 0.0465 0.0897 0.0985 0.0847 0.0864 0.0529 0.0348 0.0297 0.1122 0.0582 0.0567 0.0498 0.0513
50.000 35.000 19 0.021 0.0595 0.1335 0.019 0.14 0.0396 0.0358 0.0628 0.0437 0.0224 0.0259 0.0482 0.0681 0.0502 0.0365 0.0236 0.1073 0.0321 0.0338 0.0672 0.0 0.0381 0.0603 0.0565 0.03 0.0461 0.0758 0.1056 0.021 0.0152 0.0132 0.0464 0.0575 0.0227 0.0468 0.0714 0.0552 0.077 0.0145 0.0262 0.0484 0.0386 0.0574 0.0453 0.0588 0.0612 0.153 0.0415 0.0998 0.1124 0.0112 0.0174 0.0292 0.0364 0.0592 0.0289 0.0466 0.039 0.0417 0.0423 0.0508 0.018 0.0643 0.0365 0.0288 0.0528 0.0883 0.0985 0.0547 0.0854 0.1306 0.0685 0.0408 0.0423 0.0476 0.0442 0.1069 0.0611 0.079 0.0528 0.0353 0.0171 0.1185 0.1221 0.0739 0.05 0.0605 0.0979 0.0151 0.0326 0.0871 0.1028 0.0384 0.021 0.0819 0.0227 0.0486 0.0502 0.0436 0.0473 0.0448 0.021
30.000 25.000 23 0.0096 0.0233 0.0472 0.0151 0.0589 0.0587 0.0498 0.0582 0.0088 0.0564 0.0344 0.0131 0.032 0.0042 0.0025 0.0374 0.08 0.0479 0.0317 0.0567 0.0381 0.0 0.0176 0.021 0.0266 0.0426 0.0224 0.0276 0.0253 0.0122 0.0159 0.0321 0.0311 0.0316 0.047 0.0314 0.0179 0.0697 0.0224 0.0076 0.1113 0.0037 0.0211 0.0501 0.0858 0.0703 0.0643 0.0645 0.0327 0.0321 0.0255 0.0343 0.038 0.048 0.0495 0.0106 0.0117 0.0029 0.008 0.0037 0.0136 0.019 0.008 0.0056 0.0341 0.0625 0.016 0.0498 0.0523 0.1502 0.1395 0.1052 0.0493 0.0651 0.011 0.0089 0.0287 0.0116 0.0178 0.0713 0.0487 0.0143 0.1563 0.0403 0.0111 0.026 0.0837 0.0796 0.0143 0.0211 0.0236 0.0273 0.0417 0.0617 0.0419 0.0258 0.0435 0.0143 0.0075 0.0115 0.0104 0.0096
15.000 10.000 20 0.0276 0.0281 0.0527 0.0462 0.0503 0.0752 0.0906 0.0821 0.009 0.0834 0.0512 0.0064 0.0176 0.013 0.0187 0.0568 0.0866 0.0668 0.0788 0.1014 0.0603 0.0176 0.0 0.0112 0.0367 0.1165 0.0425 0.0347 0.0442 0.0318 0.0327 0.0518 0.0777 0.0483 0.0673 0.0137 0.0028 0.0544 0.0392 0.0244 0.1421 0.0206 0.0118 0.0676 0.108 0.0833 0.0766 0.0854 0.0369 0.0406 0.0427 0.0534 0.0568 0.1082 0.0687 0.0311 0.0072 0.0154 0.0127 0.0132 0.0034 0.0378 0.0183 0.0214 0.0661 0.061 0.0095 0.0333 0.0677 0.2049 0.1165 0.1446 0.0674 0.0685 0.0055 0.0265 0.0277 0.0062 0.0048 0.06 0.0672 0.0412 0.143 0.0442 0.0136 0.0386 0.1139 0.1485 0.035 0.0442 0.0329 0.0352 0.0609 0.0917 0.0285 0.0556 0.1073 0.0042 0.0092 0.0054 0.0091 0.0276
10.000 20.000 19 0.0369 0.0295 0.066 0.0747 0.0555 0.0781 0.0656 0.0767 0.013 0.0719 0.0659 0.0093 0.0079 0.0196 0.0214 0.0556 0.1006 0.0874 0.1278 0.102 0.0565 0.021 0.0112 0.0 0.0763 0.0686 0.0471 0.0431 0.0447 0.0437 0.0411 0.075 0.1419 0.0615 0.0638 0.0221 0.0162 0.0424 0.0501 0.0304 0.1301 0.0239 0.0103 0.1275 0.1263 0.1029 0.083 0.1046 0.0491 0.047 0.0477 0.0535 0.0564 0.074 0.0555 0.0405 0.0126 0.0175 0.0175 0.0164 0.0083 0.0523 0.0267 0.026 0.1141 0.073 0.0195 0.0186 0.0863 0.1658 0.1523 0.1154 0.0921 0.0538 0.0098 0.0279 0.0393 0.014 0.0143 0.0448 0.0839 0.0601 0.1587 0.0498 0.0219 0.0544 0.1628 0.1017 0.0502 0.0681 0.0448 0.0419 0.0599 0.0772 0.0335 0.0976 0.1657 0.0067 0.0126 0.0098 0.0155 0.0369
20.000 40.000 12 0.0161 0.0437 0.0737 0.021 0.1124 0.0301 0.0253 0.0368 0.0263 0.0354 0.045 0.0368 0.0855 0.0353 0.027 0.0245 0.1217 0.0593 0.0542 0.0264 0.03 0.0266 0.0367 0.0763 0.0 0.0247 0.0497 0.052 0.0359 0.0118 0.0165 0.0311 0.0706 0.0384 0.0458 0.0955 0.0642 0.0379 0.021 0.0229 0.0905 0.0268 0.0678 0.0337 0.0838 0.0595 0.114 0.0653 0.0596 0.0589 0.0178 0.0219 0.0288 0.0219 0.0278 0.0128 0.0271 0.0308 0.0241 0.0344 0.0294 0.0175 0.0336 0.022 0.0129 0.0269 0.0477 0.0647 0.0429 0.105 0.1871 0.0629 0.0695 0.0325 0.0287 0.0324 0.0535 0.045 0.0505 0.0325 0.0493 0.0101 0.1766 0.0745 0.0398 0.0185 0.0775 0.0551 0.0131 0.0236 0.0481 0.0528 0.038 0.0407 0.0563 0.0231 0.0833 0.0418 0.0301 0.0272 0.0235 0.0161
15.000 60.000 17 0.0292 0.0824 0.1009 0.0352 0.1564 0.0046 0.0035 0.014 0.0626 0.0652 0.0833 0.1089 0.0535 0.0562 0.047 0.0698 0.1385 0.0761 0.0351 0.0055 0.0461 0.0426 0.1165 0.0686 0.0247 0.0 0.0663 0.0675 0.0453 0.0288 0.033 0.0488 0.0434 0.0806 0.0903 0.0783 0.0801 0.0192 0.0581 0.0341 0.0906 0.0389 0.0653 0.009 0.0994 0.0747 0.1715 0.075 0.0794 0.0806 0.0498 0.0607 0.0799 0.0079 0.0304 0.0304 0.0892 0.0535 0.0524 0.0585 0.0975 0.0463 0.0479 0.042 0.0076 0.0122 0.0709 0.0364 0.0569 0.127 0.1777 0.0979 0.0813 0.0063 0.0765 0.0445 0.0673 0.0761 0.0898 0.0095 0.0692 0.0238 0.1625 0.1058 0.0579 0.0627 0.0227 0.035 0.0369 0.0445 0.0642 0.0708 0.0883 0.0652 0.0345 0.0199 0.0354 0.1123 0.0624 0.0835 0.065 0.0292
45.000 20.000 11 0.0401 0.0434 0.0355 0.0504 0.0419 0.0708 0.0654 0.0753 0.0304 0.1125 0.0967 0.0373 0.0586 0.0321 0.0245 0.104 0.055 0.0991 0.0624 0.0919 0.0758 0.0224 0.0425 0.0471 0.0497 0.0663 0.0 0.0208 0.0444 0.0459 0.0509 0.0852 0.0841 0.09 0.1507 0.0537 0.0454 0.0913 0.0705 0.034 0.1121 0.0229 0.0424 0.0752 0.1289 0.1208 0.0514 0.1084 0.0158 0.0214 0.0753 0.0934 0.113 0.0653 0.0705 0.037 0.0336 0.0248 0.029 0.0289 0.0422 0.0616 0.0254 0.0286 0.0562 0.0809 0.036 0.0677 0.1069 0.1919 0.1052 0.1862 0.1221 0.0752 0.0378 0.0201 0.0272 0.0357 0.0385 0.089 0.0936 0.0432 0.1097 0.0271 0.0297 0.0484 0.0932 0.1252 0.0528 0.0668 0.011 0.0175 0.1317 0.1119 0.0614 0.0529 0.0738 0.0428 0.0311 0.0369 0.0312 0.0401
45.000 10.000 18 0.0462 0.0486 0.0218 0.0567 0.0171 0.0796 0.0713 0.0782 0.0357 0.1497 0.1366 0.039 0.0512 0.0259 0.0294 0.1435 0.0368 0.1375 0.0698 0.0928 0.1056 0.0276 0.0347 0.0431 0.052 0.0675 0.0208 0.0 0.0664 0.0533 0.0665 0.1021 0.0953 0.1268 0.2104 0.0433 0.0377 0.0931 0.0977 0.042 0.1212 0.0301 0.0456 0.0793 0.1737 0.1488 0.0417 0.1477 0.0089 0.0063 0.1057 0.1298 0.1568 0.0708 0.0748 0.0383 0.0386 0.0298 0.0349 0.0296 0.0362 0.0792 0.0189 0.0322 0.0588 0.0884 0.0237 0.0682 0.1308 0.1892 0.0482 0.2276 0.1748 0.087 0.0357 0.0324 0.0083 0.0289 0.0267 0.0983 0.123 0.0454 0.0692 0.0107 0.0219 0.0513 0.1029 0.1231 0.0645 0.0795 0.0108 0.0047 0.1838 0.1468 0.0642 0.0567 0.0824 0.0379 0.0338 0.037 0.0375 0.0462
45.000 30.000 17 0.0193 0.0508 0.0954 0.0211 0.1175 0.0463 0.0426 0.0566 0.0327 0.0447 0.0354 0.037 0.0557 0.0323 0.0267 0.0383 0.0963 0.0418 0.032 0.067 0.021 0.0253 0.0442 0.0447 0.0359 0.0453 0.0444 0.0664 0.0 0.0183 0.0147 0.0471 0.0514 0.0321 0.0617 0.0562 0.0421 0.0873 0.0222 0.0176 0.0732 0.0229 0.0459 0.0477 0.0691 0.0744 0.1314 0.0521 0.0647 0.0747 0.0223 0.032 0.0429 0.0445 0.0649 0.0287 0.0358 0.0273 0.0321 0.0285 0.0377 0.0224 0.0383 0.0292 0.034 0.0635 0.0569 0.0856 0.063 0.1186 0.1501 0.0963 0.0499 0.049 0.0349 0.0224 0.0674 0.0411 0.0525 0.0666 0.045 0.0218 0.1437 0.0884 0.0463 0.0497 0.0602 0.1003 0.0189 0.0321 0.0526 0.0652 0.0521 0.045 0.0734 0.0264 0.043 0.0381 0.0315 0.0352 0.0346 0.0193
35.000 40.000 16 0.0029 0.0377 0.0926 0.0043 0.1339 0.0269 0.0231 0.0403 0.0235 0.0242 0.0258 0.0293 0.0604 0.016 0.0132 0.0138 0.1138 0.0417 0.0161 0.0507 0.0152 0.0122 0.0318 0.0437 0.0118 0.0288 0.0459 0.0533 0.0183 0.0 0.0035 0.022 0.0224 0.0215 0.026 0.0496 0.0345 0.0511 0.0091 0.0079 0.0664 0.0135 0.0439 0.0329 0.079 0.0576 0.149 0.0571 0.0629 0.0686 0.0071 0.0115 0.0161 0.0227 0.036 0.0063 0.0273 0.0154 0.0208 0.0162 0.0286 0.0067 0.0218 0.013 0.016 0.035 0.0304 0.0774 0.0403 0.0911 0.1586 0.0542 0.0473 0.0293 0.0261 0.02 0.0494 0.0233 0.0293 0.0368 0.038 0.0025 0.144 0.0917 0.025 0.0241 0.0523 0.0836 0.0026 0.0111 0.0463 0.0566 0.0213 0.028 0.0593 0.0103 0.0247 0.0303 0.0219 0.0268 0.0248 0.0029
41.000 37.000 16 0.0054 0.0428 0.1074 0.0076 0.1379 0.0298 0.026 0.0459 0.0251 0.0257 0.019 0.0304 0.0548 0.0208 0.0172 0.0152 0.1117 0.0316 0.0188 0.0545 0.0132 0.0159 0.0327 0.0411 0.0165 0.033 0.0509 0.0665 0.0147 0.0035 0.0 0.031 0.0339 0.0163 0.0247 0.0472 0.034 0.0598 0.0079 0.0086 0.0639 0.016 0.043 0.0346 0.0654 0.0649 0.1542 0.0461 0.0718 0.0815 0.0069 0.0124 0.0168 0.026 0.0426 0.0122 0.029 0.0183 0.0239 0.0191 0.0292 0.0086 0.0287 0.0181 0.0188 0.0402 0.0414 0.0832 0.0489 0.0936 0.1533 0.0622 0.0333 0.0322 0.0268 0.0216 0.0627 0.0275 0.0358 0.0419 0.0345 0.006 0.1395 0.102 0.0334 0.0318 0.0477 0.0877 0.0052 0.0175 0.0547 0.0683 0.0206 0.0287 0.0651 0.0127 0.0286 0.0308 0.0233 0.0277 0.0273 0.0054
40.000 60.000 21 0.0254 0.0583 0.1628 0.0124 0.1857 0.0528 0.0504 0.0719 0.0423 0.0539 0.0335 0.0487 0.1024 0.0358 0.0304 0.0419 0.1477 0.0276 0.0115 0.0451 0.0464 0.0321 0.0518 0.075 0.0311 0.0488 0.0852 0.1021 0.0471 0.022 0.031 0.0 0.0134 0.0347 0.0388 0.0769 0.0572 0.0665 0.0351 0.0326 0.0953 0.0384 0.0723 0.0368 0.0515 0.028 0.2029 0.0297 0.1108 0.1262 0.0393 0.0423 0.0399 0.0489 0.0606 0.0213 0.0458 0.0333 0.0385 0.0346 0.0483 0.0231 0.0482 0.0289 0.0411 0.0558 0.0544 0.0949 0.0117 0.1092 0.1761 0.0627 0.0351 0.0542 0.0457 0.0488 0.0915 0.0426 0.049 0.0572 0.0204 0.0171 0.1644 0.1517 0.0492 0.0415 0.0267 0.0571 0.02 0.0073 0.0878 0.1062 0.0381 0.0592 0.084 0.0232 0.0142 0.0502 0.041 0.0463 0.0429 0.0254
35.000 69.000 23 0.0247 0.1093 0.1635 0.0198 0.1948 0.0477 0.0567 0.0709 0.0645 0.068 0.0419 0.0834 0.1653 0.0352 0.0369 0.0549 0.1562 0.0343 0.0174 0.0367 0.0575 0.0311 0.0777 0.1419 0.0706 0.0434 0.0841 0.0953 0.0514 0.0224 0.0339 0.0134 0.0 0.0453 0.0447 0.1447 0.1055 0.0865 0.0482 0.0315 0.1083 0.0359 0.1332 0.0486 0.0565 0.0347 0.2147 0.0331 0.1088 0.1231 0.0523 0.0563 0.0505 0.0738 0.1082 0.0329 0.0759 0.0417 0.0596 0.0418 0.0736 0.0313 0.0432 0.0405 0.0695 0.0764 0.048 0.1233 0.0168 0.12 0.1901 0.0712 0.0401 0.0516 0.0681 0.0473 0.0826 0.0492 0.0548 0.0569 0.0303 0.0323 0.1783 0.154 0.0439 0.086 0.0167 0.0387 0.0234 0.0148 0.0841 0.1015 0.0451 0.0734 0.1352 0.0471 0.0073 0.0851 0.059 0.0715 0.0694 0.0247
53.000 52.000 11 0.0209 0.0581 0.179 0.0394 0.1839 0.077 0.0676 0.1042 0.0411 0.0223 0.003 0.0473 0.0793 0.0382 0.0321 0.0068 0.144 0.0097 0.0465 0.081 0.0227 0.0316 0.0483 0.0615 0.0384 0.0806 0.09 0.1268 0.0321 0.0215 0.0163 0.0347 0.0453 0.0 0.0103 0.0639 0.0508 0.0749 0.0103 0.0247 0.0796 0.034 0.0632 0.0676 0.0376 0.0336 0.1847 0.0194 0.1225 0.1435 0.0101 0.0088 0.0049 0.0586 0.0608 0.0272 0.0456 0.0336 0.0394 0.0345 0.0451 0.0239 0.0553 0.0324 0.0562 0.0641 0.0743 0.0989 0.0279 0.0732 0.1518 0.0278 0.0163 0.0831 0.0426 0.0441 0.1214 0.0452 0.0589 0.0703 0.0125 0.0301 0.1441 0.1614 0.061 0.0456 0.0603 0.0899 0.028 0.0381 0.1003 0.1251 0.0066 0.0301 0.0809 0.0469 0.0483 0.0475 0.039 0.0438 0.0434 0.0209
65.000 55.000 14 0.027 0.0615 0.2254 0.0524 0.1851 0.0924 0.0837 0.11 0.0478 0.0383 0.0083 0.0525 0.0792 0.0658 0.0402 0.0144 0.2017 0.0103 0.0527 0.0824 0.0468 0.047 0.0673 0.0638 0.0458 0.0903 0.1507 0.2104 0.0617 0.026 0.0247 0.0388 0.0447 0.0103 0.0 0.0759 0.059 0.0839 0.0179 0.0384 0.1156 0.0577 0.0653 0.0774 0.0285 0.0311 0.1296 0.0149 0.1965 0.2262 0.0194 0.0188 0.0093 0.0726 0.0671 0.0313 0.0507 0.0442 0.0448 0.0497 0.0555 0.0338 0.1047 0.0378 0.071 0.0759 0.1464 0.1033 0.0274 0.0591 0.123 0.0205 0.0091 0.0959 0.0526 0.0796 0.2079 0.0791 0.1159 0.0863 0.018 0.0384 0.1347 0.231 0.1181 0.05 0.0599 0.084 0.0372 0.0478 0.1686 0.2042 0.0041 0.0502 0.0845 0.0607 0.0489 0.0543 0.0486 0.0517 0.0483 0.027
5.000 5.000 16 0.0434 0.0543 0.0527 0.0792 0.0615 0.0433 0.0737 0.0479 0.0263 0.093 0.0671 0.0279 0.0058 0.0258 0.0333 0.0676 0.0943 0.0864 0.1371 0.1095 0.0714 0.0314 0.0137 0.0221 0.0955 0.0783 0.0537 0.0433 0.0562 0.0496 0.0472 0.0769 0.1447 0.0639 0.0759 0.0 0.018 0.0311 0.0548 0.0383 0.1537 0.0337 0.0356 0.1522 0.1293 0.1046 0.0718 0.1063 0.0477 0.0499 0.0556 0.0647 0.0675 0.0875 0.076 0.0499 0.029 0.0295 0.0306 0.0268 0.0198 0.0566 0.0301 0.0375 0.1385 0.0547 0.0181 0.0157 0.0891 0.2163 0.1171 0.1523 0.087 0.0406 0.0216 0.039 0.0344 0.0181 0.0136 0.0361 0.0864 0.0679 0.1486 0.0543 0.0243 0.0777 0.1884 0.1058 0.055 0.0704 0.0439 0.0453 0.0708 0.1015 0.0464 0.1107 0.1804 0.0236 0.0245 0.0231 0.0298 0.0434
11.000 14.000 18 0.0295 0.0329 0.0587 0.0547 0.0506 0.0945 0.068 0.0959 0.01 0.0734 0.0543 0.0086 0.0128 0.0145 0.018 0.0519 0.0963 0.0733 0.0996 0.1318 0.0552 0.0179 0.0028 0.0162 0.0642 0.0801 0.0454 0.0377 0.0421 0.0345 0.034 0.0572 0.1055 0.0508 0.059 0.018 0.0 0.0591 0.0411 0.0252 0.1354 0.0208 0.0158 0.1136 0.1139 0.0855 0.0817 0.0915 0.0392 0.0428 0.0417 0.0494 0.0519 0.0894 0.0631 0.0321 0.0103 0.0148 0.0136 0.0132 0.0047 0.0412 0.0204 0.021 0.1151 0.0803 0.0125 0.0326 0.0706 0.1842 0.1392 0.1246 0.0755 0.0707 0.0066 0.026 0.0318 0.0083 0.0073 0.0598 0.0715 0.0458 0.1541 0.0456 0.0162 0.0537 0.1539 0.1052 0.0386 0.0503 0.0356 0.037 0.0548 0.0806 0.0394 0.0747 0.1365 0.0051 0.0095 0.0069 0.0118 0.0295
6.000 38.000 16 0.0618 0.0385 0.113 0.0513 0.1309 0.0107 0.0158 0.0166 0.0574 0.0771 0.0818 0.0497 0.0254 0.0683 0.067 0.0614 0.1583 0.0935 0.068 0.0233 0.077 0.0697 0.0544 0.0424 0.0379 0.0192 0.0913 0.0931 0.0873 0.0511 0.0598 0.0665 0.0865 0.0749 0.0839 0.0311 0.0591 0.0 0.0571 0.0728 0.149 0.074 0.0406 0.0337 0.1193 0.1016 0.1309 0.0965 0.0995 0.0976 0.0562 0.0597 0.0652 0.015 0.0159 0.0561 0.0535 0.0649 0.0599 0.0643 0.0523 0.0524 0.0748 0.0645 0.0268 0.0073 0.07 0.0149 0.079 0.1534 0.232 0.1025 0.1034 0.0107 0.0549 0.0795 0.0923 0.062 0.0588 0.0065 0.0828 0.0455 0.2345 0.1066 0.0732 0.0393 0.0469 0.0518 0.0481 0.0578 0.0904 0.0931 0.0751 0.085 0.0233 0.0425 0.0751 0.0491 0.0585 0.0539 0.0567 0.0618
47.000 47.000 13 0.0111 0.0452 0.1455 0.0205 0.1579 0.0493 0.0414 0.0818 0.031 0.0192 0.0135 0.0368 0.0669 0.0281 0.0223 0.0082 0.1208 0.0234 0.0342 0.0702 0.0145 0.0224 0.0392 0.0501 0.021 0.0581 0.0705 0.0977 0.0222 0.0091 0.0079 0.0351 0.0482 0.0103 0.0179 0.0548 0.0411 0.0571 0.0 0.016 0.0628 0.0244 0.0511 0.0496 0.0546 0.0525 0.1715 0.0355 0.0981 0.1148 0.0045 0.0069 0.0097 0.0354 0.0439 0.0147 0.035 0.0241 0.0289 0.0253 0.0356 0.0103 0.0409 0.0217 0.0326 0.0434 0.0554 0.0842 0.0417 0.0803 0.1424 0.0384 0.0284 0.0551 0.0332 0.0327 0.0917 0.0347 0.045 0.046 0.0241 0.0128 0.1308 0.1326 0.0455 0.0314 0.0571 0.0926 0.0121 0.0274 0.0777 0.0979 0.0138 0.0243 0.0665 0.0259 0.0447 0.0375 0.0294 0.034 0.0327 0.0111
37.000 31.000 14 0.0052 0.036 0.0707 0.0115 0.1052 0.0392 0.0345 0.0442 0.0167 0.0425 0.0273 0.0214 0.0424 0.0118 0.0099 0.0282 0.103 0.0396 0.023 0.056 0.0262 0.0076 0.0244 0.0304 0.0229 0.0341 0.034 0.042 0.0176 0.0079 0.0086 0.0326 0.0315 0.0247 0.0384 0.0383 0.0252 0.0728 0.016 0.0 0.0892 0.0063 0.0319 0.0403 0.0745 0.0705 0.113 0.0548 0.0486 0.0523 0.0173 0.025 0.0294 0.0352 0.0503 0.0129 0.0203 0.0104 0.0162 0.0108 0.0207 0.0145 0.0163 0.0127 0.0247 0.0525 0.028 0.0723 0.0528 0.1204 0.1679 0.0864 0.0411 0.0428 0.0183 0.0114 0.0412 0.0185 0.0255 0.0576 0.0422 0.0107 0.1649 0.0695 0.021 0.0336 0.0597 0.0874 0.0103 0.0197 0.0351 0.0435 0.0334 0.046 0.0586 0.018 0.0314 0.022 0.0149 0.0191 0.0191 0.0052
57.000 29.000 18 0.079 0.1249 0.1106 0.0642 0.096 0.0879 0.0853 0.1064 0.1171 0.0616 0.0868 0.1224 0.1413 0.1268 0.1077 0.0773 0.0814 0.0932 0.08 0.1116 0.0484 0.1113 0.1421 0.1301 0.0905 0.0906 0.1121 0.1212 0.0732 0.0664 0.0639 0.0953 0.1083 0.0796 0.1156 0.1537 0.1354 0.149 0.0628 0.0892 0.0 0.1085 0.1273 0.0896 0.1284 0.1103 0.0989 0.1052 0.1175 0.1134 0.0585 0.0669 0.0893 0.0901 0.1268 0.0923 0.1193 0.1133 0.112 0.1185 0.129 0.0641 0.1309 0.1042 0.0772 0.1153 0.1458 0.1581 0.1024 0.0772 0.0745 0.104 0.1142 0.0899 0.1243 0.1087 0.1291 0.1392 0.1479 0.1134 0.0867 0.0692 0.0643 0.1068 0.1393 0.1174 0.108 0.1425 0.0608 0.0799 0.1224 0.1196 0.1057 0.0523 0.1456 0.0684 0.0984 0.127 0.1188 0.1229 0.1157 0.079
36.000 26.000 18 0.0103 0.028 0.0513 0.0167 0.0726 0.0492 0.0427 0.05 0.0119 0.0598 0.0368 0.0162 0.0348 0.0078 0.0061 0.0428 0.085 0.0468 0.0289 0.059 0.0386 0.0037 0.0206 0.0239 0.0268 0.0389 0.0229 0.0301 0.0229 0.0135 0.016 0.0384 0.0359 0.034 0.0577 0.0337 0.0208 0.074 0.0244 0.0063 0.1085 0.0 0.0246 0.0463 0.0797 0.0776 0.0771 0.0609 0.0348 0.0363 0.0279 0.0384 0.0445 0.0428 0.0516 0.0134 0.0151 0.0062 0.0115 0.0067 0.0164 0.0212 0.0099 0.0092 0.0306 0.0602 0.0227 0.0567 0.0595 0.1518 0.1482 0.1121 0.0497 0.0544 0.0137 0.006 0.0315 0.0148 0.0215 0.0682 0.0493 0.0151 0.16 0.0476 0.0155 0.0304 0.0692 0.0874 0.0163 0.0252 0.024 0.0302 0.0503 0.0642 0.0479 0.0235 0.0374 0.0173 0.0104 0.0143 0.0139 0.0103
12.000 24.000 13 0.0383 0.0209 0.068 0.07 0.0634 0.0634 0.0524 0.0695 0.012 0.0719 0.068 0.0075 0.0174 0.0207 0.0208 0.0565 0.0947 0.0887 0.1187 0.1073 0.0574 0.0211 0.0118 0.0103 0.0678 0.0653 0.0424 0.0456 0.0459 0.0439 0.043 0.0723 0.1332 0.0632 0.0653 0.0356 0.0158 0.0406 0.0511 0.0319 0.1273 0.0246 0.0 0.117 0.1247 0.1003 0.0809 0.1039 0.052 0.0493 0.0492 0.0545 0.0574 0.0724 0.0481 0.039 0.0102 0.0172 0.0158 0.0166 0.0097 0.0519 0.0279 0.0247 0.1061 0.0493 0.024 0.0199 0.0838 0.1573 0.1482 0.1122 0.0948 0.055 0.0103 0.0286 0.0434 0.0172 0.0176 0.0466 0.0837 0.056 0.1671 0.0536 0.0251 0.0462 0.1539 0.0914 0.0493 0.0653 0.0452 0.0448 0.0612 0.0764 0.0171 0.0886 0.1549 0.0081 0.0123 0.0096 0.0131 0.0383
24.000 58.000 19 0.0358 0.086 0.1211 0.0295 0.1678 0.0127 0.0125 0.0263 0.0671 0.061 0.0701 0.0696 0.1071 0.0614 0.06 0.061 0.1414 0.0644 0.0274 0.0142 0.0453 0.0501 0.0676 0.1275 0.0337 0.009 0.0752 0.0793 0.0477 0.0329 0.0346 0.0368 0.0486 0.0676 0.0774 0.1522 0.1136 0.0337 0.0496 0.0403 0.0896 0.0463 0.117 0.0 0.0907 0.0676 0.186 0.0647 0.0912 0.0957 0.0451 0.0542 0.0682 0.0211 0.0598 0.0462 0.0598 0.0672 0.0651 0.0707 0.064 0.0376 0.0541 0.0582 0.0173 0.0246 0.0699 0.0631 0.0472 0.1229 0.174 0.0888 0.0704 0.0141 0.0687 0.0512 0.0759 0.0856 0.096 0.0187 0.0567 0.0369 0.1597 0.1221 0.0605 0.054 0.0397 0.0435 0.0322 0.032 0.0745 0.0835 0.0748 0.0624 0.0839 0.0232 0.0444 0.0757 0.0728 0.0636 0.0607 0.0358
62.000 77.000 20 0.0776 0.112 0.25 0.0652 0.2242 0.1044 0.107 0.1184 0.1016 0.0573 0.0337 0.1078 0.1495 0.088 0.0907 0.04 0.2044 0.029 0.0627 0.092 0.0588 0.0858 0.108 0.1263 0.0838 0.0994 0.1289 0.1737 0.0691 0.079 0.0654 0.0515 0.0565 0.0376 0.0285 0.1293 0.1139 0.1193 0.0546 0.0745 0.1284 0.0797 0.1247 0.0907 0.0 0.0181 0.17 0.0209 0.1677 0.1985 0.0484 0.0433 0.0361 0.1041 0.1109 0.083 0.1055 0.0921 0.0987 0.0915 0.1063 0.0714 0.0936 0.0906 0.0954 0.1104 0.1097 0.1457 0.0402 0.0869 0.1585 0.0483 0.02 0.108 0.1035 0.0829 0.1654 0.0949 0.1006 0.1133 0.039 0.0745 0.1674 0.2275 0.0988 0.0954 0.0706 0.0456 0.0769 0.0598 0.1401 0.1712 0.0317 0.0669 0.1342 0.0745 0.0631 0.109 0.0991 0.105 0.1028 0.0776
49.000 73.000 25 0.0629 0.0862 0.2034 0.0386 0.2143 0.0791 0.0836 0.1122 0.073 0.0543 0.0292 0.0772 0.1329 0.0751 0.0646 0.0395 0.1714 0.0225 0.038 0.0701 0.0612 0.0703 0.0833 0.1029 0.0595 0.0747 0.1208 0.1488 0.0744 0.0576 0.0649 0.028 0.0347 0.0336 0.0311 0.1046 0.0855 0.1016 0.0525 0.0705 0.1103 0.0776 0.1003 0.0676 0.0181 0.0 0.2134 0.0203 0.149 0.1678 0.0523 0.0445 0.0345 0.0858 0.0932 0.0517 0.0747 0.0677 0.0689 0.0702 0.0791 0.0542 0.0902 0.0608 0.0762 0.0924 0.0994 0.1264 0.0171 0.0941 0.1794 0.0502 0.0268 0.0854 0.0771 0.0858 0.1407 0.0801 0.0886 0.0882 0.0263 0.0446 0.1735 0.1864 0.0924 0.0694 0.0542 0.068 0.0531 0.0353 0.1279 0.1492 0.0308 0.0621 0.115 0.052 0.0397 0.0791 0.0731 0.0767 0.0723 0.0629
67.000 5.000 25 0.1295 0.0818 0.0185 0.1637 0.0147 0.1508 0.147 0.1792 0.0686 0.1589 0.1844 0.0748 0.0941 0.0615 0.066 0.1778 0.0375 0.1874 0.1804 0.2075 0.153 0.0643 0.0766 0.083 0.114 0.1715 0.0514 0.0417 0.1314 0.149 0.1542 0.2029 0.2147 0.1847 0.1296 0.0718 0.0817 0.1309 0.1715 0.113 0.0989 0.0771 0.0809 0.186 0.17 0.2134 0.0 0.1845 0.0312 0.0326 0.1671 0.1731 0.1786 0.1382 0.1159 0.0996 0.0721 0.0631 0.0685 0.0635 0.0759 0.1708 0.0521 0.074 0.1497 0.134 0.0546 0.1027 0.212 0.0748 0.0213 0.1227 0.1501 0.152 0.072 0.0803 0.0469 0.073 0.0487 0.1418 0.1955 0.1362 0.0327 0.0244 0.0649 0.0916 0.209 0.243 0.1639 0.1844 0.0374 0.0349 0.1618 0.1506 0.098 0.1607 0.2 0.0775 0.0676 0.0727 0.0702 0.1295
57.000 68.000 15 0.056 0.0928 0.2167 0.0463 0.2113 0.0805 0.0803 0.1026 0.0794 0.0397 0.0158 0.0863 0.127 0.0676 0.0685 0.0233 0.1744 0.0097 0.039 0.0685 0.0415 0.0645 0.0854 0.1046 0.0653 0.075 0.1084 0.1477 0.0521 0.0571 0.0461 0.0297 0.0331 0.0194 0.0149 0.1063 0.0915 0.0965 0.0355 0.0548 0.1052 0.0609 0.1039 0.0647 0.0209 0.0203 0.1845 0.0 0.1433 0.1686 0.0313 0.0266 0.0196 0.0783 0.0907 0.0623 0.084 0.0699 0.077 0.0694 0.0837 0.0501 0.0755 0.0689 0.0707 0.0853 0.0909 0.127 0.0178 0.0766 0.1581 0.0348 0.0066 0.0811 0.081 0.0655 0.1403 0.0743 0.0813 0.0873 0.0181 0.0561 0.1587 0.193 0.0805 0.0769 0.049 0.075 0.0559 0.0395 0.1185 0.1459 0.0161 0.0486 0.1146 0.0535 0.0387 0.0871 0.0767 0.0826 0.0813 0.056
47.000 16.000 25 0.055 0.053 0.0205 0.0686 0.0143 0.0828 0.0771 0.0877 0.0407 0.1404 0.1311 0.0453 0.0554 0.0305 0.0344 0.1358 0.0414 0.1331 0.0819 0.1078 0.0998 0.0327 0.0369 0.0491 0.0596 0.0794 0.0158 0.0089 0.0647 0.0629 0.0718 0.1108 0.1088 0.1225 0.1965 0.0477 0.0392 0.0995 0.0981 0.0486 0.1175 0.0348 0.052 0.0912 0.1677 0.149 0.0312 0.1433 0.0 0.0067 0.1028 0.1233 0.1482 0.0764 0.0795 0.047 0.0439 0.035 0.0391 0.0359 0.04 0.0856 0.022 0.038 0.0689 0.0912 0.0293 0.076 0.1346 0.1942 0.0767 0.2173 0.1655 0.0875 0.0416 0.0344 0.0167 0.0301 0.0325 0.0999 0.1228 0.0564 0.0885 0.0085 0.0236 0.057 0.1124 0.1415 0.0735 0.0897 0.0073 0.0045 0.1727 0.1376 0.0701 0.0684 0.0953 0.0429 0.0397 0.0432 0.0419 0.055
49.000 11.000 18 0.0587 0.052 0.0156 0.0755 0.0102 0.0839 0.0777 0.0883 0.0391 0.1554 0.154 0.0426 0.0557 0.0292 0.0337 0.1553 0.029 0.1565 0.0903 0.1118 0.1124 0.0321 0.0406 0.047 0.0589 0.0806 0.0214 0.0063 0.0747 0.0686 0.0815 0.1262 0.1231 0.1435 0.2262 0.0499 0.0428 0.0976 0.1148 0.0523 0.1134 0.0363 0.0493 0.0957 0.1985 0.1678 0.0326 0.1686 0.0067 0.0 0.1191 0.1404 0.1711 0.0766 0.0785 0.0463 0.042 0.0335 0.0383 0.0332 0.0399 0.099 0.0219 0.0372 0.0698 0.0914 0.0306 0.0727 0.1523 0.1697 0.0394 0.2229 0.1994 0.0893 0.0391 0.0382 0.0146 0.0341 0.0335 0.1008 0.1418 0.058 0.0577 0.0045 0.0268 0.0556 0.121 0.1458 0.0835 0.1021 0.0111 0.0045 0.2012 0.1503 0.0682 0.0723 0.1062 0.0416 0.0373 0.0405 0.0408 0.0587
49.000 42.000 13 0.0111 0.046 0.1462 0.0169 0.1549 0.0391 0.0327 0.0717 0.032 0.0163 0.0123 0.0371 0.0617 0.0339 0.0243 0.008 0.119 0.0208 0.0331 0.0678 0.0112 0.0255 0.0427 0.0477 0.0178 0.0498 0.0753 0.1057 0.0223 0.0071 0.0069 0.0393 0.0523 0.0101 0.0194 0.0556 0.0417 0.0562 0.0045 0.0173 0.0585 0.0279 0.0492 0.0451 0.0484 0.0523 0.1671 0.0313 0.1028 0.1191 0.0 0.0049 0.0107 0.0289 0.0417 0.0149 0.0355 0.0264 0.03 0.0284 0.0372 0.0114 0.0496 0.0234 0.0254 0.0394 0.069 0.085 0.045 0.0806 0.1382 0.0455 0.0244 0.0437 0.0347 0.0367 0.1026 0.0419 0.0566 0.0404 0.0254 0.0091 0.1264 0.1331 0.0562 0.032 0.0586 0.0947 0.0099 0.0287 0.0848 0.1046 0.0152 0.0206 0.0668 0.0206 0.0466 0.038 0.0311 0.0351 0.0335 0.0111
53.000 43.000 14 0.0166 0.0509 0.1676 0.0242 0.1689 0.048 0.04 0.0858 0.0388 0.0136 0.0107 0.0435 0.0668 0.0462 0.0312 0.0043 0.1336 0.0176 0.0421 0.0772 0.0174 0.0343 0.0534 0.0535 0.0219 0.0607 0.0934 0.1298 0.032 0.0115 0.0124 0.0423 0.0563 0.0088 0.0188 0.0647 0.0494 0.0597 0.0069 0.025 0.0669 0.0384 0.0545 0.0542 0.0433 0.0445 0.1731 0.0266 0.1233 0.1404 0.0049 0.0 0.0085 0.0342 0.0455 0.0196 0.0418 0.0342 0.0362 0.0375 0.0453 0.0159 0.0671 0.0293 0.032 0.0435 0.0926 0.0893 0.0408 0.0749 0.1413 0.0381 0.0225 0.0542 0.0426 0.0496 0.1284 0.0562 0.0767 0.0452 0.0224 0.0135 0.1311 0.153 0.076 0.0363 0.0662 0.1005 0.015 0.0352 0.1055 0.1268 0.0141 0.0204 0.0712 0.0279 0.0543 0.0451 0.0387 0.0424 0.0396 0.0166
57.000 48.000 23 0.0198 0.0525 0.2038 0.0365 0.1924 0.0701 0.0588 0.1061 0.0411 0.0229 0.0053 0.0458 0.0708 0.0516 0.0335 0.0045 0.1637 0.0113 0.0504 0.086 0.0292 0.038 0.0568 0.0564 0.0288 0.0799 0.113 0.1568 0.0429 0.0161 0.0168 0.0399 0.0505 0.0049 0.0093 0.0675 0.0519 0.0652 0.0097 0.0294 0.0893 0.0445 0.0574 0.0682 0.0361 0.0345 0.1786 0.0196 0.1482 0.1711 0.0107 0.0085 0.0 0.0481 0.0508 0.0222 0.044 0.0368 0.0382 0.0408 0.048 0.0219 0.0786 0.0311 0.0479 0.0533 0.1084 0.0913 0.0312 0.0687 0.1483 0.0243 0.0158 0.0782 0.0452 0.0595 0.1546 0.0622 0.0871 0.0595 0.0166 0.0217 0.1439 0.1868 0.0884 0.0387 0.0663 0.0969 0.023 0.0411 0.1268 0.1529 0.0051 0.0323 0.0733 0.0424 0.0541 0.0475 0.0414 0.0448 0.0417 0.0198
15.000 47.000 16 0.0277 0.0762 0.0916 0.0298 0.1341 0.0084 0.0037 0.0169 0.0661 0.0429 0.0661 0.1 0.0557 0.0632 0.0511 0.0394 0.1353 0.0744 0.0515 0.0141 0.0364 0.048 0.1082 0.074 0.0219 0.0079 0.0653 0.0708 0.0445 0.0227 0.026 0.0489 0.0738 0.0586 0.0726 0.0875 0.0894 0.015 0.0354 0.0352 0.0901 0.0428 0.0724 0.0211 0.1041 0.0858 0.1382 0.0783 0.0764 0.0766 0.0289 0.0342 0.0481 0.0 0.027 0.0308 0.0843 0.0584 0.0565 0.064 0.0921 0.0304 0.0553 0.0451 0.0092 0.0063 0.0798 0.0351 0.0622 0.1071 0.1904 0.0696 0.0838 0.0107 0.0776 0.0469 0.0749 0.0816 0.0932 0.0097 0.0638 0.0203 0.1745 0.0928 0.0667 0.0543 0.0428 0.0415 0.0244 0.0389 0.0649 0.0705 0.0624 0.0468 0.037 0.0216 0.0658 0.105 0.067 0.0816 0.0665 0.0277
14.000 37.000 11 0.0424 0.0404 0.0936 0.0494 0.1164 0.0241 0.0218 0.0323 0.0494 0.0623 0.0676 0.0626 0.049 0.0566 0.0478 0.0473 0.1391 0.0836 0.0849 0.0475 0.0592 0.0495 0.0687 0.0555 0.0278 0.0304 0.0705 0.0748 0.0649 0.036 0.0426 0.0606 0.1082 0.0608 0.0671 0.076 0.0631 0.0159 0.0439 0.0503 0.1268 0.0516 0.0481 0.0598 0.1109 0.0932 0.1159 0.0907 0.0795 0.0785 0.0417 0.0455 0.0508 0.027 0.0 0.0366 0.0555 0.0503 0.045 0.0537 0.0615 0.0413 0.0572 0.0435 0.0447 0.0122 0.0694 0.0325 0.0724 0.1373 0.2117 0.0899 0.0939 0.0237 0.0555 0.0571 0.0772 0.0645 0.0702 0.0185 0.074 0.0353 0.2113 0.0887 0.0627 0.0248 0.0888 0.0619 0.0373 0.052 0.07 0.0738 0.0593 0.069 0.0235 0.0513 0.11 0.0656 0.0516 0.0563 0.0478 0.0424
